# transform file /out/sourcedata/freesurfer/sub-v2s2x29075_ses-1/mri/transforms/cc_up.lta
# created by oesteban on Thu Mar 12 23:43:47 2026

type      = 0 # LINEAR_VOX_TO_VOX
nxforms   = 1
mean      = 131.0000 139.0000 123.0000
sigma     = 10000.0000
1 4 4
9.957411885261536e-01 3.130777180194855e-02 -8.671300113201141e-02 3.458338499069214e+00 
-3.118973039090633e-02 9.995096921920776e-01 2.716122660785913e-03 1.284267807006836e+01 
8.675552904605865e-02 -2.328306158982940e-10 9.962295889854431e-01 -9.728746414184570e-01 
0.000000000000000e+00 0.000000000000000e+00 0.000000000000000e+00 1.000000000000000e+00 
src volume info
valid = 1  # volume info valid
filename = /out/sourcedata/freesurfer/sub-v2s2x29075_ses-1/mri/norm.mgz
volume = 256 256 256
voxelsize = 8.984374403953552e-01 8.984374403953552e-01 8.984374403953552e-01
xras   = -1.000000000000000e+00 0.000000000000000e+00 0.000000000000000e+00
yras   = 0.000000000000000e+00 0.000000000000000e+00 -1.000000119209290e+00
zras   = 0.000000000000000e+00 1.000000000000000e+00 0.000000000000000e+00
cras   = 8.433311462402344e+00 -2.783164215087891e+01 7.473457336425781e+00
dst volume info
valid = 1  # volume info valid
filename = /out/sourcedata/freesurfer/sub-v2s2x29075_ses-1/mri/norm.mgz
volume = 256 256 256
voxelsize = 8.984374403953552e-01 8.984374403953552e-01 8.984374403953552e-01
xras   = -1.000000000000000e+00 0.000000000000000e+00 0.000000000000000e+00
yras   = 0.000000000000000e+00 0.000000000000000e+00 -1.000000119209290e+00
zras   = 0.000000000000000e+00 1.000000000000000e+00 0.000000000000000e+00
cras   = 8.433311462402344e+00 -2.783164215087891e+01 7.473457336425781e+00
