# transform file /out/sourcedata/freesurfer/sub-v2s2x29057_ses-1/mri/transforms/cc_up.lta
# created by oesteban on Thu Mar 12 18:18:04 2026

type      = 0 # LINEAR_VOX_TO_VOX
nxforms   = 1
mean      = 128.0000 129.0000 127.0000
sigma     = 10000.0000
1 4 4
9.958333373069763e-01 -8.901326358318329e-02 1.981868967413902e-02 1.058216762542725e+01 
8.899564296007156e-02 9.960305094718933e-01 1.771157025359571e-03 1.099478340148926e+01 
-1.989767514169216e-02 0.000000000000000e+00 9.998021125793457e-01 1.053086566925049e+01 
0.000000000000000e+00 0.000000000000000e+00 0.000000000000000e+00 1.000000000000000e+00 
src volume info
valid = 1  # volume info valid
filename = /out/sourcedata/freesurfer/sub-v2s2x29057_ses-1/mri/norm.mgz
volume = 256 256 256
voxelsize = 8.984375000000000e-01 8.984375000000000e-01 8.984375000000000e-01
xras   = -9.999999403953552e-01 0.000000000000000e+00 0.000000000000000e+00
yras   = 0.000000000000000e+00 0.000000000000000e+00 -9.999999403953552e-01
zras   = 0.000000000000000e+00 1.000000000000000e+00 0.000000000000000e+00
cras   = 3.125503540039062e+00 -2.329490661621094e+01 4.176719665527344e+00
dst volume info
valid = 1  # volume info valid
filename = /out/sourcedata/freesurfer/sub-v2s2x29057_ses-1/mri/norm.mgz
volume = 256 256 256
voxelsize = 8.984375000000000e-01 8.984375000000000e-01 8.984375000000000e-01
xras   = -9.999999403953552e-01 0.000000000000000e+00 0.000000000000000e+00
yras   = 0.000000000000000e+00 0.000000000000000e+00 -9.999999403953552e-01
zras   = 0.000000000000000e+00 1.000000000000000e+00 0.000000000000000e+00
cras   = 3.125503540039062e+00 -2.329490661621094e+01 4.176719665527344e+00
