# transform file transforms/talairach.lta
# created by oesteban on Thu Mar 12 16:52:25 2026

type      = 0 # LINEAR_VOX_TO_VOX
nxforms   = 1
mean      = 128.0000 129.0000 127.0000
sigma     = 10000.0000
1 4 4
9.434756040573120e-01 -8.072152733802795e-02 2.877843566238880e-02 1.246959781646729e+01 
6.875661760568619e-02 1.086919665336609e+00 1.086310110986233e-02 -2.479467010498047e+01 
-3.173623234033585e-02 -1.080292835831642e-02 8.810502290725708e-01 3.434845447540283e+00 
0.000000000000000e+00 0.000000000000000e+00 0.000000000000000e+00 1.000000000000000e+00 
src volume info
valid = 1  # volume info valid
filename = nu.mgz
volume = 256 256 256
voxelsize = 8.984375000000000e-01 8.984375000000000e-01 8.984375000000000e-01
xras   = -9.999999403953552e-01 0.000000000000000e+00 0.000000000000000e+00
yras   = 0.000000000000000e+00 0.000000000000000e+00 -9.999999403953552e-01
zras   = 0.000000000000000e+00 1.000000000000000e+00 0.000000000000000e+00
cras   = 3.125503540039062e+00 -2.329490661621094e+01 4.176719665527344e+00
dst volume info
valid = 1  # volume info valid
filename = /opt/freesurfer/average/RB_all_2020-01-02.gca
volume = 256 256 256
voxelsize = 1.000000000000000e+00 1.000000000000000e+00 1.000000000000000e+00
xras   = -1.000000000000000e+00 0.000000000000000e+00 0.000000000000000e+00
yras   = 0.000000000000000e+00 0.000000000000000e+00 -1.000000000000000e+00
zras   = 0.000000000000000e+00 1.000000000000000e+00 0.000000000000000e+00
cras   = 0.000000000000000e+00 0.000000000000000e+00 0.000000000000000e+00
