# transform file /out/sourcedata/freesurfer/sub-v2s2x29094_ses-1/mri/transforms/cc_up.lta
# created by oesteban on Fri Mar 13 00:49:41 2026

type      = 0 # LINEAR_VOX_TO_VOX
nxforms   = 1
mean      = 132.0000 135.0000 122.0000
sigma     = 10000.0000
1 4 4
9.998758435249329e-01 -8.415884338319302e-03 -1.333041302859783e-02 -2.394364356994629e+00 
8.415136486291885e-03 9.999646544456482e-01 -1.121911773225293e-04 1.090688705444336e+01 
1.333088520914316e-02 7.275958481545164e-12 9.999112486839294e-01 5.251078128814697e+00 
0.000000000000000e+00 0.000000000000000e+00 0.000000000000000e+00 1.000000000000000e+00 
src volume info
valid = 1  # volume info valid
filename = /out/sourcedata/freesurfer/sub-v2s2x29094_ses-1/mri/norm.mgz
volume = 256 256 256
voxelsize = 8.984374403953552e-01 8.984374403953552e-01 8.984374403953552e-01
xras   = -1.000000000000000e+00 0.000000000000000e+00 0.000000000000000e+00
yras   = 0.000000000000000e+00 0.000000000000000e+00 -1.000000119209290e+00
zras   = 0.000000000000000e+00 1.000000119209290e+00 0.000000000000000e+00
cras   = 5.581680297851562e+00 -2.101515197753906e+01 1.103868865966797e+01
dst volume info
valid = 1  # volume info valid
filename = /out/sourcedata/freesurfer/sub-v2s2x29094_ses-1/mri/norm.mgz
volume = 256 256 256
voxelsize = 8.984374403953552e-01 8.984374403953552e-01 8.984374403953552e-01
xras   = -1.000000000000000e+00 0.000000000000000e+00 0.000000000000000e+00
yras   = 0.000000000000000e+00 0.000000000000000e+00 -1.000000119209290e+00
zras   = 0.000000000000000e+00 1.000000119209290e+00 0.000000000000000e+00
cras   = 5.581680297851562e+00 -2.101515197753906e+01 1.103868865966797e+01
