# transform file /out/sourcedata/freesurfer/sub-v2s2x29091_ses-1/mri/transforms/cc_up.lta
# created by oesteban on Fri Mar 13 00:46:50 2026

type      = 0 # LINEAR_VOX_TO_VOX
nxforms   = 1
mean      = 128.0000 134.0000 124.0000
sigma     = 10000.0000
1 4 4
9.957075119018555e-01 -8.295331895351410e-02 4.105445742607117e-02 7.155380249023438e+00 
8.288289606571198e-02 9.965534806251526e-01 3.417381551116705e-03 4.550056457519531e+00 
-4.119644314050674e-02 2.328306714094452e-10 9.991511106491089e-01 1.128399467468262e+01 
0.000000000000000e+00 0.000000000000000e+00 0.000000000000000e+00 1.000000000000000e+00 
src volume info
valid = 1  # volume info valid
filename = /out/sourcedata/freesurfer/sub-v2s2x29091_ses-1/mri/norm.mgz
volume = 256 256 256
voxelsize = 8.984375000000000e-01 8.984375000000000e-01 8.984375000000000e-01
xras   = -1.000000000000000e+00 0.000000000000000e+00 0.000000000000000e+00
yras   = 0.000000000000000e+00 0.000000000000000e+00 -9.999999403953552e-01
zras   = 0.000000000000000e+00 9.999999403953552e-01 0.000000000000000e+00
cras   = -3.575325012207031e+00 -1.356806945800781e+01 1.410504150390625e+01
dst volume info
valid = 1  # volume info valid
filename = /out/sourcedata/freesurfer/sub-v2s2x29091_ses-1/mri/norm.mgz
volume = 256 256 256
voxelsize = 8.984375000000000e-01 8.984375000000000e-01 8.984375000000000e-01
xras   = -1.000000000000000e+00 0.000000000000000e+00 0.000000000000000e+00
yras   = 0.000000000000000e+00 0.000000000000000e+00 -9.999999403953552e-01
zras   = 0.000000000000000e+00 9.999999403953552e-01 0.000000000000000e+00
cras   = -3.575325012207031e+00 -1.356806945800781e+01 1.410504150390625e+01
