#Insight Transform File V1.0
#Transform 0
Transform: AffineTransform_float_3_3
Parameters: 0.999998 -0.00164462 0.000953939 0.00164338 0.999999 0.000646569 -0.000955063 -0.000645431 1 0.0608557 -0.0301515 0.0119685
FixedParameters: 0 0 0

#Transform 1
Transform: AffineTransform_float_3_3
Parameters: 0.999999 -0.0016445 0.000764938 0.00164351 0.999999 0.000646258 -0.000766061 -0.000644741 0.999999 0.0820471 -0.0645909 0.0194501
FixedParameters: 0 0 0

#Transform 2
Transform: AffineTransform_float_3_3
Parameters: 0.999999 -0.00164453 0.000814939 0.00164347 0.999999 0.000646341 -0.000816061 -0.00064466 1 0.0799143 -0.0268808 -0.00449839
FixedParameters: 0 0 0

#Transform 3
Transform: AffineTransform_float_3_3
Parameters: 0.999998 -0.00174034 0.000788259 0.00173967 0.999999 0.000426372 -0.00078874 -0.000424628 0.999999 0.0907977 -0.061236 0.00796232
FixedParameters: 0 0 0

#Transform 4
Transform: AffineTransform_float_3_3
Parameters: 0.999999 -0.00164417 0.000720614 0.00164383 0.999998 0.000235185 -0.000721387 -0.000234814 0.999999 0.0826093 -0.0477608 -0.0111088
FixedParameters: 0 0 0

#Transform 5
Transform: AffineTransform_float_3_3
Parameters: 0.999999 -0.00164426 0.000633324 0.00164374 0.999998 0.000412041 -0.000633677 -0.000410958 0.999999 0.083988 -0.0850007 -0.00170044
FixedParameters: 0 0 0

#Transform 6
Transform: AffineTransform_float_3_3
Parameters: 0.999999 -0.00130914 0.000537658 0.00130986 0.999999 0.000261704 -0.000538343 -0.000261295 1 0.0768681 -0.0585999 -0.00220583
FixedParameters: 0 0 0

#Transform 7
Transform: AffineTransform_float_3_3
Parameters: 0.999999 -0.00138534 0.000528106 0.00138466 0.999999 0.000645732 -0.000528894 -0.000645268 0.999999 0.0701323 -0.115705 0.00944256
FixedParameters: 0 0 0

#Transform 8
Transform: AffineTransform_float_3_3
Parameters: 1 -0.00104801 0.000563983 0.00104799 1 1.65911e-05 -0.000564018 -1.64089e-05 1 0.0590935 -0.0901223 -0.00523907
FixedParameters: 0 0 0

#Transform 9
Transform: AffineTransform_float_3_3
Parameters: 1 -0.00104824 0.000580559 0.00104776 1 0.000420609 -0.00058144 -0.000419391 0.999999 0.0485901 -0.0364683 0.00769865
FixedParameters: 0 0 0

#Transform 10
Transform: AffineTransform_float_3_3
Parameters: 0.999999 -0.000942999 -9.61859e-08 0.000942999 0.999999 0.000102 -9.61859e-08 -0.000102 1 0.0365684 -0.0664309 -0.040765
FixedParameters: 0 0 0

#Transform 11
Transform: AffineTransform_float_3_3
Parameters: 1 -0.00034807 0.000178863 0.00034793 1 0.000393062 -0.000179137 -0.000392938 1 0.0249794 -0.0705279 0.0165754
FixedParameters: 0 0 0

#Transform 12
Transform: AffineTransform_float_3_3
Parameters: 1 -0.000138 -2.8152e-08 0.000138 1 0.000204 -2.8152e-08 -0.000204 1 0.0126269 -0.08474 0.00398673
FixedParameters: 0 0 0

#Transform 13
Transform: AffineTransform_float_3_3
Parameters: 1 -0.000281 -1.68881e-07 0.000281 1 0.000601 -1.68881e-07 -0.000601 1 0.0152301 -0.0432636 0.0201621
FixedParameters: 0 0 0

#Transform 14
Transform: AffineTransform_float_3_3
Parameters: 1 -0.000217 -2.3002e-08 0.000217 1 0.000106 -2.3002e-08 -0.000106 1 0.0115862 -0.0291091 5.77497e-05
FixedParameters: 0 0 0

#Transform 15
Transform: AffineTransform_float_3_3
Parameters: 1 -0.000217054 8.98695e-05 0.000216946 1 0.000601019 -9.01304e-05 -0.00060098 1 0.0128004 -0.0843563 0.0201819
FixedParameters: 0 0 0

#Transform 16
Transform: AffineTransform_float_3_3
Parameters: 1 -0.000217 2.7342e-08 0.000217 1 -0.000126 2.7342e-08 0.000126 1 0.0178862 0.0355415 0.00317661
FixedParameters: 0 0 0

#Transform 17
Transform: AffineTransform_float_3_3
Parameters: 1 -0.000217 -8.4413e-08 0.000217 1 0.000389 -8.4413e-08 -0.000389 1 0.0141233 -0.061893 0.0388969
FixedParameters: 0 0 0

#Transform 18
Transform: AffineTransform_float_3_3
Parameters: 1 -0.000217 -4.8174e-08 0.000217 1 0.000222 -4.8174e-08 -0.000222 1 0.0141195 -0.0858567 0.0278495
FixedParameters: 0 0 0

#Transform 19
Transform: AffineTransform_float_3_3
Parameters: 1 -0.000217 -1.01773e-07 0.000217 1 0.000469 -1.01773e-07 -0.000469 1 0.0168652 -0.0155013 0.0426399
FixedParameters: 0 0 0

#Transform 20
Transform: AffineTransform_float_3_3
Parameters: 1 3.1e-05 5.084e-09 -3.1e-05 1 0.000164 5.084e-09 -0.000164 1 -0.00235268 -0.00876288 0.00559448
FixedParameters: 0 0 0

#Transform 21
Transform: AffineTransform_float_3_3
Parameters: 1 -0.000217 -1.05028e-07 0.000217 1 0.000484 -1.05028e-07 -0.000484 1 0.0141081 -0.0331214 0.0159613
FixedParameters: 0 0 0

#Transform 22
Transform: AffineTransform_float_3_3
Parameters: 1 6.5e-05 4.004e-08 -6.5e-05 1 0.000616 4.004e-08 -0.000616 1 0.000290658 -0.0490704 0.030256
FixedParameters: 0 0 0

#Transform 23
Transform: AffineTransform_float_3_3
Parameters: 1 -0.000216929 -0.000336046 0.000217071 1 0.000209927 0.000335954 -0.000210073 1 0.0191052 -0.029036 0.0173741
FixedParameters: 0 0 0

#Transform 24
Transform: AffineTransform_float_3_3
Parameters: 1 -4.30196e-05 5.69852e-05 4.29804e-05 1 0.000344002 -5.70148e-05 -0.000343998 1 0.0101757 -0.027238 0.0490925
FixedParameters: 0 0 0

#Transform 25
Transform: AffineTransform_float_3_3
Parameters: 1 -0.000217 -5.208e-08 0.000217 1 0.00024 -5.208e-08 -0.00024 1 0.0141073 -0.0295236 0.0151455
FixedParameters: 0 0 0

#Transform 26
Transform: AffineTransform_float_3_3
Parameters: 1 -0.000217 -3.8843e-08 0.000217 1 0.000179 -3.8843e-08 -0.000179 1 0.0141071 -0.0286034 0.0229698
FixedParameters: 0 0 0

#Transform 27
Transform: AffineTransform_float_3_3
Parameters: 1 -0.000217024 8.39381e-05 0.000216976 1 0.000285018 -8.40618e-05 -0.000284982 1 0.0292809 -0.0301877 0.0108064
FixedParameters: 0 0 0

#Transform 28
Transform: AffineTransform_float_3_3
Parameters: 1 -0.000217003 6.99898e-05 0.000216997 1 4.70152e-05 -7.00102e-05 -4.69848e-05 1 0.0294901 -0.0266303 -0.00970856
FixedParameters: 0 0 0

#Transform 29
Transform: AffineTransform_float_3_3
Parameters: 1 -0.000217 -1.33672e-07 0.000217 1 0.000616 -1.33672e-07 -0.000616 1 0.0305575 -0.0489396 0.0393529
FixedParameters: 0 0 0

#Transform 30
Transform: AffineTransform_float_3_3
Parameters: 1 -0.000217 4.8391e-08 0.000217 1 -0.000223 4.8391e-08 0.000223 1 0.0305438 -0.0226792 -0.0170516
FixedParameters: 0 0 0

#Transform 31
Transform: AffineTransform_float_3_3
Parameters: 1 1.7e-05 9.724e-09 -1.7e-05 1 0.000572 9.724e-09 -0.000572 1 0.0168482 -0.0571528 0.0231166
FixedParameters: 0 0 0

#Transform 32
Transform: AffineTransform_float_3_3
Parameters: 1 0.000209 1.3794e-08 -0.000209 1 6.6e-05 1.3794e-08 -6.6e-05 1 0.0208338 -0.0584555 -0.0104289
FixedParameters: 0 0 0

#Transform 33
Transform: AffineTransform_float_3_3
Parameters: 1 0.000209 7.4822e-08 -0.000209 1 0.000358 7.4822e-08 -0.000358 1 0.022931 -0.0621732 0.0330547
FixedParameters: 0 0 0

#Transform 34
Transform: AffineTransform_float_3_3
Parameters: 1 0.000115 3.8525e-08 -0.000115 1 0.000335 3.8525e-08 -0.000335 1 0.0204149 0.0132406 0.0325694
FixedParameters: 0 0 0

#Transform 35
Transform: AffineTransform_float_3_3
Parameters: 1 0.000209 1.5466e-07 -0.000209 0.999999 0.00074 1.5466e-07 -0.00074 0.999999 -0.0124737 -0.0846344 0.0398531
FixedParameters: 0 0 0

#Transform 36
Transform: AffineTransform_float_3_3
Parameters: 1 0.000209 1.19966e-07 -0.000209 1 0.000574 1.19966e-07 -0.000574 1 0.000375687 -0.030215 0.0313435
FixedParameters: 0 0 0

#Transform 37
Transform: AffineTransform_float_3_3
Parameters: 1 0.000209016 -5.79429e-05 -0.000208984 1 0.000273012 5.8057e-05 -0.000272988 1 -2.24888e-05 -0.0805535 0.00565465
FixedParameters: 0 0 0

#Transform 38
Transform: AffineTransform_float_3_3
Parameters: 1 0.000209 3.5948e-08 -0.000209 1 0.000172 3.5948e-08 -0.000172 1 -0.00395125 -0.0394852 0.0173177
FixedParameters: 0 0 0

#Transform 39
Transform: AffineTransform_float_3_3
Parameters: 1 0.000305 1.76595e-07 -0.000305 1 0.000579 1.76595e-07 -0.000579 1 0.00264221 -0.0236876 0.0363074
FixedParameters: 0 0 0

#Transform 40
Transform: AffineTransform_float_3_3
Parameters: 1 0.000209 1.59676e-07 -0.000209 0.999999 0.000764 1.59676e-07 -0.000764 0.999999 0.00789626 -0.0992443 0.0264979
FixedParameters: 0 0 0

#Transform 41
Transform: AffineTransform_float_3_3
Parameters: 1 0.000209 1.00111e-07 -0.000209 1 0.000479 1.00111e-07 -0.000479 1 0.00771355 -0.0548045 0.019062
FixedParameters: 0 0 0

#Transform 42
Transform: AffineTransform_float_3_3
Parameters: 1 0.000209 1.68872e-07 -0.000209 0.999999 0.000807999 1.68872e-07 -0.000807999 0.999999 0.0112935 -0.0596174 0.0519451
FixedParameters: 0 0 0

#Transform 43
Transform: AffineTransform_float_3_3
Parameters: 1 0.000209 1.19548e-07 -0.000209 1 0.000572 1.19548e-07 -0.000572 1 0.0229286 -0.0162984 0.0209193
FixedParameters: 0 0 0

#Transform 44
Transform: AffineTransform_float_3_3
Parameters: 1 0.000209 7.1269e-08 -0.000209 1 0.000341 7.1269e-08 -0.000341 1 0.0104027 -0.058957 0.0286026
FixedParameters: 0 0 0

#Transform 45
Transform: AffineTransform_float_3_3
Parameters: 1 0.000209 2.02939e-07 -0.000209 0.999999 0.000970999 2.02939e-07 -0.000970999 0.999999 0.0083849 -0.0530985 0.0460994
FixedParameters: 0 0 0

#Transform 46
Transform: AffineTransform_float_3_3
Parameters: 1 0.000209 1.27908e-07 -0.000209 1 0.000612 1.27908e-07 -0.000612 1 0.0137885 -0.0787187 0.0182265
FixedParameters: 0 0 0

#Transform 47
Transform: AffineTransform_float_3_3
Parameters: 1 9e-06 4.437e-09 -9e-06 1 0.000493 4.437e-09 -0.000493 1 0.0265309 -0.00986583 0.0194911
FixedParameters: 0 0 0

#Transform 48
Transform: AffineTransform_float_3_3
Parameters: 1 -0.000226048 6.18241e-05 0.000225952 0.999999 0.000778013 -6.21758e-05 -0.000777985 0.999999 0.0298258 -0.0760516 0.0347075
FixedParameters: 0 0 0

#Transform 49
Transform: AffineTransform_float_3_3
Parameters: 1 -0.000237 -4.0764e-08 0.000237 1 0.000172 -4.0764e-08 -0.000172 1 0.0308911 -0.0590021 -0.00874892
FixedParameters: 0 0 0

#Transform 50
Transform: AffineTransform_float_3_3
Parameters: 1 -0.000237 -1.22292e-07 0.000237 1 0.000516 -1.22292e-07 -0.000516 1 0.0247231 -0.0593135 0.0268404
FixedParameters: 0 0 0

#Transform 51
Transform: AffineTransform_float_3_3
Parameters: 1 -0.000237 -1.10916e-07 0.000237 1 0.000468 -1.10916e-07 -0.000468 1 0.0308871 -0.0421102 0.0125932
FixedParameters: 0 0 0

#Transform 52
Transform: AffineTransform_float_3_3
Parameters: 1 -5e-05 -9.15e-09 5e-05 1 0.000183 -9.15e-09 -0.000183 1 0.0275259 -0.0675995 0.0174015
FixedParameters: 0 0 0

#Transform 53
Transform: AffineTransform_float_3_3
Parameters: 1 -0.000141 -1.09698e-07 0.000141 0.999999 0.000778 -1.09698e-07 -0.000778 0.999999 0.0291793 -0.0694485 0.0517346
FixedParameters: 0 0 0

#Transform 54
Transform: AffineTransform_float_3_3
Parameters: 1 -0.000237135 0.000278885 0.000236865 1 0.000483066 -0.000279114 -0.000482934 1 0.0267546 -0.0407112 0.0167601
FixedParameters: 0 0 0

#Transform 55
Transform: AffineTransform_float_3_3
Parameters: 1 8e-05 3.472e-08 -8e-05 1 0.000434 3.472e-08 -0.000434 1 0.0230748 -0.054449 0.0277984
FixedParameters: 0 0 0

#Transform 56
Transform: AffineTransform_float_3_3
Parameters: 1 -0.000185 -1.5614e-07 0.000185 0.999999 0.000843999 -1.5614e-07 -0.000843999 0.999999 0.0299741 -0.0902324 0.035125
FixedParameters: 0 0 0

#Transform 57
Transform: AffineTransform_float_3_3
Parameters: 1 -0.000237 -2.7966e-08 0.000237 1 0.000118 -2.7966e-08 -0.000118 1 0.0309028 -0.108337 0.00163677
FixedParameters: 0 0 0

#Transform 58
Transform: AffineTransform_float_3_3
Parameters: 1 2.8e-05 1.26e-08 -2.8e-05 1 0.00045 1.26e-08 -0.00045 1 0.0261649 -0.0352454 0.0410294
FixedParameters: 0 0 0

#Transform 59
Transform: AffineTransform_float_3_3
Parameters: 1 -0.000237 -2.0856e-07 0.000237 0.999999 0.000879999 -2.0856e-07 -0.000879999 0.999999 0.0264771 -0.0969651 0.0487402
FixedParameters: 0 0 0

#Transform 60
Transform: AffineTransform_float_3_3
Parameters: 1 1.09487e-05 0.000165003 -1.10513e-05 1 0.000310998 -0.000164997 -0.000311002 1 0.024017 -0.0843415 0.0300736
FixedParameters: 0 0 0

#Transform 61
Transform: AffineTransform_float_3_3
Parameters: 1 -0.000237 -1.84386e-07 0.000237 0.999999 0.000777999 -1.84386e-07 -0.000777999 0.999999 0.0308931 -0.0677809 0.0620293
FixedParameters: 0 0 0

#Transform 62
Transform: AffineTransform_float_3_3
Parameters: 1 0.000145058 -8.18967e-05 -0.000144942 0.999999 0.000712012 8.21032e-05 -0.000711988 0.999999 0.0134593 -0.0767059 0.0577863
FixedParameters: 0 0 0

#Transform 63
Transform: AffineTransform_float_3_3
Parameters: 1 -0.000237 -1.09494e-07 0.000237 1 0.000462 -1.09494e-07 -0.000462 1 0.0308913 -0.0600416 0.0311966
FixedParameters: 0 0 0

#Transform 64
Transform: AffineTransform_float_3_3
Parameters: 1 0.000198 1.54044e-07 -0.000198 0.999999 0.000777999 1.54044e-07 -0.000777999 0.999999 0.011081 -0.0361959 0.0615598
FixedParameters: 0 0 0

#Transform 65
Transform: AffineTransform_float_3_3
Parameters: 1 -0.000237 -2.0856e-07 0.000237 0.999999 0.000879999 -2.0856e-07 -0.000879999 0.999999 0.0308801 -0.0379161 0.0486372
FixedParameters: 0 0 0

#Transform 66
Transform: AffineTransform_float_3_3
Parameters: 1 0.000195107 -0.000179884 -0.000194893 1 0.000594035 0.000180116 -0.000593965 1 0.0166208 -0.0335221 0.0295648
FixedParameters: 0 0 0

#Transform 67
Transform: AffineTransform_float_3_3
Parameters: 1 -5.19051e-05 -0.00012204 5.20957e-05 0.999999 0.000777993 0.000122959 -0.000778006 0.999999 0.0250443 -0.0363125 0.0635103
FixedParameters: 0 0 0

#Transform 68
Transform: AffineTransform_float_3_3
Parameters: 1 0.000249043 -5.58062e-05 -0.000248956 0.999999 0.000778013 5.61937e-05 -0.000777986 0.999999 -0.00105467 -0.0362084 0.0635965
FixedParameters: 0 0 0

#Transform 69
Transform: AffineTransform_float_3_3
Parameters: 1 0.000224 1.74272e-07 -0.000224 0.999999 0.000777999 1.74272e-07 -0.000777999 0.999999 0.00839525 -0.0361619 0.0592567
FixedParameters: 0 0 0

#Transform 70
Transform: AffineTransform_float_3_3
Parameters: 1 0.000101942 6.00979e-05 -0.000102058 0.999999 0.000959993 -5.9902e-05 -0.000960005 0.999999 0.0171446 -0.0469447 0.0768482
FixedParameters: 0 0 0

#Transform 71
Transform: AffineTransform_float_3_3
Parameters: 1 4.6e-05 3.5788e-08 -4.6e-05 0.999999 0.000778 3.5788e-08 -0.000778 0.999999 0.0170794 -0.0558048 0.046862
FixedParameters: 0 0 0

#Transform 72
Transform: AffineTransform_float_3_3
Parameters: 1 0.000108 8.40239e-08 -0.000108 0.999999 0.000778 8.40239e-08 -0.000778 0.999999 0.0133313 -0.0258206 0.0574907
FixedParameters: 0 0 0

#Transform 73
Transform: AffineTransform_float_3_3
Parameters: 1 9.99999e-06 7.78e-09 -9.99999e-06 0.999999 0.000778 7.78e-09 -0.000778 0.999999 0.0264144 -0.0533908 0.0629891
FixedParameters: 0 0 0

#Transform 74
Transform: AffineTransform_float_3_3
Parameters: 1 0.000318 1.3197e-07 -0.000318 1 0.000415 1.3197e-07 -0.000415 1 0.0121578 -0.0697294 0.0308886
FixedParameters: 0 0 0

#Transform 75
Transform: AffineTransform_float_3_3
Parameters: 1 0.000318 2.2578e-07 -0.000318 0.999999 0.00071 2.2578e-07 -0.00071 0.999999 0.00866254 -0.0234726 0.0623938
FixedParameters: 0 0 0

#Transform 76
Transform: AffineTransform_float_3_3
Parameters: 1 0.000318 1.46916e-07 -0.000318 1 0.000462 1.46916e-07 -0.000462 1 0.00964979 -0.0510053 0.0243344
FixedParameters: 0 0 0

#Transform 77
Transform: AffineTransform_float_3_3
Parameters: 1 0.000318084 -0.000107753 -0.000317917 0.999999 0.000778034 0.000107247 -0.000777965 0.999999 0.0092037 -0.0821602 0.0468008
FixedParameters: 0 0 0

#Transform 78
Transform: AffineTransform_float_3_3
Parameters: 1 0.000318 2.86836e-07 -0.000318 0.999999 0.000901999 2.86836e-07 -0.000901999 0.999999 0.0055612 -0.0748679 0.0491878
FixedParameters: 0 0 0

#Transform 79
Transform: AffineTransform_float_3_3
Parameters: 1 0.000318 1.6536e-07 -0.000318 1 0.00052 1.6536e-07 -0.00052 1 0.0209053 -0.0524866 0.0311585
FixedParameters: 0 0 0

#Transform 80
Transform: AffineTransform_float_3_3
Parameters: 1 0.000318 2.47404e-07 -0.000318 0.999999 0.000777999 2.47404e-07 -0.000777999 0.999999 -0.00755625 -0.104587 0.066859
FixedParameters: 0 0 0

#Transform 81
Transform: AffineTransform_float_3_3
Parameters: 1 0.000317965 5.61978e-05 -0.000318035 1 0.000621982 -5.68022e-05 -0.000622018 1 0.00244905 -0.0664013 0.0440254
FixedParameters: 0 0 0

#Transform 82
Transform: AffineTransform_float_3_3
Parameters: 1 0.000318 1.50096e-07 -0.000318 1 0.000472 1.50096e-07 -0.000472 1 0.0208846 -0.0767571 0.0314562
FixedParameters: 0 0 0

#Transform 83
Transform: AffineTransform_float_3_3
Parameters: 1 0.000318 2.2896e-07 -0.000318 0.999999 0.00072 2.2896e-07 -0.00072 0.999999 0.00415267 -0.0859629 0.0741611
FixedParameters: 0 0 0

#Transform 84
Transform: AffineTransform_float_3_3
Parameters: 1 0.000318 1.88574e-07 -0.000318 1 0.000593 1.88574e-07 -0.000593 1 0.0102447 -0.0576954 0.0320285
FixedParameters: 0 0 0

#Transform 85
Transform: AffineTransform_float_3_3
Parameters: 1 0.00022 1.3552e-07 -0.00022 1 0.000616 1.3552e-07 -0.000616 1 0.0131361 -0.0760526 0.0419756
FixedParameters: 0 0 0

#Transform 86
Transform: AffineTransform_float_3_3
Parameters: 1 0.000318 2.47404e-07 -0.000318 0.999999 0.000777999 2.47404e-07 -0.000777999 0.999999 0.00311056 -0.0548704 0.0671043
FixedParameters: 0 0 0

#Transform 87
Transform: AffineTransform_float_3_3
Parameters: 1 0.000318 1.65678e-07 -0.000318 1 0.000521 1.65678e-07 -0.000521 1 0.00988794 -0.0851103 0.0513007
FixedParameters: 0 0 0

#Transform 88
Transform: AffineTransform_float_3_3
Parameters: 1 0.000255 9.333e-08 -0.000255 1 0.000366 9.333e-08 -0.000366 1 0.00582692 -0.0392776 0.0597436
FixedParameters: 0 0 0

#Transform 89
Transform: AffineTransform_float_3_3
Parameters: 1 0.000215 2.13925e-07 -0.000215 0.999999 0.000994999 2.13925e-07 -0.000994999 0.999999 0.00694551 -0.0503668 0.0877216
FixedParameters: 0 0 0

#Transform 90
Transform: AffineTransform_float_3_3
Parameters: 1 0.000318 2.45178e-07 -0.000318 0.999999 0.000770999 2.45178e-07 -0.000770999 0.999999 0.0208852 -0.0747266 0.0608275
FixedParameters: 0 0 0

#Transform 91
Transform: AffineTransform_float_3_3
Parameters: 1 0.000318 3.33582e-07 -0.000318 1 0.001049 3.33582e-07 -0.001049 1 0.0209088 -0.00998822 0.0720303
FixedParameters: 0 0 0

#Transform 92
Transform: AffineTransform_float_3_3
Parameters: 1 3.80802e-05 -6.79552e-05 -3.79198e-05 1 0.001179 6.80448e-05 -0.001179 1 0.0242108 -0.0867401 0.0918161
FixedParameters: 0 0 0

#Transform 93
Transform: AffineTransform_float_3_3
Parameters: 1 0.000198808 0.000135282 -0.000199191 0.999999 0.00141797 -0.000134718 -0.00141803 0.999999 0.0210714 -0.0902206 0.0639019
FixedParameters: 0 0 0

#Transform 94
Transform: AffineTransform_float_3_3
Parameters: 1 0.000318 2.14332e-07 -0.000318 0.999999 0.000674 2.14332e-07 -0.000674 1 0.0208897 -0.0608099 0.0493302
FixedParameters: 0 0 0

#Transform 95
Transform: AffineTransform_float_3_3
Parameters: 1 0.000318 3.6888e-07 -0.000318 1 0.00116 3.6888e-07 -0.00116 1 0.0208815 -0.0863963 0.102168
FixedParameters: 0 0 0

#Transform 96
Transform: AffineTransform_float_3_3
Parameters: 1 0.00013 1.43e-07 -0.00013 1 0.0011 1.43e-07 -0.0011 1 0.0220254 -0.0487399 0.05816
FixedParameters: 0 0 0

#Transform 97
Transform: AffineTransform_float_3_3
Parameters: 1 0.000192 1.06944e-07 -0.000192 1 0.000557 1.06944e-07 -0.000557 1 0.0232296 -0.0376416 0.0711873
FixedParameters: 0 0 0

#Transform 98
Transform: AffineTransform_float_3_3
Parameters: 1 0.000119 1.27092e-07 -0.000119 1 0.001068 1.27092e-07 -0.001068 1 0.0244785 -0.0453966 0.0950694
FixedParameters: 0 0 0

#Transform 99
Transform: AffineTransform_float_3_3
Parameters: 1 -2.09327e-05 -6.30224e-05 2.10673e-05 1 0.001068 6.29776e-05 -0.001068 1 0.0280368 -0.0453886 0.072305
FixedParameters: 0 0 0

#Transform 100
Transform: AffineTransform_float_3_3
Parameters: 1 3.7e-05 2.4272e-08 -3.7e-05 1 0.000656 2.4272e-08 -0.000656 1 0.031398 -0.0258326 0.0649141
FixedParameters: 0 0 0

#Transform 101
Transform: AffineTransform_float_3_3
Parameters: 1 0.000113 1.11983e-07 -0.000113 0.999999 0.000990999 1.11983e-07 -0.000990999 0.999999 0.0246793 -0.0465866 0.0908052
FixedParameters: 0 0 0

#Transform 102
Transform: AffineTransform_float_3_3
Parameters: 1 8e-05 8.54401e-08 -8e-05 1 0.001068 8.54401e-08 -0.001068 1 0.0252384 -0.0353837 0.0723717
FixedParameters: 0 0 0

#Transform 103
Transform: AffineTransform_float_3_3
Parameters: 1 0.000204 2.17872e-07 -0.000204 1 0.001068 2.17872e-07 -0.001068 1 0.023038 -0.0813221 0.0546997
FixedParameters: 0 0 0

#Transform 104
Transform: AffineTransform_float_3_3
Parameters: 1 0.000261 2.78748e-07 -0.000261 1 0.001068 2.78748e-07 -0.001068 1 0.0219202 -0.0310689 0.0812221
FixedParameters: 0 0 0

#Transform 105
Transform: AffineTransform_float_3_3
Parameters: 1 0.000201 2.14668e-07 -0.000201 1 0.001068 2.14668e-07 -0.001068 1 0.0165092 -0.0679861 0.0839625
FixedParameters: 0 0 0

#Transform 106
Transform: AffineTransform_float_3_3
Parameters: 1 0.000391941 7.33159e-05 -0.000392059 0.999999 0.000805971 -7.2684e-05 -0.000806028 0.999999 0.00766667 -0.0740179 0.0788595
FixedParameters: 0 0 0

#Transform 107
Transform: AffineTransform_float_3_3
Parameters: 1 0.000383 3.447e-07 -0.000383 0.999999 0.000899999 3.447e-07 -0.000899999 0.999999 0.00503784 -0.0391945 0.0813183
FixedParameters: 0 0 0

#Transform 108
Transform: AffineTransform_float_3_3
Parameters: 1 0.000482863 0.000128516 -0.000483138 1 0.00106794 -0.000128484 -0.00106806 1 -0.00517089 -0.0625781 0.0940534
FixedParameters: 0 0 0

#Transform 109
Transform: AffineTransform_float_3_3
Parameters: 1 0.000483 3.63216e-07 -0.000483 0.999999 0.000751999 3.63216e-07 -0.000751999 0.999999 0.00574926 -0.0529761 0.0616956
FixedParameters: 0 0 0

#Transform 110
Transform: AffineTransform_float_3_3
Parameters: 1 0.000483 5.68974e-07 -0.000483001 0.999999 0.001178 -4.31025e-07 -0.001178 1 -0.00327466 -0.0383274 0.0987678
FixedParameters: 0 0 0

#Transform 111
Transform: AffineTransform_float_3_3
Parameters: 1 0.000483 3.97026e-07 -0.000483 0.999999 0.000821999 3.97026e-07 -0.000821999 0.999999 -0.00106459 -0.0443853 0.0679189
FixedParameters: 0 0 0

#Transform 112
Transform: AffineTransform_float_3_3
Parameters: 1 0.000483092 -9.35261e-05 -0.000482909 1 0.000981045 9.34737e-05 -0.000980955 0.999999 -0.00322545 -0.0828891 0.080497
FixedParameters: 0 0 0

#Transform 113
Transform: AffineTransform_float_3_3
Parameters: 1 0.000483053 -5.35247e-05 -0.000482948 1 0.000984026 5.34752e-05 -0.000983974 0.999999 0.00111679 -0.0551889 0.0804931
FixedParameters: 0 0 0

#Transform 114
Transform: AffineTransform_float_3_3
Parameters: 1 0.000483 3.58869e-07 -0.000483 0.999999 0.000742999 3.58869e-07 -0.000742999 0.999999 -0.000307323 -0.0583318 0.0762791
FixedParameters: 0 0 0

#Transform 115
Transform: AffineTransform_float_3_3
Parameters: 1 0.000483 6.37077e-07 -0.000483001 0.999999 0.001319 -3.62922e-07 -0.001319 0.999999 0.0114263 -0.0860072 0.117596
FixedParameters: 0 0 0

#Transform 116
Transform: AffineTransform_float_3_3
Parameters: 1 0.000483 4.89762e-07 -0.000483 1 0.001014 4.89762e-07 -0.001014 1 0.00637748 -0.0359601 0.0721174
FixedParameters: 0 0 0

#Transform 117
Transform: AffineTransform_float_3_3
Parameters: 1 0.000233628 -0.000441668 -0.000233371 0.999999 0.0014221 0.000442332 -0.0014219 0.999999 0.00806876 -0.0513831 0.0949348
FixedParameters: 0 0 0

#Transform 118
Transform: AffineTransform_float_3_3
Parameters: 0.999999 0.00076286 9.01886e-05 -0.000763139 0.999998 0.00155793 -8.88111e-05 -0.00155807 0.999999 -0.0139417 -0.047059 0.112483
FixedParameters: 0 0 0

#Transform 119
Transform: AffineTransform_float_3_3
Parameters: 1 0.000483023 -1.94315e-05 -0.000482977 0.999999 0.00117701 1.95685e-05 -0.00117699 1 0.00281439 -0.0801911 0.0704167
FixedParameters: 0 0 0

#Transform 120
Transform: AffineTransform_float_3_3
Parameters: 1 0.000483415 -0.000388484 -0.000482585 1 0.00106719 0.000389515 -0.00106681 1 0.00549503 -0.00236261 0.0893763
FixedParameters: 0 0 0

#Transform 121
Transform: AffineTransform_float_3_3
Parameters: 1 0.000483052 -3.63165e-05 -0.000482947 0.999999 0.00141502 3.76834e-05 -0.00141498 0.999999 0.00242945 -0.0608638 0.116461
FixedParameters: 0 0 0

#Transform 122
Transform: AffineTransform_float_3_3
Parameters: 1 0.000665129 -9.40915e-05 -0.000664871 0.999999 0.00136606 9.49083e-05 -0.00136594 0.999999 0.0038603 -0.0827403 0.0787506
FixedParameters: 0 0 0

#Transform 123
Transform: AffineTransform_float_3_3
Parameters: 1 0.000972317 -0.000312016 -0.000972684 0.999999 0.0010123 0.000312985 -0.0010117 1 -0.0152088 -0.0387814 0.0948801
FixedParameters: 0 0 0

#Transform 124
Transform: AffineTransform_float_3_3
Parameters: 0.999999 0.0012355 -0.00031101 -0.0012345 0.999998 0.00161138 0.000312989 -0.00161061 0.999998 -0.0347146 -0.0761838 0.124929
FixedParameters: 0 0 0

#Transform 125
Transform: AffineTransform_float_3_3
Parameters: 1 0.00109719 -0.000530598 -0.00109681 1 0.000366582 0.000530401 -0.000365418 1 -0.0262514 0.00913096 0.0552231
FixedParameters: 0 0 0

#Transform 126
Transform: AffineTransform_float_3_3
Parameters: 1 0.00102262 -0.000456613 -0.00102238 0.999998 0.00135747 0.000458389 -0.00135753 0.999999 -0.0260965 -0.113402 0.117623
FixedParameters: 0 0 0

#Transform 127
Transform: AffineTransform_float_3_3
Parameters: 1 0.00102739 -0.000311732 -0.00102761 0.999998 0.00123432 0.000313269 -0.00123468 0.999999 -0.0282901 -0.116766 0.0915805
FixedParameters: 0 0 0

#Transform 128
Transform: AffineTransform_float_3_3
Parameters: 1 0.00112055 -0.000441617 -0.00111945 0.999998 0.00123449 0.000443383 -0.0012345 0.999999 -0.0280346 -0.0667422 0.0927176
FixedParameters: 0 0 0

#Transform 129
Transform: AffineTransform_float_3_3
Parameters: 0.999999 0.00121949 -0.000311089 -0.00121851 0.999998 0.00156738 0.000312911 -0.00156762 0.999998 -0.0318358 -0.129525 0.116042
FixedParameters: 0 0 0

#Transform 130
Transform: AffineTransform_float_3_3
Parameters: 1 0.000984345 -0.000236576 -0.000983658 0.999999 0.00144723 0.000237425 -0.00144777 0.999999 -0.0125931 -0.0980346 0.065602
FixedParameters: 0 0 0

#Transform 131
Transform: AffineTransform_float_3_3
Parameters: 1 0.000927722 -0.000482617 -0.000926281 0.999999 0.00149145 0.000483382 -0.00149155 0.999999 -0.00737276 -0.034202 0.0817
FixedParameters: 0 0 0

#Transform 132
Transform: AffineTransform_float_3_3
Parameters: 1 0.00105165 -0.000379212 -0.00105035 0.999998 0.0017004 0.000381786 -0.0016996 0.999998 -0.0200425 -0.0565334 0.114099
FixedParameters: 0 0 0

#Transform 133
Transform: AffineTransform_float_3_3
Parameters: 1 0.0011455 -0.000311156 -0.0011445 0.999998 0.00161036 0.000312843 -0.00160964 0.999998 -0.0138298 -0.101246 0.0907867
FixedParameters: 0 0 0

#Transform 134
Transform: AffineTransform_float_3_3
Parameters: 1 0.000995643 -0.00066504 -0.000995358 0.999999 0.000965663 0.000665962 -0.000965338 1 -0.0058414 -0.0625231 0.079124
FixedParameters: 0 0 0

#Transform 135
Transform: AffineTransform_float_3_3
Parameters: 1 0.00114732 -0.000231404 -0.00114668 0.999999 0.00139127 0.000233595 -0.00139073 0.999999 -0.0279891 -0.0903994 0.107188
FixedParameters: 0 0 0

#Transform 136
Transform: AffineTransform_float_3_3
Parameters: 0.999999 0.00129718 -0.00019377 -0.00129682 0.999998 0.000948252 0.000195229 -0.000947748 1 -0.0306646 -0.0546004 0.0711172
FixedParameters: 0 0 0

#Transform 137
Transform: AffineTransform_float_3_3
Parameters: 0.999999 0.00124047 -0.000433649 -0.00123953 0.999998 0.00108954 0.000435351 -0.00108946 1 -0.0305715 -0.0348679 0.0982438
FixedParameters: 0 0 0

#Transform 138
Transform: AffineTransform_float_3_3
Parameters: 0.999999 0.00139722 -0.000186392 -0.00139779 0.999999 0.00115126 0.000187609 -0.00115074 1 -0.0451878 -0.0936271 0.107706
FixedParameters: 0 0 0

#Transform 139
Transform: AffineTransform_float_3_3
Parameters: 0.999999 0.00132414 -0.000303391 -0.00132486 0.999999 0.000460402 0.000303611 -0.000460598 1 -0.0320124 -0.110932 0.04991
FixedParameters: 0 0 0

#Transform 140
Transform: AffineTransform_float_3_3
Parameters: 0.999999 0.00126268 -0.000619619 -0.00126232 0.999998 0.00109478 0.000621381 -0.00109322 0.999999 -0.0392029 -0.0927149 0.0969098
FixedParameters: 0 0 0

#Transform 141
Transform: AffineTransform_float_3_3
Parameters: 0.999999 0.00114573 -0.00046923 -0.00114527 0.999998 0.00154554 0.000470771 -0.00154546 0.999998 -0.04354 -0.0833999 0.108521
FixedParameters: 0 0 0

#Transform 142
Transform: AffineTransform_float_3_3
Parameters: 0.999998 0.00162539 -0.000329062 -0.00162461 0.999998 0.00119254 0.000330936 -0.00119146 0.999999 -0.0481322 -0.0940445 0.0737652
FixedParameters: 0 0 0

#Transform 143
Transform: AffineTransform_float_3_3
Parameters: 0.999998 0.00206282 0.000106645 -0.00206319 0.999997 0.00176679 -0.000103354 -0.00176722 0.999999 -0.0629206 -0.0638744 0.134943
FixedParameters: 0 0 0

#Transform 144
Transform: AffineTransform_float_3_3
Parameters: 0.999998 0.00164443 -0.000342916 -0.00164356 0.999998 0.00126757 0.000345082 -0.00126643 0.999999 -0.0449033 -0.0906475 0.0891718
FixedParameters: 0 0 0

#Transform 145
Transform: AffineTransform_float_3_3
Parameters: 0.999998 0.00191519 -0.00034395 -0.00191481 0.999998 0.00054866 0.000345049 -0.00054734 1 -0.0676641 0.00503738 0.0197112
FixedParameters: 0 0 0

#Transform 146
Transform: AffineTransform_float_3_3
Parameters: 0.999995 0.00315317 -0.000940771 -0.00315084 0.999993 0.00229498 0.000947229 -0.00229203 0.999997 -0.155666 -0.210509 0.204906
FixedParameters: 0 0 0

#Transform 147
Transform: AffineTransform_float_3_3
Parameters: 0.999993 0.0033801 -0.00167274 -0.0033759 0.999992 0.00244766 0.00168126 -0.00244133 0.999995 -0.171903 -0.143197 0.20279
FixedParameters: 0 0 0

#Transform 148
Transform: AffineTransform_float_3_3
Parameters: 0.999993 0.00348117 -0.00182819 -0.00347583 0.99999 0.00282338 0.00183781 -0.00281662 0.999995 -0.182659 -0.0769964 0.218055
FixedParameters: 0 0 0

#Transform 149
Transform: AffineTransform_float_3_3
Parameters: 0.999992 0.00355276 -0.00176042 -0.00354824 0.99999 0.00270027 0.00176958 -0.00269373 0.999995 -0.169822 -0.112304 0.170058
FixedParameters: 0 0 0

#Transform 150
Transform: AffineTransform_float_3_3
Parameters: 0.999992 0.00360267 -0.00158845 -0.00359833 0.999989 0.00293374 0.00159956 -0.00292826 0.999995 -0.180942 -0.0597414 0.17384
FixedParameters: 0 0 0

#Transform 151
Transform: AffineTransform_float_3_3
Parameters: 0.999992 0.00370294 -0.00158985 -0.00369906 0.99999 0.0024749 0.00159915 -0.0024691 0.999995 -0.190067 -0.114406 0.191113
FixedParameters: 0 0 0

#Transform 152
Transform: AffineTransform_float_3_3
Parameters: 0.999992 0.0037551 -0.00151031 -0.0037519 0.999991 0.00205168 0.00151869 -0.00204631 0.999997 -0.192398 -0.108086 0.165909
FixedParameters: 0 0 0

#Transform 153
Transform: AffineTransform_float_3_3
Parameters: 0.999992 0.00371093 -0.00158754 -0.00370607 0.999989 0.00309391 0.00159946 -0.00308809 0.999994 -0.196056 -0.0904892 0.202155
FixedParameters: 0 0 0

#Transform 154
Transform: AffineTransform_float_3_3
Parameters: 0.999991 0.00387142 -0.00163694 -0.00386759 0.999991 0.00208535 0.00164506 -0.00207965 0.999996 -0.191225 -0.108641 0.134625
FixedParameters: 0 0 0

#Transform 155
Transform: AffineTransform_float_3_3
Parameters: 0.999991 0.00387139 -0.00181467 -0.00386661 0.999989 0.00241604 0.00182433 -0.00240896 0.999996 -0.194882 -0.0948484 0.169373
FixedParameters: 0 0 0

#Transform 156
Transform: AffineTransform_float_3_3
Parameters: 0.999991 0.00394426 -0.00185799 -0.00393974 0.999989 0.00228934 0.00186701 -0.00228266 0.999995 -0.198496 -0.090768 0.152205
FixedParameters: 0 0 0

#Transform 157
Transform: AffineTransform_float_3_3
Parameters: 0.999991 0.00393317 -0.00171274 -0.00392983 0.99999 0.00185075 0.00172026 -0.00184425 0.999997 -0.19911 -0.0765922 0.152988
FixedParameters: 0 0 0

#Transform 158
Transform: AffineTransform_float_3_3
Parameters: 0.999991 0.00387573 -0.0020099 -0.00387127 0.999989 0.0023528 0.0020191 -0.0023452 0.999995 -0.208207 -0.0874395 0.189197
FixedParameters: 0 0 0

#Transform 159
Transform: AffineTransform_float_3_3
Parameters: 0.99999 0.00383897 -0.00201144 -0.00383503 0.99999 0.00197273 0.00201855 -0.00196527 0.999996 -0.2032 -0.0846579 0.155059
FixedParameters: 0 0 0

#Transform 160
Transform: AffineTransform_float_3_3
Parameters: 0.999991 0.00371265 -0.00201044 -0.00370835 0.999991 0.00231148 0.00201856 -0.00230353 0.999996 -0.206401 -0.0897504 0.178992
FixedParameters: 0 0 0

#Transform 161
Transform: AffineTransform_float_3_3
Parameters: 0.999991 0.00371297 -0.00193851 -0.00370803 0.99999 0.00256221 0.00194849 -0.00255479 0.999995 -0.203813 -0.0933326 0.200218
FixedParameters: 0 0 0

#Transform 162
Transform: AffineTransform_float_3_3
Parameters: 0.99999 0.00395006 -0.00201104 -0.00394594 0.99999 0.00201896 0.00201896 -0.00201104 0.999996 -0.205965 -0.104533 0.137524
FixedParameters: 0 0 0

#Transform 163
Transform: AffineTransform_float_3_3
Parameters: 0.999989 0.00402384 -0.00217406 -0.00401915 0.999989 0.00222776 0.00218294 -0.00221824 0.999995 -0.20647 -0.0874804 0.174497
FixedParameters: 0 0 0

#Transform 164
Transform: AffineTransform_float_3_3
Parameters: 0.99999 0.00410658 -0.00205588 -0.00410242 0.999989 0.00222746 0.00206513 -0.00221854 0.999996 -0.213859 -0.0568873 0.174527
FixedParameters: 0 0 0

#Transform 165
Transform: AffineTransform_float_3_3
Parameters: 0.99999 0.00408247 -0.00190859 -0.00407853 0.99999 0.0018198 0.00191541 -0.0018122 0.999996 -0.217052 -0.0507863 0.181571
FixedParameters: 0 0 0

#Transform 166
Transform: AffineTransform_float_3_3
Parameters: 0.999989 0.00415654 -0.00190613 -0.00415245 0.999988 0.00238094 0.00191588 -0.00237306 0.999996 -0.209535 -0.0590068 0.218928
FixedParameters: 0 0 0

#Transform 167
Transform: AffineTransform_float_3_3
Parameters: 0.999989 0.00411666 -0.00190597 -0.00411234 0.999988 0.00244286 0.00191604 -0.00243514 0.999995 -0.211165 -0.111913 0.206901
FixedParameters: 0 0 0

#Transform 168
Transform: AffineTransform_float_3_3
Parameters: 0.99999 0.00414275 -0.00207855 -0.00413925 0.99999 0.00180262 0.00208645 -0.00179438 0.999996 -0.207913 -0.105233 0.191361
FixedParameters: 0 0 0

#Transform 169
Transform: AffineTransform_float_3_3
Parameters: 0.999989 0.00416099 -0.00207303 -0.00415602 0.999989 0.00240164 0.00208297 -0.00239336 0.999995 -0.209425 -0.0561455 0.206047
FixedParameters: 0 0 0

#Transform 170
Transform: AffineTransform_float_3_3
Parameters: 0.999988 0.00446347 -0.00175767 -0.00445952 0.999987 0.00254287 0.00176833 -0.00253514 0.999995 -0.224215 -0.0579783 0.221679
FixedParameters: 0 0 0

#Transform 171
Transform: AffineTransform_float_3_3
Parameters: 0.999988 0.00457055 -0.00207383 -0.00456546 0.999986 0.0026695 0.00208618 -0.0026605 0.999995 -0.216035 -0.100582 0.176022
FixedParameters: 0 0 0

#Transform 172
Transform: AffineTransform_float_3_3
Parameters: 0.999988 0.00453589 -0.0019044 -0.00453111 0.999987 0.00256366 0.0019156 -0.00255534 0.999995 -0.222873 -0.0774675 0.191241
FixedParameters: 0 0 0

#Transform 173
Transform: AffineTransform_float_3_3
Parameters: 0.999988 0.00456493 -0.002073 -0.00455907 0.999985 0.00285548 0.002086 -0.00284551 0.999994 -0.225334 -0.104089 0.241957
FixedParameters: 0 0 0

#Transform 174
Transform: AffineTransform_float_3_3
Parameters: 0.999988 0.00456225 -0.00181234 -0.00455875 0.999987 0.00234129 0.00182266 -0.00233371 0.999995 -0.227529 -0.0664257 0.195394
FixedParameters: 0 0 0

#Transform 175
Transform: AffineTransform_float_3_3
Parameters: 0.999987 0.00456608 -0.00196153 -0.00456192 0.999988 0.00207997 0.00197147 -0.00207102 0.999996 -0.225245 -0.0503666 0.190064
FixedParameters: 0 0 0

#Transform 176
Transform: AffineTransform_float_3_3
Parameters: 0.999988 0.00457435 -0.00204408 -0.00456966 0.999986 0.00261237 0.00205593 -0.00260363 0.999994 -0.23392 -0.0741548 0.232443
FixedParameters: 0 0 0

#Transform 177
Transform: AffineTransform_float_3_3
Parameters: 0.999988 0.00460999 -0.00190396 -0.00460501 0.999986 0.0026178 0.00191604 -0.0026082 0.999995 -0.229861 -0.0912658 0.189897
FixedParameters: 0 0 0

#Transform 178
Transform: AffineTransform_float_3_3
Parameters: 0.999988 0.00456333 -0.00211869 -0.00455967 0.999987 0.00204568 0.00212831 -0.00203631 0.999995 -0.219003 -0.0874561 0.173171
FixedParameters: 0 0 0

#Transform 179
Transform: AffineTransform_float_3_3
Parameters: 0.999987 0.00465781 -0.00227415 -0.0046512 0.999986 0.00255061 0.00228585 -0.00254039 0.999994 -0.232785 -0.0615674 0.224631
FixedParameters: 0 0 0

#Transform 180
Transform: AffineTransform_float_3_3
Parameters: 0.999987 0.00458288 -0.00221689 -0.00457712 0.999986 0.00265018 0.00222911 -0.00263982 0.999994 -0.243457 -0.0867746 0.214306
FixedParameters: 0 0 0

#Transform 181
Transform: AffineTransform_float_3_3
Parameters: 0.999985 0.00493607 -0.00233532 -0.00493093 0.999986 0.00217155 0.00234568 -0.00215945 0.999995 -0.240925 -0.105319 0.205525
FixedParameters: 0 0 0

#Transform 182
Transform: AffineTransform_float_3_3
Parameters: 0.999985 0.00481618 -0.0023042 -0.00481182 0.999986 0.00224812 0.0023148 -0.00223688 0.999995 -0.256689 -0.0902698 0.223782
FixedParameters: 0 0 0

#Transform 183
Transform: AffineTransform_float_3_3
Parameters: 0.999985 0.00486782 -0.00225031 -0.00486118 0.999983 0.00302598 0.00226469 -0.00301502 0.999993 -0.254253 -0.0701449 0.251766
FixedParameters: 0 0 0

#Transform 184
Transform: AffineTransform_float_3_3
Parameters: 0.999984 0.00542643 -0.00200739 -0.00542057 0.999981 0.00269893 0.00202161 -0.00268807 0.999995 -0.260205 -0.0961948 0.200017
FixedParameters: 0 0 0

#Transform 185
Transform: AffineTransform_float_3_3
Parameters: 0.999983 0.00527079 -0.0025087 -0.00526221 0.999982 0.00310226 0.0025253 -0.00308874 0.999992 -0.258324 -0.104769 0.230447
FixedParameters: 0 0 0

#Transform 186
Transform: AffineTransform_float_3_3
Parameters: 0.999983 0.00542781 -0.00219367 -0.00542218 0.999982 0.00264694 0.00220833 -0.00263506 0.999994 -0.273079 -0.0765917 0.229445
FixedParameters: 0 0 0

#Transform 187
Transform: AffineTransform_float_3_3
Parameters: 0.999983 0.00538129 -0.00228291 -0.00537671 0.999984 0.00188231 0.00229309 -0.00186969 0.999995 -0.269702 -0.0669232 0.202419
FixedParameters: 0 0 0

#Transform 188
Transform: AffineTransform_float_3_3
Parameters: 0.999982 0.00542739 -0.00232312 -0.00542061 0.999982 0.00274864 0.00233787 -0.00273636 0.999993 -0.276692 -0.109188 0.24772
FixedParameters: 0 0 0

#Transform 189
Transform: AffineTransform_float_3_3
Parameters: 0.999982 0.00556706 -0.00220374 -0.00556093 0.999981 0.0027483 0.00221926 -0.00273669 0.999994 -0.273219 -0.124561 0.206461
FixedParameters: 0 0 0

#Transform 190
Transform: AffineTransform_float_3_3
Parameters: 0.99998 0.00570074 -0.00253211 -0.00569526 0.999981 0.00226947 0.00254489 -0.00225554 0.999994 -0.270761 -0.0960437 0.197567
FixedParameters: 0 0 0

#Transform 191
Transform: AffineTransform_float_3_3
Parameters: 0.999981 0.00560518 -0.00252694 -0.00559682 0.999979 0.0032312 0.00254506 -0.00321679 0.999991 -0.277554 -0.128761 0.250107
FixedParameters: 0 0 0

#Transform 192
Transform: AffineTransform_float_3_3
Parameters: 0.999981 0.00547893 -0.00260556 -0.00547306 0.999982 0.0022783 0.00261743 -0.0022637 0.999994 -0.279594 -0.0925015 0.218663
FixedParameters: 0 0 0

#Transform 193
Transform: AffineTransform_float_3_3
Parameters: 0.999982 0.0055726 -0.00253052 -0.0055664 0.999981 0.00260714 0.00254548 -0.00259286 0.999994 -0.268301 -0.0764818 0.239104
FixedParameters: 0 0 0

#Transform 194
Transform: AffineTransform_float_3_3
Parameters: 0.999981 0.00584316 -0.00205675 -0.00583583 0.999977 0.00347307 0.00207724 -0.00346093 0.999992 -0.2999 -0.109889 0.290142
FixedParameters: 0 0 0

#Transform 195
Transform: AffineTransform_float_3_3
Parameters: 0.999979 0.00594239 -0.00253005 -0.00593662 0.999979 0.00252407 0.00254495 -0.00250893 0.999993 -0.280023 -0.0960826 0.212858
FixedParameters: 0 0 0

#Transform 196
Transform: AffineTransform_float_3_3
Parameters: 0.999981 0.00573085 -0.00228036 -0.00572515 0.999981 0.00256311 0.00229464 -0.0025499 0.999994 -0.29298 -0.0689894 0.232163
FixedParameters: 0 0 0

#Transform 197
Transform: AffineTransform_float_3_3
