#Insight Transform File V1.0
#Transform 0
Transform: AffineTransform_float_3_3
Parameters: 0.999992 0.00188743 -0.00358937 -0.00186857 0.999985 0.00513075 0.00359863 -0.00512425 0.999981 -0.121482 -0.0762474 0.292532
FixedParameters: 0 0 0

#Transform 1
Transform: AffineTransform_float_3_3
Parameters: 0.99999 0.000852077 -0.004437 -0.00083092 0.999989 0.00475074 0.00444099 -0.00474627 0.999979 -0.0869737 -0.117635 0.545037
FixedParameters: 0 0 0

#Transform 2
Transform: AffineTransform_float_3_3
Parameters: 0.999995 0.000767128 -0.00325078 -0.00074887 0.999984 0.00557447 0.00325523 -0.00557154 0.999979 -0.047461 -0.0736498 0.381634
FixedParameters: 0 0 0

#Transform 3
Transform: AffineTransform_float_3_3
Parameters: 0.999996 0.000357106 -0.00280275 -0.000338892 0.999979 0.00645798 0.00280525 -0.00645703 0.999975 -0.0409557 -0.0744213 0.38146
FixedParameters: 0 0 0

#Transform 4
Transform: AffineTransform_float_3_3
Parameters: 0.999996 0.000422536 -0.00251644 -0.000407461 0.999981 0.00617104 0.00251956 -0.00616995 0.999978 -0.043689 -0.0637923 0.33282
FixedParameters: 0 0 0

#Transform 5
Transform: AffineTransform_float_3_3
Parameters: 0.999998 0.000730856 -0.00215869 -0.000718148 0.999982 0.00595057 0.00216231 -0.00594844 0.99998 -0.074896 -0.0500241 0.308326
FixedParameters: 0 0 0

#Transform 6
Transform: AffineTransform_float_3_3
Parameters: 0.999998 0.000964055 -0.00208246 -0.000951942 0.999983 0.005782 0.00208854 -0.00578 0.999981 -0.0826163 -0.0976047 0.294124
FixedParameters: 0 0 0

#Transform 7
Transform: AffineTransform_float_3_3
Parameters: 0.999997 0.000858512 -0.002031 -0.000848485 0.999988 0.00468073 0.00203499 -0.00467826 0.999987 -0.0776162 -0.0919544 0.273586
FixedParameters: 0 0 0

#Transform 8
Transform: AffineTransform_float_3_3
Parameters: 0.999997 0.0010031 -0.00216535 -0.0009929 0.999988 0.00466116 0.00216965 -0.00465883 0.999987 -0.0762626 -0.116173 0.268107
FixedParameters: 0 0 0

#Transform 9
Transform: AffineTransform_float_3_3
Parameters: 0.999998 0.0010724 -0.00208268 -0.0010616 0.999987 0.00498923 0.00208832 -0.00498778 0.999986 -0.0848893 -0.0533014 0.288504
FixedParameters: 0 0 0

#Transform 10
Transform: AffineTransform_float_3_3
Parameters: 0.999998 0.00106926 -0.00208328 -0.00105974 0.999989 0.00443822 0.00208872 -0.00443678 0.999988 -0.0804704 -0.0817326 0.2695
FixedParameters: 0 0 0

#Transform 11
Transform: AffineTransform_float_3_3
Parameters: 0.999997 0.00115052 -0.00208332 -0.00114148 0.999991 0.00408639 0.00208868 -0.00408461 0.99999 -0.0865959 -0.104297 0.276222
FixedParameters: 0 0 0

#Transform 12
Transform: AffineTransform_float_3_3
Parameters: 0.999998 0.000979242 -0.00181865 -0.000972757 0.999993 0.00342978 0.00182235 -0.00342822 0.999993 -0.084267 -0.0900601 0.244323
FixedParameters: 0 0 0

#Transform 13
Transform: AffineTransform_float_3_3
Parameters: 0.999998 0.000619094 -0.00152875 -0.000615906 0.999998 0.00202394 0.00152925 -0.00202306 0.999997 -0.0779831 -0.0307118 0.133181
FixedParameters: 0 0 0

#Transform 14
Transform: AffineTransform_float_3_3
Parameters: 0.999999 0.00034006 -0.000702487 -0.00033894 0.999999 0.00150924 0.000702512 -0.00150876 0.999998 -0.0463052 0.0277104 -0.0851739
FixedParameters: 0 0 0

#Transform 15
Transform: AffineTransform_float_3_3
Parameters: 1 0.000122128 -8.88247e-05 -0.000122872 0.999999 0.00143601 8.91765e-05 -0.00143599 0.999999 -0.0293685 -0.00729721 -0.0421324
FixedParameters: 0 0 0

#Transform 16
Transform: AffineTransform_float_3_3
Parameters: 1 9.40195e-05 -8.89794e-05 -9.39805e-05 1 0.000219008 8.90206e-05 -0.000218992 1 -0.0298471 -0.0255673 -0.0065677
FixedParameters: 0 0 0

#Transform 17
Transform: AffineTransform_float_3_3
Parameters: 1 4.59216e-05 -0.000253014 -4.60784e-05 1 -0.000309988 0.000252986 0.000310012 1 -0.0207788 -0.022867 -0.0310296
FixedParameters: 0 0 0

#Transform 18
Transform: AffineTransform_float_3_3
Parameters: 1 0.000339007 -8.89742e-05 -0.000338993 1 7.60302e-05 8.90258e-05 -7.59698e-05 1 -0.0254563 -0.00722782 0.0027495
FixedParameters: 0 0 0

#Transform 19
Transform: AffineTransform_float_3_3
Parameters: 1 0.00037658 0.000539293 -0.000377419 0.999999 0.000777796 -0.000538706 -0.000778202 0.999999 -0.0227363 -0.0218659 0.0415604
FixedParameters: 0 0 0

#Transform 20
Transform: AffineTransform_float_3_3
Parameters: 1 -4.98763e-06 -8.90007e-05 5.01237e-06 1 0.000139 8.89993e-05 -0.000139 1 -0.00830933 0.00239606 0.00371653
FixedParameters: 0 0 0

#Transform 21
Transform: AffineTransform_float_3_3
Parameters: 1 8.50124e-05 -8.89882e-05 -8.49876e-05 1 0.000139008 8.90118e-05 -0.000138992 1 -0.0208102 -0.0500901 -0.0216223
FixedParameters: 0 0 0

#Transform 22
Transform: AffineTransform_float_3_3
Parameters: 1 0.000235914 -8.92272e-05 -0.000236085 0.999999 -0.000962978 8.87726e-05 0.00096302 0.999999 0.000283621 -0.0278001 -0.0677247
FixedParameters: 0 0 0

#Transform 23
Transform: AffineTransform_float_3_3
Parameters: 1 -0.000232102 -8.87339e-05 0.000231899 1 -0.00114702 8.82661e-05 0.00114698 1 0.0102365 -0.0215206 -0.0800086
FixedParameters: 0 0 0

#Transform 24
Transform: AffineTransform_float_3_3
Parameters: 1 -0.000233057 -0.000595588 0.000231943 0.999999 -0.00177314 0.000596412 0.00177386 0.999998 -0.00736926 0.0111019 -0.127528
FixedParameters: 0 0 0

#Transform 25
Transform: AffineTransform_float_3_3
Parameters: 1 -0.000116057 -0.000595795 0.000114943 0.999999 -0.00177307 0.000596205 0.00177293 0.999999 -0.00776573 -0.0180813 -0.089224
FixedParameters: 0 0 0

#Transform 26
Transform: AffineTransform_float_3_3
Parameters: 1 -0.000232078 -3.14308e-05 0.000231923 0.999997 -0.00245301 3.1569e-05 0.00245299 0.999997 0.00370833 -0.00555399 -0.122638
FixedParameters: 0 0 0

#Transform 27
Transform: AffineTransform_float_3_3
Parameters: 1 -0.000232474 -0.000138206 0.000231523 0.999994 -0.00341903 0.000139792 0.00341897 0.999994 -0.00216612 -0.00956879 -0.153533
FixedParameters: 0 0 0

#Transform 28
Transform: AffineTransform_float_3_3
Parameters: 1 -0.000656147 -2.88154e-05 0.000655851 0.999988 -0.00485402 3.21839e-05 0.00485398 0.999988 -0.000990412 -0.00817255 -0.241582
FixedParameters: 0 0 0

#Transform 29
Transform: AffineTransform_float_3_3
Parameters: 1 -0.000847311 0.000661055 0.000851689 0.999974 -0.00712545 -0.000654948 0.00712656 0.999975 0.050987 0.083504 -0.583299
FixedParameters: 0 0 0

#Transform 30
Transform: AffineTransform_float_3_3
Parameters: 0.999999 -0.00114887 0.000941011 0.00115713 0.999961 -0.00868292 -0.000930987 0.00868407 0.999962 0.120919 0.132942 -0.887036
FixedParameters: 0 0 0

#Transform 31
Transform: AffineTransform_float_3_3
Parameters: 0.999997 -0.00193713 0.00150966 0.00194986 0.999962 -0.00856909 -0.00149234 0.00857192 0.999962 0.115613 -0.0147973 -0.576168
FixedParameters: 0 0 0

#Transform 32
Transform: AffineTransform_float_3_3
Parameters: 0.999997 -0.00193637 0.00138328 0.00194963 0.999949 -0.00992033 -0.00136372 0.00992267 0.99995 0.116079 0.0778818 -0.603953
FixedParameters: 0 0 0

#Transform 33
Transform: AffineTransform_float_3_3
Parameters: 0.999998 -0.0019369 0.00119352 0.0019501 0.999937 -0.0110727 -0.00117248 0.0110753 0.999938 0.150242 0.155109 -0.774165
FixedParameters: 0 0 0

#Transform 34
Transform: AffineTransform_float_3_3
Parameters: 0.999997 -0.00194026 0.000977586 0.00194974 0.999948 -0.0100681 -0.000957416 0.0100699 0.999949 0.110268 0.0214936 -0.580962
FixedParameters: 0 0 0

#Transform 35
Transform: AffineTransform_float_3_3
Parameters: 0.999997 -0.00234778 0.000982783 0.00235821 0.999942 -0.0105317 -0.000957214 0.0105343 0.999944 0.117328 0.0163458 -0.569687
FixedParameters: 0 0 0

#Transform 36
Transform: AffineTransform_float_3_3
Parameters: 0.999999 -0.00143242 0.000255025 0.00143358 0.999979 -0.00629664 -0.000245977 0.00629736 0.99998 0.140963 0.0314452 -0.420078
FixedParameters: 0 0 0

#Transform 37
Transform: AffineTransform_float_3_3
Parameters: 0.999999 0.000201026 -0.00130935 -0.000189976 0.999964 0.00841625 0.00131065 -0.00841574 0.999963 0.0431021 0.00284996 0.207021
FixedParameters: 0 0 0

#Transform 38
Transform: AffineTransform_float_3_3
Parameters: 1 0.00013069 -0.000636453 -0.000128312 0.999991 0.00422408 0.000636547 -0.00422392 0.999991 0.0608247 -0.0254892 0.038225
FixedParameters: 0 0 0

#Transform 39
Transform: AffineTransform_float_3_3
Parameters: 1 0.000130183 -0.000636557 -0.000127819 0.999994 0.00342808 0.000636442 -0.00342792 0.999994 0.0669302 0.0838519 -0.0474354
FixedParameters: 0 0 0

#Transform 40
Transform: AffineTransform_float_3_3
Parameters: 0.999999 -0.000420731 -0.000637838 0.000422269 0.999998 0.00198973 0.000637161 -0.00199027 0.999998 0.0902145 -0.00697831 -0.0142664
FixedParameters: 0 0 0

#Transform 41
Transform: AffineTransform_float_3_3
Parameters: 1 3.56656e-05 -0.000636963 -3.53343e-05 1 0.00104502 0.000637037 -0.00104498 1 0.0593065 -0.0329812 -0.0246848
FixedParameters: 0 0 0

#Transform 42
Transform: AffineTransform_float_3_3
Parameters: 1 6.3135e-05 -0.00102993 -6.18649e-05 0.999999 0.00110206 0.00103007 -0.00110193 0.999999 0.0605296 0.0127597 -0.0108897
FixedParameters: 0 0 0

#Transform 43
Transform: AffineTransform_float_3_3
Parameters: 1 0.000154778 -0.00108047 -0.00015122 0.999994 0.00349617 0.00108154 -0.00349584 0.999994 0.0594227 -0.0257604 0.127599
FixedParameters: 0 0 0

#Transform 44
Transform: AffineTransform_float_3_3
Parameters: 1 0.000119153 -0.000571555 -0.000116845 0.999993 0.00376607 0.000572444 -0.00376593 0.999992 0.0703946 -0.034037 0.144618
FixedParameters: 0 0 0

#Transform 45
Transform: AffineTransform_float_3_3
Parameters: 0.999999 8.55725e-05 -0.000735705 -8.24264e-05 0.999994 0.00349606 0.000736292 -0.00349594 0.999993 0.0833819 0.00056656 0.135426
FixedParameters: 0 0 0

#Transform 46
Transform: AffineTransform_float_3_3
Parameters: 1 0.00053499 5.97476e-06 -0.00053501 0.999998 0.001822 -5.02522e-06 -0.001822 0.999999 0.0628983 0.0162099 -0.0897272
FixedParameters: 0 0 0

#Transform 47
Transform: AffineTransform_float_3_3
Parameters: 0.999999 0.000431993 -0.000732829 -0.000430007 0.999996 0.00271732 0.000734171 -0.00271668 0.999996 0.0495614 0.0103274 -0.0726253
FixedParameters: 0 0 0

#Transform 48
Transform: AffineTransform_float_3_3
Parameters: 0.999999 -2.22479e-05 -0.000734055 2.3752e-05 0.999997 0.00238698 0.000733945 -0.00238702 0.999997 0.0514171 -0.0401581 -0.0364812
FixedParameters: 0 0 0

#Transform 49
Transform: AffineTransform_float_3_3
Parameters: 1 -0.00029299 -0.000213014 0.00029301 1 4.79376e-05 0.000212986 -4.80624e-05 1 0.0815353 -0.0282569 -0.0197876
FixedParameters: 0 0 0

#Transform 50
Transform: AffineTransform_float_3_3
Parameters: 1 0.000192173 -0.000545588 -0.000190828 0.999997 0.0021501 0.000545411 -0.00214989 0.999997 0.0548857 -0.0353862 0.0935999
FixedParameters: 0 0 0

#Transform 51
Transform: AffineTransform_float_3_3
Parameters: 0.999996 0.0025913 -0.00151411 -0.0025757 0.999947 0.0100219 0.00153989 -0.0100181 0.999948 -0.0715546 -0.1583 0.699679
FixedParameters: 0 0 0

#Transform 52
Transform: AffineTransform_float_3_3
Parameters: 0.999983 0.00177065 -0.00544852 -0.00168734 0.999881 0.0153194 0.00547548 -0.0153106 0.999868 -0.147898 -0.142617 1.09074
FixedParameters: 0 0 0

#Transform 53
Transform: AffineTransform_float_3_3
Parameters: 0.999988 0.00174289 -0.00454998 -0.00168711 0.999924 0.0122588 0.00457102 -0.0122512 0.999914 -0.125837 -0.14485 0.940706
FixedParameters: 0 0 0

#Transform 54
Transform: AffineTransform_float_3_3
Parameters: 0.999993 0.00171465 -0.00309986 -0.00168735 0.999959 0.00890128 0.00311514 -0.00889571 0.999955 -0.0752331 -0.0897546 0.545461
FixedParameters: 0 0 0

#Transform 55
Transform: AffineTransform_float_3_3
Parameters: 0.999988 0.00204383 -0.00461655 -0.00199717 0.999946 0.0101243 0.00463745 -0.0101156 0.999938 -0.123357 -0.0910622 0.751149
FixedParameters: 0 0 0

#Transform 56
Transform: AffineTransform_float_3_3
Parameters: 0.999986 0.00214433 -0.00485279 -0.00209768 0.999953 0.00953132 0.0048722 -0.00952069 0.999943 -0.123795 -0.108173 0.871631
FixedParameters: 0 0 0

#Transform 57
Transform: AffineTransform_float_3_3
Parameters: 0.999984 0.00212659 -0.00510923 -0.00207541 0.999949 0.00988676 0.00512976 -0.00987524 0.999938 -0.121142 -0.139268 0.902947
FixedParameters: 0 0 0

#Transform 58
Transform: AffineTransform_float_3_3
Parameters: 0.999989 0.0017192 -0.00452189 -0.0016878 0.999974 0.00711472 0.00453412 -0.00710729 0.999965 -0.0715338 -0.063786 0.59392
FixedParameters: 0 0 0

#Transform 59
Transform: AffineTransform_float_3_3
Parameters: 0.999989 0.00227437 -0.00413707 -0.00224663 0.999975 0.00660936 0.00415193 -0.00659963 0.999969 -0.108662 -0.0202586 0.452555
FixedParameters: 0 0 0

#Transform 60
Transform: AffineTransform_float_3_3
Parameters: 0.999982 0.00249942 -0.00543314 -0.00245858 0.999968 0.0076165 0.00545187 -0.00760251 0.999956 -0.158693 -0.078647 0.692319
FixedParameters: 0 0 0

#Transform 61
Transform: AffineTransform_float_3_3
Parameters: 0.999984 0.00183963 -0.00534149 -0.00178536 0.999946 0.0102147 0.00536051 -0.0102053 0.999933 -0.127451 -0.129182 0.822315
FixedParameters: 0 0 0

#Transform 62
Transform: AffineTransform_float_3_3
Parameters: 0.999986 0.00252842 -0.00451038 -0.00247259 0.999922 0.0122503 0.00454061 -0.0122387 0.999915 -0.128337 -0.076375 0.778362
FixedParameters: 0 0 0

#Transform 63
Transform: AffineTransform_float_3_3
Parameters: 0.999989 0.00202505 -0.00427773 -0.00198594 0.999957 0.0091146 0.00429627 -0.00910541 0.99995 -0.101893 0.00465489 0.471951
FixedParameters: 0 0 0

#Transform 64
Transform: AffineTransform_float_3_3
Parameters: 0.999976 0.00259541 -0.00642732 -0.00253659 0.999954 0.00923552 0.00645068 -0.00921848 0.999936 -0.160044 -0.112211 0.95597
FixedParameters: 0 0 0

#Transform 65
Transform: AffineTransform_float_3_3
Parameters: 0.999984 -0.00430225 -0.00368817 0.00433275 0.999955 0.00837015 0.00365182 -0.00838684 0.999958 0.0745433 -0.381636 0.447226
FixedParameters: 0 0 0

#Transform 66
Transform: AffineTransform_float_3_3
Parameters: 0.999975 -0.00633979 0.00293141 0.00631021 0.99993 0.0100627 -0.00299459 -0.0100443 0.999945 0.387386 -0.178832 -0.333566
FixedParameters: 0 0 0

#Transform 67
Transform: AffineTransform_float_3_3
Parameters: 0.999971 -0.00759495 0.000186868 0.00759105 0.999844 0.0159529 -0.000308134 -0.0159511 0.999872 0.60254 -0.115875 -1.31326
FixedParameters: 0 0 0

#Transform 68
Transform: AffineTransform_float_3_3
Parameters: 0.999975 -0.00693492 -0.00174044 0.00696108 0.999857 0.0154563 0.00163256 -0.0154687 0.999879 0.62868 -0.0893665 -1.48585
FixedParameters: 0 0 0

#Transform 69
Transform: AffineTransform_float_3_3
Parameters: 0.999997 -0.00262499 -0.000410727 0.00262801 0.999969 0.00750995 0.000390273 -0.00751105 0.999971 0.276266 -0.0370675 -0.587762
FixedParameters: 0 0 0

#Transform 70
Transform: AffineTransform_float_3_3
Parameters: 0.999998 -0.000520655 -0.00183767 0.000522346 0.999999 0.00127604 0.00183733 -0.00127696 0.999997 0.1378 -0.262137 0.0362143
FixedParameters: 0 0 0

#Transform 71
Transform: AffineTransform_float_3_3
Parameters: 0.999991 -6.36262e-06 -0.00424799 -2.36267e-06 0.999997 -0.00220401 0.004248 0.00220399 0.999988 -0.0207056 -0.230749 0.366201
FixedParameters: 0 0 0

#Transform 72
Transform: AffineTransform_float_3_3
Parameters: 0.99999 -5.82089e-05 -0.00448187 4.67897e-05 0.999997 -0.00250123 0.00448213 0.00250076 0.999987 -0.00338277 -0.198726 0.37839
FixedParameters: 0 0 0

#Transform 73
Transform: AffineTransform_float_3_3
Parameters: 0.999993 -0.000137143 -0.00369664 0.00012686 0.999996 -0.00274349 0.00369636 0.00274351 0.99999 -0.00841665 -0.175309 0.364109
FixedParameters: 0 0 0

#Transform 74
Transform: AffineTransform_float_3_3
Parameters: 0.999996 -0.00130299 -0.00254441 0.00129401 0.999993 -0.0035323 0.00254858 0.00352869 0.99999 0.040456 -0.0229084 0.0402878
FixedParameters: 0 0 0

#Transform 75
Transform: AffineTransform_float_3_3
Parameters: 0.999998 -0.00129852 -0.00165947 0.00129448 0.999996 -0.00272316 0.00166253 0.00272085 0.999995 0.152775 0.0905268 -0.334595
FixedParameters: 0 0 0

#Transform 76
Transform: AffineTransform_float_3_3
Parameters: 0.999995 -0.00112211 -0.00291351 0.00111389 0.999994 -0.00312526 0.00291649 0.00312174 0.999991 0.0664504 -0.152441 0.0139529
FixedParameters: 0 0 0

#Transform 77
Transform: AffineTransform_float_3_3
Parameters: 0.999996 -0.000471838 -0.00286892 0.00045916 0.99999 -0.00447434 0.00287108 0.00447266 0.999986 0.0134517 -0.166227 0.0903896
FixedParameters: 0 0 0

#Transform 78
Transform: AffineTransform_float_3_3
Parameters: 0.999996 -0.000143146 -0.0029984 0.00012985 0.999991 -0.00438441 0.0029996 0.00438359 0.999986 0.0139548 -0.0689922 0.052719
FixedParameters: 0 0 0

#Transform 79
Transform: AffineTransform_float_3_3
Parameters: 0.999996 -0.0004297 -0.00299735 0.000417297 0.999993 -0.00390327 0.00299965 0.00390173 0.999988 0.00861159 -0.163461 0.141419
FixedParameters: 0 0 0

#Transform 80
Transform: AffineTransform_float_3_3
Parameters: 0.999988 -0.00186915 -0.00437867 0.00183984 0.999976 -0.00665313 0.00439133 0.00664487 0.999969 0.0602834 -0.148622 -0.139286
FixedParameters: 0 0 0

#Transform 81
Transform: AffineTransform_float_3_3
Parameters: 0.999869 -0.0126955 -0.00998298 0.0127915 0.999871 0.00966555 0.009859 -0.00979243 0.999903 0.535049 0.107472 -1.74055
FixedParameters: 0 0 0

#Transform 82
Transform: AffineTransform_float_3_3
Parameters: 0.99999 0.000338782 -0.0046108 -0.00032122 0.999994 0.00363952 0.0046122 -0.00363848 0.999982 -0.0588441 -0.0935114 -0.0571936
FixedParameters: 0 0 0

#Transform 83
Transform: AffineTransform_float_3_3
Parameters: 0.999974 0.000873909 -0.00722696 -0.000898089 0.999994 -0.0033306 0.00722405 0.0033374 0.999969 -0.133692 -0.304999 0.409332
FixedParameters: 0 0 0

#Transform 84
Transform: AffineTransform_float_3_3
Parameters: 0.999987 0.00110425 -0.00511707 -0.00113275 0.999984 -0.00542328 0.00511093 0.00542972 0.999972 -0.149883 -0.237646 0.310861
FixedParameters: 0 0 0

#Transform 85
Transform: AffineTransform_float_3_3
Parameters: 0.999972 0.00141686 -0.00733375 -0.00143114 0.999997 -0.00192356 0.00733126 0.00193344 0.999972 -0.166815 -0.196559 0.472636
FixedParameters: 0 0 0

#Transform 86
Transform: AffineTransform_float_3_3
Parameters: 0.999967 0.00151455 -0.00789797 -0.00153045 0.999997 -0.00194998 0.00789502 0.00196202 0.999967 -0.164645 -0.162324 0.509721
FixedParameters: 0 0 0

#Transform 87
Transform: AffineTransform_float_3_3
Parameters: 0.999972 0.00121011 -0.00748457 -0.00123189 0.999995 -0.00292086 0.00748143 0.00293014 0.999967 -0.129198 -0.166335 0.440977
FixedParameters: 0 0 0

#Transform 88
Transform: AffineTransform_float_3_3
Parameters: 0.999973 0.00111214 -0.00733305 -0.00113287 0.999995 -0.00270577 0.00732996 0.00271323 0.99997 -0.12125 -0.162753 0.418524
FixedParameters: 0 0 0

#Transform 89
Transform: AffineTransform_float_3_3
Parameters: 0.999972 -0.0019355 -0.00721404 0.0018365 0.999904 -0.0137746 0.00723997 0.0137604 0.999879 0.0114984 -0.0792407 -0.576054
FixedParameters: 0 0 0

#Transform 90
Transform: AffineTransform_float_3_3
Parameters: 0.99998 -0.00595004 -0.00219793 0.00592096 0.999898 -0.0129913 0.00227507 0.0129777 0.999913 0.170185 0.221313 -1.43924
FixedParameters: 0 0 0

#Transform 91
Transform: AffineTransform_float_3_3
Parameters: 0.999982 -0.00211779 -0.00548394 0.00208121 0.999976 -0.00670553 0.00549807 0.00669348 0.999963 -0.0113471 -0.195291 0.0124647
FixedParameters: 0 0 0

#Transform 92
Transform: AffineTransform_float_3_3
Parameters: 0.999956 -0.000170049 -0.00943783 8.19474e-05 0.999957 -0.00932919 0.00943918 0.00932781 0.999912 -0.14406 -0.234529 0.782116
FixedParameters: 0 0 0

#Transform 93
Transform: AffineTransform_float_3_3
Parameters: 0.999954 0.000135886 -0.00966656 -0.000220121 0.999962 -0.00870128 0.00966546 0.00870272 0.999916 -0.132221 -0.302887 0.785407
FixedParameters: 0 0 0

#Transform 94
Transform: AffineTransform_float_3_3
Parameters: 0.999948 0.00024593 -0.0101704 -0.000329076 0.999966 -0.00816707 0.0101687 0.00816992 0.999915 -0.142325 -0.358524 1.03167
FixedParameters: 0 0 0

#Transform 95
Transform: AffineTransform_float_3_3
Parameters: 0.999936 0.000364348 -0.0113647 -0.000439648 0.999978 -0.00665443 0.0113623 0.00665957 0.999914 -0.178844 -0.405619 1.20736
FixedParameters: 0 0 0

#Transform 96
Transform: AffineTransform_float_3_3
Parameters: 0.999949 0.00177245 -0.00989987 -0.00180454 0.999993 -0.0032793 0.00989411 0.0032977 0.999945 -0.235621 -0.185283 0.612659
FixedParameters: 0 0 0

#Transform 97
Transform: AffineTransform_float_3_3
Parameters: 0.999927 0.00218301 -0.0119348 -0.00213199 0.999988 0.00428476 0.0119442 -0.00425924 0.999919 -0.196506 -0.259297 0.846392
FixedParameters: 0 0 0

#Transform 98
Transform: AffineTransform_float_3_3
Parameters: 0.999889 0.00734618 -0.0129498 -0.00712082 0.999824 0.0173501 0.0130752 -0.0172559 0.999765 -0.310444 -0.087476 1.07709
FixedParameters: 0 0 0

#Transform 99
Transform: AffineTransform_float_3_3
Parameters: 0.999959 0.00574573 -0.00699687 -0.00565326 0.999897 0.0132021 0.00707214 -0.0131619 0.999889 -0.392223 -0.10102 0.844958
FixedParameters: 0 0 0

#Transform 100
Transform: AffineTransform_float_3_3
Parameters: 0.999955 0.0056248 -0.00761541 -0.00552119 0.999892 0.0135846 0.00769059 -0.0135413 0.999878 -0.391276 -0.122968 1.0447
FixedParameters: 0 0 0

#Transform 101
Transform: AffineTransform_float_3_3
Parameters: 0.999955 0.00526139 -0.00790551 -0.0051566 0.9999 0.0131674 0.00797448 -0.0131256 0.999882 -0.382292 -0.104932 1.05303
FixedParameters: 0 0 0

#Transform 102
Transform: AffineTransform_float_3_3
Parameters: 0.999955 0.00556606 -0.00760504 -0.00547293 0.999909 0.0123342 0.00767297 -0.0122918 0.999895 -0.407477 -0.156459 1.04885
FixedParameters: 0 0 0

#Transform 103
Transform: AffineTransform_float_3_3
Parameters: 0.999956 0.00540436 -0.00764065 -0.00531865 0.999923 0.0112771 0.00770137 -0.0112369 0.999907 -0.386701 -0.119451 1.02226
FixedParameters: 0 0 0

#Transform 104
Transform: AffineTransform_float_3_3
Parameters: 0.999939 0.00571824 -0.00944393 -0.00552276 0.999771 0.0206764 0.00956008 -0.0206226 0.999741 -0.391844 -0.250704 0.882476
FixedParameters: 0 0 0

#Transform 105
Transform: AffineTransform_float_3_3
Parameters: 0.99995 0.00586599 -0.00809042 -0.00552203 0.999107 0.0419048 0.00832858 -0.0418572 0.999089 -0.25604 0.158887 0.829941
FixedParameters: 0 0 0

#Transform 106
Transform: AffineTransform_float_3_3
Parameters: 0.999963 0.00566431 -0.00658784 -0.00540468 0.999229 0.0388821 0.00680319 -0.0388449 0.999222 -0.262453 0.10087 0.975417
FixedParameters: 0 0 0

#Transform 107
Transform: AffineTransform_float_3_3
Parameters: 0.999974 0.00457328 -0.00570823 -0.00436073 0.999318 0.0366619 0.00587177 -0.0366361 0.999312 -0.261242 -0.0384471 1.1087
FixedParameters: 0 0 0

#Transform 108
Transform: AffineTransform_float_3_3
Parameters: 0.999969 0.00505249 -0.00603667 -0.0048425 0.999403 0.0342273 0.00620631 -0.0341967 0.999396 -0.294771 -0.0426484 1.21241
FixedParameters: 0 0 0

#Transform 109
Transform: AffineTransform_float_3_3
Parameters: 0.999972 0.00502397 -0.00541866 -0.00484305 0.999446 0.0329091 0.00558033 -0.0328818 0.999443 -0.295326 0.034619 1.25721
FixedParameters: 0 0 0

#Transform 110
Transform: AffineTransform_float_3_3
Parameters: 0.999973 0.00519692 -0.00509927 -0.00503009 0.999468 0.0322185 0.00526372 -0.0321915 0.999468 -0.296235 -0.0741811 1.27034
FixedParameters: 0 0 0

#Transform 111
Transform: AffineTransform_float_3_3
Parameters: 0.999908 0.000534038 -0.0135365 3.20641e-05 0.999127 0.0417814 0.0135475 -0.0417776 0.999035 0.116656 -0.132122 0.739042
FixedParameters: 0 0 0

#Transform 112
Transform: AffineTransform_float_3_3
Parameters: 0.999865 0.00085894 -0.016402 0.000120942 0.99822 0.0596511 0.016424 -0.0596449 0.998084 0.463513 -0.0184522 0.403358
FixedParameters: 0 0 0

#Transform 113
Transform: AffineTransform_float_3_3
Parameters: 0.999884 -0.000343549 -0.0152311 0.00116944 0.998525 0.0542845 0.0151899 -0.0542965 0.99841 0.386073 -0.0648753 0.777034
FixedParameters: 0 0 0

#Transform 114
Transform: AffineTransform_float_3_3
Parameters: 0.999903 0.000106222 -0.0138877 0.000647175 0.998529 0.0542203 0.0138723 -0.0542248 0.998433 0.348644 -0.0360294 0.868039
FixedParameters: 0 0 0

#Transform 115
Transform: AffineTransform_float_3_3
Parameters: 0.999904 0.000770711 -0.0138296 -4.3261e-05 0.998623 0.0524716 0.0138513 -0.0524654 0.998526 0.274138 -0.0198403 1.00732
FixedParameters: 0 0 0

#Transform 116
Transform: AffineTransform_float_3_3
Parameters: 0.999901 0.000766502 -0.0140522 -4.35122e-05 0.998681 0.0513437 0.0140728 -0.0513383 0.998582 0.244894 -0.00863047 1.10891
FixedParameters: 0 0 0

#Transform 117
Transform: AffineTransform_float_3_3
Parameters: 0.999871 0.00388848 -0.0155916 -0.00323655 0.999126 0.0416568 0.0157394 -0.0416012 0.999011 -0.184714 -0.202933 1.74638
FixedParameters: 0 0 0

#Transform 118
Transform: AffineTransform_float_3_3
Parameters: 0.999849 0.00427826 -0.0168825 -0.00382975 0.99964 0.0265547 0.0169895 -0.0264853 0.999505 -0.214187 -0.193114 1.47119
FixedParameters: 0 0 0

#Transform 119
Transform: AffineTransform_float_3_3
Parameters: 0.999838 0.0041702 -0.0174723 -0.00382078 0.999793 0.019972 0.0175527 -0.019902 0.999648 -0.221009 -0.131964 1.22154
FixedParameters: 0 0 0

#Transform 120
Transform: AffineTransform_float_3_3
Parameters: 0.999786 0.00215209 -0.0205448 -0.00158989 0.999623 0.0273855 0.0205962 -0.0273465 0.999414 -0.0694473 -0.0790687 0.942388
FixedParameters: 0 0 0

#Transform 121
Transform: AffineTransform_float_3_3
Parameters: 0.999666 -0.000357352 -0.0258662 0.00129863 0.999336 0.0363966 0.0258358 -0.0364184 0.999002 0.971943 0.249675 -0.802123
FixedParameters: 0 0 0

#Transform 122
Transform: AffineTransform_float_3_3
Parameters: 0.999855 0.00193918 -0.0169147 -0.00139782 0.999488 0.0319473 0.0169683 -0.0319197 0.999347 0.360723 0.187765 -0.441483
FixedParameters: 0 0 0

#Transform 123
Transform: AffineTransform_float_3_3
Parameters: 0.999864 0.00148653 -0.0164152 -0.00113847 0.999776 0.0211606 0.0164428 -0.0211384 0.999642 -0.0926095 -0.0904675 0.6619
FixedParameters: 0 0 0

#Transform 124
Transform: AffineTransform_float_3_3
Parameters: 0.999889 0.00113645 -0.0148622 -0.000763552 0.999686 0.0250421 0.0148858 -0.0250279 0.999576 0.0525213 0.0912264 0.401891
FixedParameters: 0 0 0

#Transform 125
Transform: AffineTransform_float_3_3
Parameters: 0.999902 0.0017943 -0.0138466 -0.00143869 0.99967 0.0256274 0.0138884 -0.0256046 0.999575 0.016334 0.079088 0.39086
FixedParameters: 0 0 0

#Transform 126
Transform: AffineTransform_float_3_3
Parameters: 0.999889 0.00117642 -0.0148601 -0.000763573 0.999615 0.0277294 0.0148869 -0.0277146 0.999505 0.0263965 0.088303 0.402189
FixedParameters: 0 0 0

#Transform 127
Transform: AffineTransform_float_3_3
Parameters: 0.999888 0.00118556 -0.0149135 -0.000763433 0.999601 0.0282405 0.0149415 -0.0282264 0.99949 0.0278266 0.120475 0.364387
FixedParameters: 0 0 0

#Transform 128
Transform: AffineTransform_float_3_3
Parameters: 0.999895 0.00116174 -0.0144495 -0.00076428 0.999622 0.027501 0.0144755 -0.0274871 0.999518 0.0273822 0.075053 0.349597
FixedParameters: 0 0 0

#Transform 129
Transform: AffineTransform_float_3_3
Parameters: 0.999905 0.000939861 -0.0137897 -0.000591162 0.99968 0.0252806 0.0138084 -0.0252704 0.999586 0.0323382 0.121454 0.308833
FixedParameters: 0 0 0

#Transform 130
Transform: AffineTransform_float_3_3
Parameters: 0.999908 0.00102986 -0.0134851 -0.000705145 0.99971 0.0240727 0.0135059 -0.0240613 0.99962 0.0128802 0.0704495 0.335056
FixedParameters: 0 0 0

#Transform 131
Transform: AffineTransform_float_3_3
Parameters: 0.999927 0.000658529 -0.0121185 -0.000361482 0.999701 0.0244552 0.0121305 -0.0244488 0.999628 0.0314766 0.162471 0.331953
FixedParameters: 0 0 0

#Transform 132
Transform: AffineTransform_float_3_3
Parameters: 0.999923 0.000330869 -0.0123576 -7.11845e-06 0.999656 0.0261991 0.0123624 -0.0261969 0.999581 0.0795289 0.0375419 0.459354
FixedParameters: 0 0 0

#Transform 133
Transform: AffineTransform_float_3_3
Parameters: 0.999934 0.000634748 -0.0114514 -0.000338267 0.999664 0.0258966 0.0114636 -0.0258914 0.999599 0.0605246 0.0516086 0.510825
FixedParameters: 0 0 0

#Transform 134
Transform: AffineTransform_float_3_3
Parameters: 0.999941 -0.00239104 -0.0105316 0.00268297 0.99961 0.0277964 0.0104614 -0.0278226 0.999558 0.195924 -0.107136 -0.167058
FixedParameters: 0 0 0

#Transform 135
Transform: AffineTransform_float_3_3
Parameters: 0.999891 -0.00499435 -0.0139371 0.00546564 0.999406 0.0340105 0.0137589 -0.0340834 0.999325 0.78102 -0.169342 -1.40246
FixedParameters: 0 0 0

#Transform 136
Transform: AffineTransform_float_3_3
Parameters: 0.999871 -0.00797333 -0.013954 0.0085017 0.999235 0.0381733 0.0136399 -0.0382867 0.999173 0.862949 -0.14324 -1.57892
FixedParameters: 0 0 0

#Transform 137
Transform: AffineTransform_float_3_3
Parameters: 0.999918 -0.00479992 -0.0118145 0.00516409 0.999506 0.0309815 0.0116605 -0.0310395 0.99945 0.604907 -0.129597 -1.37426
FixedParameters: 0 0 0

#Transform 138
Transform: AffineTransform_float_3_3
Parameters: 0.99996 0.000849003 -0.00890084 -0.000657987 0.99977 0.0214407 0.00891715 -0.0214333 0.99973 0.20304 -0.0200345 -0.569248
FixedParameters: 0 0 0

#Transform 139
Transform: AffineTransform_float_3_3
Parameters: 0.999952 0.00195739 -0.00958954 -0.00179062 0.999848 0.017329 0.00962146 -0.017311 0.999804 0.0722046 -0.126862 0.49209
FixedParameters: 0 0 0

#Transform 140
Transform: AffineTransform_float_3_3
Parameters: 0.999939 0.00126614 -0.010957 -0.00105886 0.999821 0.0188897 0.010979 -0.0188772 0.999761 0.0512878 0.0069176 0.399218
FixedParameters: 0 0 0

#Transform 141
Transform: AffineTransform_float_3_3
Parameters: 0.999942 0.00148542 -0.0107302 -0.00128457 0.999825 0.0186609 0.0107568 -0.0186461 0.999769 0.0771792 -0.0354225 0.605472
FixedParameters: 0 0 0

#Transform 142
Transform: AffineTransform_float_3_3
Parameters: 0.999943 0.00140473 -0.0106316 -0.00119727 0.999809 0.0195198 0.0106574 -0.0195061 0.999753 0.0916578 -0.00668959 0.687763
FixedParameters: 0 0 0

#Transform 143
Transform: AffineTransform_float_3_3
Parameters: 0.999937 0.00141986 -0.0111249 -0.00120716 0.999817 0.0191166 0.0111491 -0.0191024 0.999756 0.0899295 -0.0219039 0.71745
FixedParameters: 0 0 0

#Transform 144
Transform: AffineTransform_float_3_3
Parameters: 0.99994 0.00122294 -0.0108772 -0.00102107 0.999828 0.0185512 0.0108978 -0.0185398 0.999768 0.108928 -0.039477 0.675482
FixedParameters: 0 0 0

#Transform 145
Transform: AffineTransform_float_3_3
Parameters: 0.999935 0.00139018 -0.0112678 -0.00115782 0.999788 0.0205854 0.0112942 -0.0205716 0.999724 0.0904644 -0.0169412 0.594726
FixedParameters: 0 0 0

#Transform 146
Transform: AffineTransform_float_3_3
Parameters: 0.999907 0.00165104 -0.0135308 -0.00133095 0.99972 0.0236282 0.0135662 -0.0236078 0.999629 0.0701976 0.0961899 0.416397
FixedParameters: 0 0 0

#Transform 147
Transform: AffineTransform_float_3_3
Parameters: 0.999921 0.00170135 -0.0124169 -0.00143164 0.999763 0.0217495 0.0124511 -0.0217295 0.999687 0.0690105 0.0490687 0.399681
FixedParameters: 0 0 0

#Transform 148
Transform: AffineTransform_float_3_3
Parameters: 0.999928 0.00128547 -0.0118693 -0.00102154 0.999751 0.0222607 0.0118947 -0.0222473 0.999681 0.0942027 0.0469265 0.400574
FixedParameters: 0 0 0

#Transform 149
Transform: AffineTransform_float_3_3
Parameters: 0.999926 0.00198568 -0.0120078 -0.00170434 0.999724 0.0234232 0.0120502 -0.0234008 0.999654 0.0866706 0.151514 0.280327
FixedParameters: 0 0 0

#Transform 150
Transform: AffineTransform_float_3_3
Parameters: 0.999927 0.00128027 -0.0120122 -0.00102172 0.999767 0.0215649 0.0120378 -0.0215512 0.999696 0.0654221 0.084978 0.301889
FixedParameters: 0 0 0

#Transform 151
Transform: AffineTransform_float_3_3
Parameters: 0.999946 0.000857699 -0.0103769 -0.0006163 0.999729 0.0232727 0.0103942 -0.0232654 0.999676 0.0980221 0.0659212 0.461281
FixedParameters: 0 0 0

#Transform 152
Transform: AffineTransform_float_3_3
Parameters: 0.999943 0.000845237 -0.0106523 -0.00061577 0.999768 0.0215048 0.0106677 -0.0214972 0.999712 0.112202 0.0379868 0.500721
FixedParameters: 0 0 0

#Transform 153
Transform: AffineTransform_float_3_3
Parameters: 0.999942 0.000838773 -0.0106698 -0.000616225 0.999782 0.0208648 0.0106852 -0.0208572 0.999726 0.107852 0.0679321 0.497347
FixedParameters: 0 0 0

#Transform 154
Transform: AffineTransform_float_3_3
Parameters: 0.99989 0.0011815 -0.0147397 -0.000665533 0.999387 0.0349966 0.0147713 -0.0349834 0.999278 0.103566 0.166798 0.324779
FixedParameters: 0 0 0

#Transform 155
Transform: AffineTransform_float_3_3
Parameters: 0.999943 0.00110225 -0.0105601 -0.000720746 0.99935 0.0360396 0.0105928 -0.0360293 0.999294 0.0739352 0.243851 0.0733808
FixedParameters: 0 0 0

#Transform 156
Transform: AffineTransform_float_3_3
Parameters: 0.999996 -0.000842173 0.00288183 0.000766851 0.999653 0.0263313 -0.0029022 -0.0263297 0.999649 0.151011 0.296027 -0.997489
FixedParameters: 0 0 0

#Transform 157
Transform: AffineTransform_float_3_3
Parameters: 0.999992 0.00111768 -0.00401925 -0.00106732 0.99992 0.0125904 0.00403275 -0.0125856 0.999912 0.198397 -0.0808277 -0.255949
FixedParameters: 0 0 0

#Transform 158
Transform: AffineTransform_float_3_3
Parameters: 0.999918 0.00199258 -0.0126425 -0.0017384 0.999796 0.0201166 0.0126805 -0.0200924 0.999717 0.0516112 -0.0971927 0.77559
FixedParameters: 0 0 0

#Transform 159
Transform: AffineTransform_float_3_3
Parameters: 0.999915 0.00204111 -0.0128634 -0.00175888 0.999759 0.0219045 0.0129056 -0.0218795 0.999678 0.0538511 0.0943036 0.608893
FixedParameters: 0 0 0

#Transform 160
Transform: AffineTransform_float_3_3
Parameters: 0.999965 -0.00454633 0.00692522 0.00442367 0.999835 0.0175782 -0.00700378 -0.0175478 0.999822 -0.0382926 0.22214 -0.762697
FixedParameters: 0 0 0

#Transform 161
Transform: AffineTransform_float_3_3
Parameters: 0.999995 -0.00325185 0.000683563 0.00323216 0.999622 0.0272753 -0.000771441 -0.0272726 0.999627 0.213016 0.411802 -0.90441
FixedParameters: 0 0 0

#Transform 162
Transform: AffineTransform_float_3_3
Parameters: 0.999997 -0.00190599 -0.00195979 0.00195002 0.999741 0.0227053 0.00191622 -0.0227088 0.999741 0.196252 0.273612 -0.506057
FixedParameters: 0 0 0

#Transform 163
Transform: AffineTransform_float_3_3
Parameters: 0.999999 -0.0016904 -0.000675435 0.00170259 0.999816 0.0191139 0.000642573 -0.0191151 0.999817 0.16777 0.183046 -0.473944
FixedParameters: 0 0 0

#Transform 164
Transform: AffineTransform_float_3_3
Parameters: 0.999999 -0.000684065 -0.000206512 0.000687924 0.999806 0.0196939 0.000192489 -0.0196941 0.999806 0.145765 0.209713 -0.427384
FixedParameters: 0 0 0

#Transform 165
Transform: AffineTransform_float_3_3
Parameters: 0.999999 0.000587025 -0.00107777 -0.00056397 0.999774 0.0212416 0.00109023 -0.0212404 0.999774 0.0893123 0.221086 -0.210172
FixedParameters: 0 0 0

#Transform 166
Transform: AffineTransform_float_3_3
Parameters: 1 0.000724298 -0.000929781 -0.000706699 0.999829 0.0184707 0.000943214 -0.0184703 0.999829 0.0936364 0.200196 -0.215205
FixedParameters: 0 0 0

#Transform 167
Transform: AffineTransform_float_3_3
Parameters: 0.999965 -0.00578302 0.00596901 0.00564898 0.999737 0.0222305 -0.00609599 -0.0221965 0.999735 0.424976 0.361431 -1.68891
FixedParameters: 0 0 0

#Transform 168
Transform: AffineTransform_float_3_3
Parameters: 0.999956 -0.00224197 -0.00909889 0.00252304 0.999517 0.0309934 0.00902512 -0.0310146 0.999478 0.644964 0.408167 -1.82173
FixedParameters: 0 0 0

#Transform 169
Transform: AffineTransform_float_3_3
Parameters: 0.999985 0.00044486 -0.00558683 -0.000290163 0.999616 0.027689 0.00559618 -0.0276869 0.999601 0.364355 0.326775 -1.06111
FixedParameters: 0 0 0

#Transform 170
Transform: AffineTransform_float_3_3
Parameters: 0.999967 0.000483911 -0.00808973 -0.00029009 0.999713 0.0239531 0.00809928 -0.0239509 0.999681 0.288785 0.264768 -0.539625
FixedParameters: 0 0 0

#Transform 171
Transform: AffineTransform_float_3_3
Parameters: 0.99998 0.00122063 -0.00619464 -0.00112938 0.99989 0.0147743 0.00621136 -0.0147667 0.999871 0.25018 0.0194947 0.256152
FixedParameters: 0 0 0

#Transform 172
Transform: AffineTransform_float_3_3
Parameters: 0.999975 0.00115726 -0.00704768 -0.00107274 0.999928 0.0119479 0.00706132 -0.0119401 0.999904 0.149849 0.00494087 0.158022
FixedParameters: 0 0 0

#Transform 173
Transform: AffineTransform_float_3_3
Parameters: 0.999976 0.000966919 -0.00694023 -0.000894078 0.999945 0.0105015 0.00695077 -0.0104955 0.999921 0.170465 -0.0282224 0.105958
FixedParameters: 0 0 0

#Transform 174
Transform: AffineTransform_float_3_3
Parameters: 0.999978 0.00091789 -0.00654123 -0.000853114 0.999951 0.00991581 0.00654978 -0.00991021 0.99993 0.163431 0.0178778 0.0976424
FixedParameters: 0 0 0

#Transform 175
Transform: AffineTransform_float_3_3
Parameters: 0.999983 -0.000460035 -0.00569717 0.000530977 0.999922 0.0124612 0.00569182 -0.0124638 0.999906 0.16258 0.20088 -0.493224
FixedParameters: 0 0 0

#Transform 176
Transform: AffineTransform_float_3_3
Parameters: 0.999982 -0.000120484 -0.0061039 0.000193518 0.999928 0.012045 0.00610211 -0.012046 0.999909 0.176008 0.108989 -0.392767
FixedParameters: 0 0 0

#Transform 177
Transform: AffineTransform_float_3_3
Parameters: 0.999987 0.00114085 -0.00492729 -0.000947165 0.99924 0.0389652 0.00496768 -0.0389599 0.999229 -0.01641 -0.330099 1.55558
FixedParameters: 0 0 0

#Transform 178
Transform: AffineTransform_float_3_3
Parameters: 0.999954 0.00206185 -0.00934114 -0.00181116 0.99964 0.0267832 0.00939286 -0.0267649 0.999597 -0.0630914 -0.119073 1.39794
FixedParameters: 0 0 0

#Transform 179
Transform: AffineTransform_float_3_3
Parameters: 0.999957 0.00161799 -0.00915173 -0.001404 0.999726 0.0233408 0.00918726 -0.0233271 0.999685 -0.0512501 -0.0266741 1.41275
FixedParameters: 0 0 0

#Transform 180
Transform: AffineTransform_float_3_3
Parameters: 0.99996 0.00117273 -0.00880573 -0.000954256 0.999694 0.0246904 0.00883225 -0.0246806 0.999657 -0.0378111 -0.0613246 1.38569
FixedParameters: 0 0 0

#Transform 181
Transform: AffineTransform_float_3_3
Parameters: 0.999951 0.00227752 -0.00964673 -0.00205248 0.999729 0.0232199 0.00969725 -0.0231991 0.999684 -0.0880583 -0.120508 1.51615
FixedParameters: 0 0 0

#Transform 182
Transform: AffineTransform_float_3_3
Parameters: 0.999953 0.00219986 -0.00950395 -0.00197616 0.999722 0.0234999 0.00955206 -0.0234801 0.999678 -0.0919406 -0.2763 1.72117
FixedParameters: 0 0 0

#Transform 183
Transform: AffineTransform_float_3_3
Parameters: 0.999959 0.00169314 -0.00896937 -0.00148586 0.999733 0.0230513 0.00900564 -0.0230367 0.999694 -0.0652887 -0.154156 1.62873
FixedParameters: 0 0 0

#Transform 184
Transform: AffineTransform_float_3_3
Parameters: 0.99996 0.00168496 -0.00884742 -0.00148503 0.999747 0.022446 0.00888356 -0.0224319 0.999709 -0.0563736 -0.168946 1.58654
FixedParameters: 0 0 0

#Transform 185
Transform: AffineTransform_float_3_3
Parameters: 0.999959 0.00168339 -0.00889289 -0.0014856 0.999754 0.0221571 0.0089281 -0.0221429 0.999715 -0.0541055 -0.0982325 1.34861
FixedParameters: 0 0 0

#Transform 186
Transform: AffineTransform_float_3_3
Parameters: 0.999982 0.00156329 -0.00576676 -0.0014307 0.999738 0.0228737 0.00580124 -0.0228653 0.999721 -0.144954 -0.123932 1.36663
FixedParameters: 0 0 0

#Transform 187
Transform: AffineTransform_float_3_3
Parameters: 0.999972 -0.00594924 -0.00439387 0.00613176 0.999064 0.0428222 0.00413514 -0.0428478 0.999073 0.342145 0.417504 -0.60236
FixedParameters: 0 0 0

#Transform 188
Transform: AffineTransform_float_3_3
Parameters: 0.999954 -0.00493161 -0.0082467 0.00510937 0.999753 0.0216289 0.00813729 -0.0216701 0.999732 0.405379 0.922504 -2.60942
FixedParameters: 0 0 0

#Transform 189
Transform: AffineTransform_float_3_3
Parameters: 0.999984 -0.00458384 -0.00346743 0.00463716 0.99987 0.0154832 0.00339558 -0.0154988 0.999874 0.384957 0.716026 -2.89249
FixedParameters: 0 0 0

#Transform 190
Transform: AffineTransform_float_3_3
