# transform file /out/sourcedata/freesurfer/sub-v2s2x29066_ses-1/mri/transforms/cc_up.lta
# created by oesteban on Thu Mar 12 23:17:00 2026

type      = 0 # LINEAR_VOX_TO_VOX
nxforms   = 1
mean      = 133.0000 137.0000 126.0000
sigma     = 10000.0000
1 4 4
9.941377043724060e-01 7.030671089887619e-02 -8.214236050844193e-02 -4.806758403778076e+00 
-7.006793469190598e-02 9.975255131721497e-01 5.789485294371843e-03 9.974835395812988e+00 
8.234613388776779e-02 0.000000000000000e+00 9.966038465499878e-01 -5.803018212318420e-01 
0.000000000000000e+00 0.000000000000000e+00 0.000000000000000e+00 1.000000000000000e+00 
src volume info
valid = 1  # volume info valid
filename = /out/sourcedata/freesurfer/sub-v2s2x29066_ses-1/mri/norm.mgz
volume = 256 256 256
voxelsize = 8.984374403953552e-01 8.984374403953552e-01 8.984374403953552e-01
xras   = -1.000000000000000e+00 0.000000000000000e+00 0.000000000000000e+00
yras   = 0.000000000000000e+00 0.000000000000000e+00 -1.000000119209290e+00
zras   = 0.000000000000000e+00 1.000000000000000e+00 0.000000000000000e+00
cras   = 7.286956787109375e+00 -2.273267364501953e+01 1.677307891845703e+01
dst volume info
valid = 1  # volume info valid
filename = /out/sourcedata/freesurfer/sub-v2s2x29066_ses-1/mri/norm.mgz
volume = 256 256 256
voxelsize = 8.984374403953552e-01 8.984374403953552e-01 8.984374403953552e-01
xras   = -1.000000000000000e+00 0.000000000000000e+00 0.000000000000000e+00
yras   = 0.000000000000000e+00 0.000000000000000e+00 -1.000000119209290e+00
zras   = 0.000000000000000e+00 1.000000000000000e+00 0.000000000000000e+00
cras   = 7.286956787109375e+00 -2.273267364501953e+01 1.677307891845703e+01
