# transform file transforms/talairach.lta
# created by oesteban on Thu Mar 12 21:49:46 2026

type      = 0 # LINEAR_VOX_TO_VOX
nxforms   = 1
mean      = 133.0000 140.0000 126.0000
sigma     = 10000.0000
1 4 4
9.463142156600952e-01 1.242303941398859e-02 -5.004337430000305e-02 3.773014307022095e+00 
-2.068262733519077e-02 1.032337665557861e+00 3.637703193817288e-04 -2.239772605895996e+01 
5.540087819099426e-02 -1.474967342801392e-03 8.959820270538330e-01 -9.575645446777344e+00 
0.000000000000000e+00 0.000000000000000e+00 0.000000000000000e+00 1.000000000000000e+00 
src volume info
valid = 1  # volume info valid
filename = nu.mgz
volume = 256 256 256
voxelsize = 8.984374403953552e-01 8.984374403953552e-01 8.984374403953552e-01
xras   = -1.000000000000000e+00 0.000000000000000e+00 0.000000000000000e+00
yras   = 0.000000000000000e+00 0.000000000000000e+00 -1.000000119209290e+00
zras   = 0.000000000000000e+00 1.000000000000000e+00 0.000000000000000e+00
cras   = 7.286956787109375e+00 -2.273267364501953e+01 1.677307891845703e+01
dst volume info
valid = 1  # volume info valid
filename = /opt/freesurfer/average/RB_all_2020-01-02.gca
volume = 256 256 256
voxelsize = 1.000000000000000e+00 1.000000000000000e+00 1.000000000000000e+00
xras   = -1.000000000000000e+00 0.000000000000000e+00 0.000000000000000e+00
yras   = 0.000000000000000e+00 0.000000000000000e+00 -1.000000000000000e+00
zras   = 0.000000000000000e+00 1.000000000000000e+00 0.000000000000000e+00
cras   = 0.000000000000000e+00 0.000000000000000e+00 0.000000000000000e+00
