#Insight Transform File V1.0
#Transform 0
Transform: AffineTransform_float_3_3
Parameters: 0.999975 0.00688965 -0.00155413 -0.00688135 0.999961 0.00550483 0.00159187 -0.00549417 0.999983 -0.389342 0.0154667 1.80277
FixedParameters: 0 0 0

#Transform 1
Transform: AffineTransform_float_3_3
Parameters: 0.999977 0.00659498 -0.00152666 -0.00659002 0.999973 0.00324213 0.00154834 -0.00323186 0.999993 -0.419746 -0.048016 1.43517
FixedParameters: 0 0 0

#Transform 2
Transform: AffineTransform_float_3_3
Parameters: 0.999982 0.00591002 -0.000835798 -0.00590797 0.999979 0.00240598 0.000850202 -0.00240102 0.999997 -0.388913 -0.0296233 1.12983
FixedParameters: 0 0 0

#Transform 3
Transform: AffineTransform_float_3_3
Parameters: 0.999983 0.00577444 0.000457461 -0.00577356 0.999983 -0.000960658 -0.000463541 0.00095834 1 -0.36842 -0.06292 0.878979
FixedParameters: 0 0 0

#Transform 4
Transform: AffineTransform_float_3_3
Parameters: 0.999988 0.00465071 0.00149551 -0.00464629 0.999986 -0.00247598 -0.00150649 0.00246902 0.999996 -0.307171 -0.0880527 0.560283
FixedParameters: 0 0 0

#Transform 5
Transform: AffineTransform_float_3_3
Parameters: 0.999991 0.00394461 0.00110484 -0.00394339 0.999992 -0.000550362 -0.00110716 0.000546637 0.999999 -0.305993 0.273223 0.311297
FixedParameters: 0 0 0

#Transform 6
Transform: AffineTransform_float_3_3
Parameters: 0.999998 0.00232975 0.00023152 -0.00233025 0.999996 0.00108146 -0.000229478 -0.00108254 1 -0.199374 -0.0189095 0.171347
FixedParameters: 0 0 0

#Transform 7
Transform: AffineTransform_float_3_3
Parameters: 0.999998 0.0018711 -0.000158789 -0.0018709 0.999998 0.000647298 0.00016021 -0.000646701 1 -0.136321 -0.150984 0.0103519
FixedParameters: 0 0 0

#Transform 8
Transform: AffineTransform_float_3_3
Parameters: 0.999998 0.00157155 -0.00047418 -0.00157145 0.999998 0.00115875 0.000475821 -0.00115825 0.999999 -0.135897 0.056988 0.177206
FixedParameters: 0 0 0

#Transform 9
Transform: AffineTransform_float_3_3
Parameters: 0.999999 0.00122511 -0.000343622 -0.00122489 0.999999 0.000308421 0.000344377 -0.000307578 1 -0.11252 -0.0229508 0.00226563
FixedParameters: 0 0 0

#Transform 10
Transform: AffineTransform_float_3_3
Parameters: 0.999999 0.000906856 0.00028346 -0.000906143 1 0.000506744 -0.00028254 -0.000507257 1 -0.0696667 0.0416066 0.0729053
FixedParameters: 0 0 0

#Transform 11
Transform: AffineTransform_float_3_3
Parameters: 0.999999 0.000772038 -0.000174829 -0.000771961 0.999999 0.000221135 0.00017517 -0.000220865 1 -0.0603064 0.0243778 0.00773108
FixedParameters: 0 0 0

#Transform 12
Transform: AffineTransform_float_3_3
Parameters: 1 0.000217493 0.000249571 -0.000216508 0.999998 -0.00197405 -0.000249428 0.00197395 0.999998 -0.0469758 0.12523 -0.028537
FixedParameters: 0 0 0

#Transform 13
Transform: AffineTransform_float_3_3
Parameters: 1 0.000583044 7.76659e-05 -0.000582955 0.999999 -0.000573045 -7.8334e-05 0.000572954 1 -0.0614867 -0.02901 0.0753025
FixedParameters: 0 0 0

#Transform 14
Transform: AffineTransform_float_3_3
Parameters: 1 0.000279986 -0.000468008 -0.000280014 1 -2.9869e-05 0.000467991 3.0131e-05 1 -0.0161964 -0.0493682 0.00946765
FixedParameters: 0 0 0

#Transform 15
Transform: AffineTransform_float_3_3
Parameters: 1 -8.13981e-06 -0.000450997 7.86019e-06 1 -0.000310004 0.000451002 0.000309996 1 0.0489941 0.0171384 0.00626381
FixedParameters: 0 0 0

#Transform 16
Transform: AffineTransform_float_3_3
Parameters: 1 4.49372e-05 -0.000189015 -4.50627e-05 1 -0.000331991 0.000188985 0.000332008 1 0.0509965 0.0396676 -0.00177819
FixedParameters: 0 0 0

#Transform 17
Transform: AffineTransform_float_3_3
Parameters: 0.999999 -0.00131904 -5.09856e-05 0.00131896 0.999999 -0.000769068 5.20142e-05 0.000768932 0.999999 0.110001 -0.0422757 0.00595852
FixedParameters: 0 0 0

#Transform 18
Transform: AffineTransform_float_3_3
Parameters: 0.999999 -0.00136708 -0.00019846 0.00136692 0.999999 -0.000395272 0.000198541 0.000395729 1 0.116881 0.0931958 -0.0155528
FixedParameters: 0 0 0

#Transform 19
Transform: AffineTransform_float_3_3
Parameters: 0.999999 -0.000801025 -3.54521e-05 0.000800976 1 -0.000684029 3.55478e-05 0.000683972 1 0.0810199 -0.0255678 -0.00979954
FixedParameters: 0 0 0

#Transform 20
Transform: AffineTransform_float_3_3
Parameters: 1 0.000346867 -0.000381121 -0.000347133 1 -0.000348868 0.000380879 0.000349132 1 -0.0456644 0.000524488 -0.0157827
FixedParameters: 0 0 0

#Transform 21
Transform: AffineTransform_float_3_3
Parameters: 1 0.000509849 -8.68898e-05 -0.000510151 0.999999 -0.00174496 8.61099e-05 0.00174505 0.999999 -0.0527686 0.051446 -0.0956303
FixedParameters: 0 0 0

#Transform 22
Transform: AffineTransform_float_3_3
Parameters: 1 -1.84304e-06 0.000119003 2.15696e-06 0.999999 -0.001319 -0.000118997 0.001319 0.999999 -0.0505207 0.0205839 0.0111173
FixedParameters: 0 0 0

#Transform 23
Transform: AffineTransform_float_3_3
Parameters: 0.999999 -0.00102979 0.000938331 0.00103121 0.999998 -0.00129103 -0.000936669 0.00129197 0.999998 0.0603762 0.0474889 -0.0116212
FixedParameters: 0 0 0

#Transform 24
Transform: AffineTransform_float_3_3
Parameters: 0.999999 -0.00131109 0.00126494 0.00131191 0.999999 -0.000717342 -0.00126406 0.000719658 0.999999 0.131109 0.0514515 0.00120323
FixedParameters: 0 0 0

#Transform 25
Transform: AffineTransform_float_3_3
Parameters: 0.999999 -0.00120372 0.000454748 0.00120328 0.999999 -0.000621453 -0.000454251 0.000622547 0.999999 0.0983368 -0.0623207 -0.0319368
FixedParameters: 0 0 0

#Transform 26
Transform: AffineTransform_float_3_3
Parameters: 0.999999 -0.00125076 0.000573524 0.00125124 0.999999 -0.000418283 -0.000572475 0.000419716 0.999999 0.113658 0.0818765 -0.086729
FixedParameters: 0 0 0

#Transform 27
Transform: AffineTransform_float_3_3
Parameters: 0.999999 -0.00125092 0.000119798 0.00125108 0.999999 -0.000637851 -0.000118202 0.000638148 1 0.103916 0.0848034 -0.116255
FixedParameters: 0 0 0

#Transform 28
Transform: AffineTransform_float_3_3
Parameters: 0.999999 -0.00125054 0.000369566 0.00125146 0.999999 -0.00125154 -0.000368433 0.00125246 0.999999 0.114428 0.0946744 -0.124962
FixedParameters: 0 0 0

#Transform 29
Transform: AffineTransform_float_3_3
Parameters: 0.999997 -0.00173362 0.00129384 0.00173537 0.999998 -0.00106276 -0.00129115 0.00106524 0.999998 0.068925 0.0553375 -0.0764047
FixedParameters: 0 0 0

#Transform 30
Transform: AffineTransform_float_3_3
Parameters: 0.999998 -0.0017338 0.000963163 0.0017352 0.999997 -0.00124633 -0.000960835 0.00124867 0.999999 0.0756586 -0.0705334 -0.109693
FixedParameters: 0 0 0

#Transform 31
Transform: AffineTransform_float_3_3
Parameters: 0.999999 -0.00116965 0.000495838 0.00116936 0.999999 -0.000716421 -0.000495162 0.00071658 0.999999 0.0704199 -0.0118674 -0.133612
FixedParameters: 0 0 0

#Transform 32
Transform: AffineTransform_float_3_3
Parameters: 0.999998 -0.00198167 0.000425525 0.00198233 0.999997 -0.000769158 -0.000424475 0.000769842 0.999999 0.114818 0.058606 -0.168868
FixedParameters: 0 0 0

#Transform 33
Transform: AffineTransform_float_3_3
Parameters: 0.999998 -0.00197533 0.000693893 0.00197566 0.999997 -0.000957631 -0.000692106 0.000959369 1 0.11869 0.0768932 -0.196734
FixedParameters: 0 0 0

#Transform 34
Transform: AffineTransform_float_3_3
Parameters: 0.999998 -0.0015984 0.000666433 0.0015986 0.999999 -0.000895937 -0.000665567 0.000897066 1 0.118231 0.141909 -0.185951
FixedParameters: 0 0 0

#Transform 35
Transform: AffineTransform_float_3_3
Parameters: 1 -0.00115448 -0.000293102 0.00115352 0.999998 -0.00164434 0.000294897 0.00164366 0.999998 0.0932683 0.0352395 -0.109034
FixedParameters: 0 0 0

#Transform 36
Transform: AffineTransform_float_3_3
Parameters: 1 -0.000481245 -0.000198407 0.000480755 0.999999 -0.0012331 0.000198593 0.00123291 0.999999 0.0497048 -0.0301774 -0.0851656
FixedParameters: 0 0 0

#Transform 37
Transform: AffineTransform_float_3_3
Parameters: 0.999999 -0.000804875 0.000110911 0.000804125 0.999999 -0.00113191 -0.00011009 0.00113209 1 0.0907213 -0.107923 -0.0845611
FixedParameters: 0 0 0

#Transform 38
Transform: AffineTransform_float_3_3
Parameters: 0.999989 -0.000974297 -0.00458667 0.000996708 0.999989 0.00473248 0.00458233 -0.00473652 0.999979 0.138551 0.0733078 -0.155211
FixedParameters: 0 0 0

#Transform 39
Transform: AffineTransform_float_3_3
Parameters: 0.999952 -0.00493441 -0.00847992 0.0054796 0.997833 0.0655697 0.0081381 -0.0656123 0.997812 0.182625 1.11432 2.02249
FixedParameters: 0 0 0

#Transform 40
Transform: AffineTransform_float_3_3
Parameters: 0.999954 -0.00472783 -0.00828394 0.00522317 0.998135 0.0608095 0.00798105 -0.0608495 0.998115 0.112276 1.02835 1.86991
FixedParameters: 0 0 0

#Transform 41
Transform: AffineTransform_float_3_3
Parameters: 0.999976 -0.0025392 -0.00645984 0.00286376 0.998714 0.0506207 0.00632212 -0.0506373 0.998697 0.0834509 0.785247 1.87171
FixedParameters: 0 0 0

#Transform 42
Transform: AffineTransform_float_3_3
Parameters: 0.999993 -0.000180077 -0.00353749 0.000303906 0.999385 0.0350621 0.00352851 -0.0350629 0.999379 -0.0647944 0.469442 1.86962
FixedParameters: 0 0 0

#Transform 43
Transform: AffineTransform_float_3_3
Parameters: 0.99999 -6.31613e-05 -0.00431005 0.000217839 0.999354 0.0359344 0.00430495 -0.0359346 0.999345 -0.0666059 0.736265 1.65677
FixedParameters: 0 0 0

#Transform 44
Transform: AffineTransform_float_3_3
Parameters: 0.999991 6.1754e-06 -0.00411811 0.000131171 0.999437 0.0335517 0.00411591 -0.0335522 0.999428 -0.0721509 0.642582 1.42111
FixedParameters: 0 0 0

#Transform 45
Transform: AffineTransform_float_3_3
Parameters: 0.999987 0.00139967 -0.00502998 -0.00125132 0.999566 0.0294407 0.00506903 -0.0294333 0.999554 -0.0851091 0.576666 1.25908
FixedParameters: 0 0 0

#Transform 46
Transform: AffineTransform_float_3_3
Parameters: 0.99999 0.00199474 -0.00415969 -0.00190326 0.999762 0.0217041 0.00420229 -0.0216958 0.999756 -0.129514 0.415082 0.998902
FixedParameters: 0 0 0

#Transform 47
Transform: AffineTransform_float_3_3
Parameters: 0.999986 0.00377532 -0.00385336 -0.00375068 0.999972 0.00655655 0.00387865 -0.00654246 0.999971 -0.27573 0.00406415 0.333415
FixedParameters: 0 0 0

#Transform 48
Transform: AffineTransform_float_3_3
Parameters: 0.999991 0.00287482 -0.00332899 -0.00285518 0.999979 0.00594256 0.00334601 -0.00593344 0.999977 -0.184521 0.0976197 0.158913
FixedParameters: 0 0 0

#Transform 49
Transform: AffineTransform_float_3_3
Parameters: 0.999992 0.00271177 -0.003163 -0.00269323 0.999979 0.00592457 0.003179 -0.00591543 0.999978 -0.233482 0.146133 0.16134
FixedParameters: 0 0 0

#Transform 50
Transform: AffineTransform_float_3_3
Parameters: 0.999992 0.00314885 -0.00255178 -0.00313415 0.999979 0.00580205 0.00257022 -0.00579496 0.99998 -0.272593 0.1858 0.156632
FixedParameters: 0 0 0

#Transform 51
Transform: AffineTransform_float_3_3
Parameters: 0.999993 0.00285497 -0.00217929 -0.00284603 0.999987 0.00410923 0.00219071 -0.00410377 0.999989 -0.278968 0.174315 -0.00695732
FixedParameters: 0 0 0

#Transform 52
Transform: AffineTransform_float_3_3
Parameters: 0.999994 0.00281268 -0.00212218 -0.00280532 0.999991 0.00314197 0.00213082 -0.00313603 0.999993 -0.27828 0.187497 -0.0292884
FixedParameters: 0 0 0

#Transform 53
Transform: AffineTransform_float_3_3
Parameters: 0.999992 0.00308699 -0.00272598 -0.00307901 0.999991 0.00292942 0.00273502 -0.00292158 0.999992 -0.296166 0.170898 -0.0985028
FixedParameters: 0 0 0

#Transform 54
Transform: AffineTransform_float_3_3
Parameters: 0.999993 0.00260431 -0.00292139 -0.0025977 0.999995 0.00215961 0.00292661 -0.0021524 0.999994 -0.239407 0.19603 -0.11298
FixedParameters: 0 0 0

#Transform 55
Transform: AffineTransform_float_3_3
Parameters: 0.999992 0.00290417 -0.00300308 -0.00289683 0.999993 0.00238872 0.00300992 -0.00238028 0.999992 -0.253793 0.169718 -0.0939387
FixedParameters: 0 0 0

#Transform 56
Transform: AffineTransform_float_3_3
Parameters: 0.999991 0.0030309 -0.00311832 -0.00302411 0.999993 0.00221245 0.00312569 -0.00220355 0.999992 -0.251749 0.0901705 -0.101766
FixedParameters: 0 0 0

#Transform 57
Transform: AffineTransform_float_3_3
Parameters: 0.999991 0.00293224 -0.00314627 -0.00292476 0.999993 0.00230322 0.00315373 -0.00229377 0.999993 -0.252879 0.0768623 -0.108912
FixedParameters: 0 0 0

#Transform 58
Transform: AffineTransform_float_3_3
Parameters: 0.99999 0.00289969 -0.00319914 -0.0028903 0.999992 0.00271927 0.00320686 -0.00270973 0.999991 -0.256981 0.0766094 -0.128516
FixedParameters: 0 0 0

#Transform 59
Transform: AffineTransform_float_3_3
Parameters: 0.999991 0.00294866 -0.00305562 -0.00294133 0.999992 0.00251001 0.00306238 -0.00250099 0.999992 -0.256016 0.101296 -0.144628
FixedParameters: 0 0 0

#Transform 60
Transform: AffineTransform_float_3_3
Parameters: 0.999991 0.00284785 -0.00320604 -0.00284015 0.999993 0.00245113 0.00321296 -0.00244187 0.999992 -0.256836 0.0875619 -0.173813
FixedParameters: 0 0 0

#Transform 61
Transform: AffineTransform_float_3_3
Parameters: 0.99999 0.00292785 -0.00353434 -0.00292115 0.999994 0.00194134 0.00354066 -0.00193065 0.999992 -0.273455 0.152811 -0.163617
FixedParameters: 0 0 0

#Transform 62
Transform: AffineTransform_float_3_3
Parameters: 0.999988 0.00320671 -0.00382539 -0.0032003 0.999994 0.00175727 0.00383062 -0.00174574 0.999991 -0.27719 0.121799 -0.203499
FixedParameters: 0 0 0

#Transform 63
Transform: AffineTransform_float_3_3
Parameters: 0.99999 0.00309739 -0.00338808 -0.00309161 0.999994 0.00159449 0.00339292 -0.00158351 0.999993 -0.28016 0.118169 -0.16602
FixedParameters: 0 0 0

#Transform 64
Transform: AffineTransform_float_3_3
Parameters: 0.999989 0.00352247 -0.0032732 -0.00351853 0.999993 0.00136953 0.0032778 -0.00135747 0.999993 -0.304589 0.125783 -0.152409
FixedParameters: 0 0 0

#Transform 65
Transform: AffineTransform_float_3_3
Parameters: 0.99999 0.00359298 -0.00289359 -0.00358602 0.999992 0.0020684 0.0029014 -0.0020576 0.999993 -0.288981 0.0942772 -0.130677
FixedParameters: 0 0 0

#Transform 66
Transform: AffineTransform_float_3_3
Parameters: 0.99999 0.0035034 -0.00300756 -0.00349659 0.999991 0.00213254 0.00301544 -0.00212146 0.999993 -0.280407 0.0841327 -0.152503
FixedParameters: 0 0 0

#Transform 67
Transform: AffineTransform_float_3_3
Parameters: 0.999988 0.00331528 -0.00342397 -0.00330872 0.999993 0.00212835 0.00343103 -0.00211765 0.999992 -0.278432 0.111292 -0.196952
FixedParameters: 0 0 0

#Transform 68
Transform: AffineTransform_float_3_3
Parameters: 0.999987 0.003239 -0.00388984 -0.003234 0.999994 0.0012916 0.00389416 -0.0012794 0.999991 -0.289013 0.0842231 -0.239305
FixedParameters: 0 0 0

#Transform 69
Transform: AffineTransform_float_3_3
Parameters: 0.999989 0.00279688 -0.00357897 -0.00279312 0.999995 0.00108801 0.00358203 -0.00107799 0.999993 -0.222436 0.129514 -0.23752
FixedParameters: 0 0 0

#Transform 70
Transform: AffineTransform_float_3_3
Parameters: 0.999987 0.00322636 -0.00398166 -0.00322063 0.999994 0.00135284 0.00398634 -0.00134016 0.999991 -0.26407 0.157452 -0.254216
FixedParameters: 0 0 0

#Transform 71
Transform: AffineTransform_float_3_3
Parameters: 0.999986 0.00345157 -0.00405011 -0.00344643 0.999994 0.00113498 0.00405389 -0.00112102 0.999991 -0.292064 0.155908 -0.263603
FixedParameters: 0 0 0

#Transform 72
Transform: AffineTransform_float_3_3
Parameters: 0.999988 0.00332824 -0.00373912 -0.00332477 0.999994 0.000871442 0.00374188 -0.000859557 0.999992 -0.275852 0.155137 -0.21997
FixedParameters: 0 0 0

#Transform 73
Transform: AffineTransform_float_3_3
Parameters: 0.999988 0.00321567 -0.00373885 -0.00321233 0.999995 0.000986023 0.00374215 -0.000973979 0.999993 -0.250274 0.120387 -0.231137
FixedParameters: 0 0 0

#Transform 74
Transform: AffineTransform_float_3_3
Parameters: 0.999988 0.00332648 -0.00366504 -0.00332153 0.999994 0.00149819 0.00366996 -0.00148681 0.999992 -0.271636 0.107426 -0.212258
FixedParameters: 0 0 0

#Transform 75
Transform: AffineTransform_float_3_3
Parameters: 0.999988 0.00311218 -0.00371984 -0.00310683 0.999994 0.00166458 0.00372516 -0.00165343 0.999991 -0.272407 0.0765072 -0.218737
FixedParameters: 0 0 0

#Transform 76
Transform: AffineTransform_float_3_3
Parameters: 0.999988 0.00318085 -0.00387357 -0.00317315 0.999993 0.00203132 0.00387944 -0.00201968 0.99999 -0.258517 0.0860185 -0.258071
FixedParameters: 0 0 0

#Transform 77
Transform: AffineTransform_float_3_3
Parameters: 0.999988 0.00302983 -0.00380978 -0.00302217 0.999994 0.00205954 0.00381621 -0.00204746 0.99999 -0.251221 0.0826733 -0.259732
FixedParameters: 0 0 0

#Transform 78
Transform: AffineTransform_float_3_3
Parameters: 0.999986 0.00336148 -0.00411071 -0.00335552 0.999993 0.00158182 0.00411629 -0.00156819 0.999991 -0.288503 0.0932202 -0.244942
FixedParameters: 0 0 0

#Transform 79
Transform: AffineTransform_float_3_3
Parameters: 0.999986 0.00340783 -0.00387387 -0.00340216 0.999993 0.0015122 0.00387913 -0.0014988 0.999992 -0.274347 0.0981876 -0.204322
FixedParameters: 0 0 0

#Transform 80
Transform: AffineTransform_float_3_3
Parameters: 0.999984 0.00337724 -0.00441298 -0.00337175 0.999993 0.0011969 0.00441701 -0.0011811 0.999989 -0.257623 0.198625 -0.263821
FixedParameters: 0 0 0

#Transform 81
Transform: AffineTransform_float_3_3
Parameters: 0.999985 0.00361962 -0.0042315 -0.00361138 0.999992 0.00180731 0.00423751 -0.00179169 0.99999 -0.298551 0.0960906 -0.218988
FixedParameters: 0 0 0

#Transform 82
Transform: AffineTransform_float_3_3
Parameters: 0.999984 0.00369739 -0.00425746 -0.00369061 0.999992 0.00150874 0.00426354 -0.00149226 0.99999 -0.300338 0.0749874 -0.215653
FixedParameters: 0 0 0

#Transform 83
Transform: AffineTransform_float_3_3
Parameters: 0.999983 0.00362138 -0.00442897 -0.00361462 0.999992 0.00167404 0.00443503 -0.00165797 0.999989 -0.300645 0.129429 -0.205397
FixedParameters: 0 0 0

#Transform 84
Transform: AffineTransform_float_3_3
Parameters: 0.999982 0.00349941 -0.00471925 -0.00349258 0.999993 0.00136651 0.00472475 -0.00135049 0.999988 -0.289643 0.125299 -0.245955
FixedParameters: 0 0 0

#Transform 85
Transform: AffineTransform_float_3_3
Parameters: 0.999981 0.00383615 -0.004711 -0.00382985 0.999992 0.00131407 0.004716 -0.00129593 0.999988 -0.266 0.168204 -0.242226
FixedParameters: 0 0 0

#Transform 86
Transform: AffineTransform_float_3_3
Parameters: 0.999983 0.00351893 -0.00461349 -0.00351207 0.999993 0.00129223 0.00461852 -0.00127577 0.999989 -0.267992 0.111497 -0.23506
FixedParameters: 0 0 0

#Transform 87
Transform: AffineTransform_float_3_3
Parameters: 0.999983 0.00384565 -0.00454681 -0.00383035 0.999986 0.00344648 0.00456019 -0.00342852 0.999983 -0.26711 0.0948435 -0.14972
FixedParameters: 0 0 0

#Transform 88
Transform: AffineTransform_float_3_3
Parameters: 0.999977 0.00419824 -0.0053709 -0.00418475 0.999987 0.00266054 0.00538211 -0.00263847 0.999982 -0.315443 0.139084 -0.247035
FixedParameters: 0 0 0

#Transform 89
Transform: AffineTransform_float_3_3
Parameters: 0.999978 0.0039314 -0.00532086 -0.00391859 0.999989 0.0023399 0.00533014 -0.0023191 0.999983 -0.277015 0.152513 -0.278775
FixedParameters: 0 0 0

#Transform 90
Transform: AffineTransform_float_3_3
Parameters: 0.999975 0.0042656 -0.00562198 -0.00425541 0.999989 0.00189497 0.00563003 -0.00187103 0.999983 -0.290694 0.147883 -0.271466
FixedParameters: 0 0 0

#Transform 91
Transform: AffineTransform_float_3_3
Parameters: 0.999977 0.00397251 -0.00546528 -0.0039655 0.999992 0.0012007 0.00547073 -0.0011793 0.999985 -0.275548 0.132935 -0.25496
FixedParameters: 0 0 0

#Transform 92
Transform: AffineTransform_float_3_3
Parameters: 0.999977 0.00382992 -0.0056106 -0.00382207 0.999991 0.00142248 0.0056164 -0.00140052 0.999983 -0.274384 0.095834 -0.22697
FixedParameters: 0 0 0

#Transform 93
Transform: AffineTransform_float_3_3
Parameters: 0.99998 0.00370814 -0.00515859 -0.00370186 0.999993 0.00119912 0.00516341 -0.00117988 0.999986 -0.24261 0.160906 -0.202875
FixedParameters: 0 0 0

#Transform 94
Transform: AffineTransform_float_3_3
Parameters: 0.999976 0.00442794 -0.00521126 -0.00442006 0.999989 0.00153407 0.00521873 -0.00151093 0.999985 -0.287445 0.0317101 -0.216443
FixedParameters: 0 0 0

#Transform 95
Transform: AffineTransform_float_3_3
Parameters: 0.999977 0.00418383 -0.00520191 -0.00417517 0.99999 0.00170676 0.00520809 -0.00168525 0.999985 -0.268102 0.0667041 -0.206754
FixedParameters: 0 0 0

#Transform 96
Transform: AffineTransform_float_3_3
Parameters: 0.999968 0.00424333 -0.00676091 -0.00424066 0.999991 0.000507687 0.00676309 -0.000478317 0.999977 -0.242289 0.104872 -0.246789
FixedParameters: 0 0 0

#Transform 97
Transform: AffineTransform_float_3_3
Parameters: 0.999967 0.00438981 -0.00685468 -0.00439419 0.99999 -0.000595899 0.00685132 0.000626097 0.999977 -0.245318 0.0584409 -0.217932
FixedParameters: 0 0 0

#Transform 98
Transform: AffineTransform_float_3_3
Parameters: 0.999916 0.00965271 -0.00866433 -0.00958728 0.999925 0.00759471 0.00873665 -0.0075103 0.999933 -0.642635 -0.0115696 1.07388
FixedParameters: 0 0 0

#Transform 99
Transform: AffineTransform_float_3_3
Parameters: 0.999937 0.00692797 -0.00885587 -0.00691504 0.999975 0.00149333 0.00886612 -0.00143267 0.999959 -0.415095 -0.276935 1.15644
FixedParameters: 0 0 0

#Transform 100
Transform: AffineTransform_float_3_3
Parameters: 0.999949 0.00036264 -0.010099 -0.00041436 0.999987 -0.00508408 0.010097 0.00508792 0.999936 -0.198089 -0.201027 0.100047
FixedParameters: 0 0 0

#Transform 101
Transform: AffineTransform_float_3_3
Parameters: 0.999956 0.00262864 -0.00901791 -0.00270536 0.999959 -0.00857697 0.00899509 0.00860102 0.999922 -0.00954909 0.00836599 -0.590731
FixedParameters: 0 0 0

#Transform 102
Transform: AffineTransform_float_3_3
Parameters: 0.999872 0.00390884 -0.0154985 -0.00387515 0.99999 0.00221334 0.0155075 -0.00215266 0.999878 -0.401094 0.196767 -0.384105
FixedParameters: 0 0 0

#Transform 103
Transform: AffineTransform_float_3_3
Parameters: 0.999872 0.0083943 -0.0136023 -0.00818271 0.999845 0.0155883 0.0137308 -0.0154757 0.999786 -0.55554 0.463809 0.116621
FixedParameters: 0 0 0

#Transform 104
Transform: AffineTransform_float_3_3
Parameters: 0.999883 0.00930382 -0.0121523 -0.00913617 0.999863 0.0137926 0.0122797 -0.0136804 0.999831 -0.549625 0.338051 0.124744
FixedParameters: 0 0 0

#Transform 105
Transform: AffineTransform_float_3_3
Parameters: 0.999877 0.00968235 -0.0123806 -0.00953365 0.999882 0.0120665 0.0124954 -0.0119465 0.99985 -0.569345 0.285154 0.0310249
FixedParameters: 0 0 0

#Transform 106
Transform: AffineTransform_float_3_3
Parameters: 0.999874 0.0100478 -0.0122758 -0.00998016 0.999934 0.00557521 0.0123312 -0.00545178 0.999909 -0.56684 0.275302 -0.221337
FixedParameters: 0 0 0

#Transform 107
Transform: AffineTransform_float_3_3
Parameters: 0.999836 0.0103024 -0.0148844 -0.0102576 0.999942 0.00305518 0.0149146 -0.00290282 0.999885 -0.633603 0.254282 -0.305946
FixedParameters: 0 0 0

#Transform 108
Transform: AffineTransform_float_3_3
Parameters: 0.999848 0.00835897 -0.0152675 -0.00830301 0.999958 0.00372633 0.0152985 -0.00359867 0.999877 -0.531662 0.0315775 -0.241877
FixedParameters: 0 0 0

#Transform 109
Transform: AffineTransform_float_3_3
Parameters: 0.999843 0.00906416 -0.0152143 -0.00900385 0.999952 0.00401762 0.0152497 -0.00388039 0.999876 -0.599019 0.192227 -0.297913
FixedParameters: 0 0 0

#Transform 110
Transform: AffineTransform_float_3_3
Parameters: 0.999849 0.00897198 -0.0149167 -0.00892302 0.999954 0.00334661 0.0149464 -0.00321339 0.999883 -0.602067 0.178894 -0.348
FixedParameters: 0 0 0

#Transform 111
Transform: AffineTransform_float_3_3
Parameters: 0.999844 0.00857476 -0.0154892 -0.00780026 0.998752 0.0493426 0.0158927 -0.0492135 0.998662 -0.513091 0.808917 1.47839
FixedParameters: 0 0 0

#Transform 112
Transform: AffineTransform_float_3_3
Parameters: 0.999923 0.00588402 -0.010979 -0.00535399 0.998847 0.0476954 0.011247 -0.0476335 0.998801 -0.274275 0.821409 1.75463
FixedParameters: 0 0 0

#Transform 113
Transform: AffineTransform_float_3_3
Parameters: 0.999855 0.0104285 -0.0134508 -0.0103665 0.999935 0.00470612 0.0134992 -0.00456589 0.999899 -0.6012 0.3061 0.0742608
FixedParameters: 0 0 0

#Transform 114
Transform: AffineTransform_float_3_3
Parameters: 0.999878 0.00892318 -0.0127718 -0.00886082 0.999948 0.00491677 0.0128142 -0.00480324 0.999907 -0.478511 0.225068 0.0291832
FixedParameters: 0 0 0

#Transform 115
Transform: AffineTransform_float_3_3
Parameters: 0.999854 0.00848996 -0.0148344 -0.00840103 0.999947 0.00604951 0.0148856 -0.00592349 0.999871 -0.487658 0.224845 0.0537349
FixedParameters: 0 0 0

#Transform 116
Transform: AffineTransform_float_3_3
Parameters: 0.999827 0.00843623 -0.0165468 -0.00832677 0.999943 0.00665893 0.0166022 -0.00652007 0.999841 -0.486045 0.196296 0.0989309
FixedParameters: 0 0 0

#Transform 117
Transform: AffineTransform_float_3_3
Parameters: 0.99983 0.00858107 -0.0163055 -0.00846693 0.99994 0.00705226 0.0163655 -0.00691274 0.999842 -0.473717 0.195618 0.0871812
FixedParameters: 0 0 0

#Transform 118
Transform: AffineTransform_float_3_3
Parameters: 0.999821 0.00913126 -0.0165997 -0.00900674 0.99993 0.00760487 0.0166683 -0.00745413 0.999834 -0.533582 0.269338 0.148571
FixedParameters: 0 0 0

#Transform 119
Transform: AffineTransform_float_3_3
Parameters: 0.999819 0.00893308 -0.0167998 -0.00881691 0.999937 0.00697138 0.0168612 -0.00682161 0.999834 -0.510425 0.219418 0.116237
FixedParameters: 0 0 0

#Transform 120
Transform: AffineTransform_float_3_3
Parameters: 0.999813 0.00945501 -0.0169133 -0.00933099 0.999929 0.0073962 0.0169817 -0.00723679 0.999829 -0.558618 0.219609 0.0571928
FixedParameters: 0 0 0

#Transform 121
Transform: AffineTransform_float_3_3
Parameters: 0.999826 0.00901781 -0.0163703 -0.0089142 0.99994 0.00640305 0.0164268 -0.00625596 0.999846 -0.542616 0.254155 0.0241095
FixedParameters: 0 0 0

#Transform 122
Transform: AffineTransform_float_3_3
Parameters: 0.999832 0.00859681 -0.0161772 -0.00849018 0.999942 0.00659846 0.0162338 -0.00645953 0.999848 -0.542488 0.260781 0.088814
FixedParameters: 0 0 0

#Transform 123
Transform: AffineTransform_float_3_3
Parameters: 0.999826 0.00845527 -0.0166593 -0.00827173 0.999905 0.0110397 0.0167508 -0.0108993 0.999801 -0.521993 0.280211 0.251541
FixedParameters: 0 0 0

#Transform 124
Transform: AffineTransform_float_3_3
Parameters: 0.99984 0.00885347 -0.0155005 -0.00875151 0.99994 0.0066027 0.0155585 -0.00646528 0.999858 -0.543198 0.186381 0.061579
FixedParameters: 0 0 0

#Transform 125
Transform: AffineTransform_float_3_3
Parameters: 0.999836 0.00906605 -0.0156438 -0.00904595 0.999958 0.00141574 0.0156562 -0.00127427 0.999876 -0.549285 0.0877244 -0.21096
FixedParameters: 0 0 0

#Transform 126
Transform: AffineTransform_float_3_3
Parameters: 0.999864 0.00697928 -0.0149067 -0.00692572 0.999969 0.00368974 0.0149323 -0.00358627 0.999882 -0.430719 0.179868 -0.113983
FixedParameters: 0 0 0

#Transform 127
Transform: AffineTransform_float_3_3
Parameters: 0.999841 0.00835829 -0.0157565 -0.00829071 0.999957 0.00433132 0.0157915 -0.00419968 0.999867 -0.513532 0.171817 0.0331279
FixedParameters: 0 0 0

#Transform 128
Transform: AffineTransform_float_3_3
Parameters: 0.999848 0.00807931 -0.015455 -0.00801169 0.999958 0.00441249 0.01549 -0.0042875 0.999871 -0.513496 0.131111 0.049519
FixedParameters: 0 0 0

#Transform 129
Transform: AffineTransform_float_3_3
Parameters: 0.999873 0.00807717 -0.0137821 -0.00802583 0.99996 0.00376409 0.0138119 -0.0036529 0.999898 -0.471823 0.196184 -0.113941
FixedParameters: 0 0 0

#Transform 130
Transform: AffineTransform_float_3_3
Parameters: 0.999854 0.00782311 -0.0151904 -0.00773489 0.999952 0.00591536 0.0152366 -0.00579765 0.999867 -0.483641 0.274786 0.0126556
FixedParameters: 0 0 0

#Transform 131
Transform: AffineTransform_float_3_3
Parameters: 0.999894 0.00664471 -0.0129585 -0.00657529 0.999963 0.00541478 0.0129935 -0.00532923 0.999902 -0.334373 0.206677 0.106638
FixedParameters: 0 0 0

#Transform 132
Transform: AffineTransform_float_3_3
Parameters: 0.999911 0.00608186 -0.0118726 -0.00602814 0.999971 0.00456697 0.0119004 -0.00449502 0.999919 -0.391547 0.155754 0.155752
FixedParameters: 0 0 0

#Transform 133
Transform: AffineTransform_float_3_3
Parameters: 0.999908 0.00721245 -0.0115527 -0.00717455 0.999969 0.00328019 0.0115763 -0.0031968 0.999928 -0.428942 0.122761 0.0755272
FixedParameters: 0 0 0

#Transform 134
Transform: AffineTransform_float_3_3
Parameters: 0.999904 0.00758234 -0.0116144 -0.00754265 0.999965 0.00342793 0.0116406 -0.00334006 0.999926 -0.45762 0.130513 0.0957676
FixedParameters: 0 0 0

#Transform 135
Transform: AffineTransform_float_3_3
Parameters: 0.999908 0.00852754 -0.0105494 -0.00849146 0.999958 0.00340889 0.0105776 -0.0033191 0.999938 -0.542809 0.14108 0.086165
FixedParameters: 0 0 0

#Transform 136
Transform: AffineTransform_float_3_3
Parameters: 0.999912 0.00835307 -0.0103237 -0.00831795 0.99996 0.00343418 0.0103513 -0.00334883 0.999941 -0.472711 0.170628 -0.0623941
FixedParameters: 0 0 0

#Transform 137
Transform: AffineTransform_float_3_3
Parameters: 0.999925 0.00733998 -0.0098571 -0.00730101 0.999965 0.00398527 0.00988592 -0.00391273 0.999944 -0.443355 0.207183 0.112746
FixedParameters: 0 0 0

#Transform 138
Transform: AffineTransform_float_3_3
Parameters: 0.999925 0.00762466 -0.00960434 -0.00761434 0.999971 0.00104221 0.00961166 -0.000968788 0.999954 -0.469078 0.174944 -0.0816848
FixedParameters: 0 0 0

#Transform 139
Transform: AffineTransform_float_3_3
Parameters: 0.999915 0.00789411 -0.010323 -0.00792889 0.999964 -0.00324642 0.010297 0.00332757 0.999941 -0.473121 0.077689 -0.237913
FixedParameters: 0 0 0

#Transform 140
Transform: AffineTransform_float_3_3
Parameters: 0.999894 0.00774956 -0.0122765 -0.00779242 0.999963 -0.0034937 0.0122495 0.0035893 0.999918 -0.517102 0.0249205 -0.180206
FixedParameters: 0 0 0

#Transform 141
Transform: AffineTransform_float_3_3
Parameters: 0.99991 0.00774155 -0.0108929 -0.00773944 0.99997 0.000185321 0.0108931 -0.000100679 0.99994 -0.477768 0.0703659 -0.0632284
FixedParameters: 0 0 0

#Transform 142
Transform: AffineTransform_float_3_3
Parameters: 0.999911 0.00686566 -0.0114288 -0.00683735 0.999974 0.00254437 0.0114452 -0.00246664 0.999932 -0.44738 0.152908 0.0995407
FixedParameters: 0 0 0

#Transform 143
Transform: AffineTransform_float_3_3
Parameters: 0.999917 0.00736402 -0.0105605 -0.00734597 0.999971 0.00174472 0.0105735 -0.00166627 0.999942 -0.447144 0.129685 0.111288
FixedParameters: 0 0 0

#Transform 144
Transform: AffineTransform_float_3_3
Parameters: 0.999927 0.00719686 -0.00970296 -0.00718614 0.999973 0.00115381 0.00971105 -0.00108419 0.999953 -0.424233 0.185519 -0.0387078
FixedParameters: 0 0 0

#Transform 145
Transform: AffineTransform_float_3_3
Parameters: 0.99992 0.00777004 -0.00999801 -0.00775196 0.999969 0.00184165 0.010012 -0.00176435 0.999949 -0.446407 0.163318 0.123431
FixedParameters: 0 0 0

#Transform 146
Transform: AffineTransform_float_3_3
Parameters: 0.999854 0.0116005 -0.0125498 -0.0109375 0.998602 0.0517028 0.0131323 -0.0515582 0.998583 -0.62723 1.04346 1.96831
FixedParameters: 0 0 0

#Transform 147
Transform: AffineTransform_float_3_3
Parameters: 0.999832 0.0136943 -0.0121949 -0.0136707 0.999904 0.00199305 0.0122211 -0.00182595 0.999923 -0.811886 -0.0620359 0.573628
FixedParameters: 0 0 0

#Transform 148
Transform: AffineTransform_float_3_3
Parameters: 0.999819 0.0150431 -0.0116333 -0.0151109 0.999869 -0.00576925 0.0115447 0.00594374 0.999915 -0.925104 -0.292562 -0.5202
FixedParameters: 0 0 0

#Transform 149
Transform: AffineTransform_float_3_3
Parameters: 0.999906 0.0101696 -0.00924927 -0.0101574 0.999947 0.00130007 0.00926175 -0.00120693 0.999957 -0.571752 -0.00110766 -0.286364
FixedParameters: 0 0 0

#Transform 150
Transform: AffineTransform_float_3_3
Parameters: 0.999889 0.0109148 -0.0102034 -0.0109032 0.99994 0.00120939 0.0102156 -0.00109862 0.999947 -0.620459 0.125363 -0.340211
FixedParameters: 0 0 0

#Transform 151
Transform: AffineTransform_float_3_3
Parameters: 0.99988 0.0110912 -0.0108767 -0.0110858 0.999939 0.000629653 0.0108833 -0.000509352 0.99994 -0.656984 0.0581678 -0.391143
FixedParameters: 0 0 0

#Transform 152
Transform: AffineTransform_float_3_3
Parameters: 0.999872 0.0114676 -0.0111623 -0.0114644 0.999934 0.000298007 0.0111657 -0.000169978 0.999937 -0.689254 0.0578484 -0.395329
FixedParameters: 0 0 0

#Transform 153
Transform: AffineTransform_float_3_3
Parameters: 0.999878 0.0112716 -0.0107953 -0.0112694 0.999937 0.000207683 0.0107967 -8.6315e-05 0.999941 -0.693356 0.0681366 -0.344009
FixedParameters: 0 0 0

#Transform 154
Transform: AffineTransform_float_3_3
Parameters: 0.999884 0.0109689 -0.0106341 -0.0109671 0.99994 0.000234653 0.0106359 -0.000118349 0.999944 -0.659697 0.0779461 -0.345098
FixedParameters: 0 0 0

#Transform 155
Transform: AffineTransform_float_3_3
Parameters: 0.999871 0.0116631 -0.0111106 -0.011656 0.999932 0.000698595 0.0111184 -0.000569399 0.999938 -0.705699 0.0587188 -0.342466
FixedParameters: 0 0 0

#Transform 156
Transform: AffineTransform_float_3_3
Parameters: 0.999865 0.0116146 -0.0115644 -0.0116104 0.999933 0.00046633 0.0115686 -0.000332679 0.999933 -0.666741 -0.02025 -0.354818
FixedParameters: 0 0 0

#Transform 157
Transform: AffineTransform_float_3_3
Parameters: 0.999861 0.0119311 -0.0115981 -0.0118999 0.999926 0.0027454 0.0116299 -0.0026066 0.999929 -0.69244 -0.0236328 -0.35806
FixedParameters: 0 0 0

#Transform 158
Transform: AffineTransform_float_3_3
Parameters: 0.999902 0.0134914 -0.00377783 -0.0133926 0.999599 0.0249561 0.00411217 -0.024903 0.999682 -0.51436 0.371108 2.62447
FixedParameters: 0 0 0

#Transform 159
Transform: AffineTransform_float_3_3
Parameters: 0.99982 0.0185684 0.00387284 -0.0185026 0.999696 -0.0162826 -0.00417417 0.0162084 0.99986 -0.8373 -0.5322 1.73041
FixedParameters: 0 0 0

#Transform 160
Transform: AffineTransform_float_3_3
Parameters: 0.999805 0.0194976 0.00314208 -0.0194654 0.999759 -0.0100871 -0.00333792 0.0100239 0.999944 -0.738996 -0.210087 -0.0897737
FixedParameters: 0 0 0

#Transform 161
Transform: AffineTransform_float_3_3
Parameters: 0.999895 0.0142731 0.00230081 -0.0143449 0.999303 0.0344846 -0.00180715 -0.0345144 0.999402 -0.734074 1.15648 2.60413
FixedParameters: 0 0 0

#Transform 162
Transform: AffineTransform_float_3_3
Parameters: 0.999897 0.0143007 0.000274125 -0.0143022 0.99935 0.0330714 0.00019914 -0.0330725 0.999453 -0.711918 0.628509 3.09218
FixedParameters: 0 0 0

#Transform 163
Transform: AffineTransform_float_3_3
Parameters: 0.999877 0.0155117 0.00205477 -0.0155623 0.999489 0.0278964 -0.00162124 -0.0279255 0.999608 -0.569822 0.281812 2.73538
FixedParameters: 0 0 0

#Transform 164
Transform: AffineTransform_float_3_3
Parameters: 0.999865 0.0163866 -0.000543654 -0.0163584 0.999299 0.0336694 0.00109533 -0.0336566 0.999433 -0.640403 0.641166 2.70514
FixedParameters: 0 0 0

#Transform 165
Transform: AffineTransform_float_3_3
Parameters: 0.999856 0.0169451 -0.00146811 -0.0168899 0.999354 0.0317404 0.00200489 -0.0317106 0.999495 -0.671546 0.606392 2.63604
FixedParameters: 0 0 0

#Transform 166
Transform: AffineTransform_float_3_3
Parameters: 0.999712 0.0177727 -0.0161272 -0.0190803 0.996207 -0.0849048 0.0145568 0.0851883 0.996259 -1.48811 -2.05948 -0.0646994
FixedParameters: 0 0 0

#Transform 167
Transform: AffineTransform_float_3_3
Parameters: 0.999935 0.00357459 -0.0108242 -0.00490939 0.992033 -0.125882 0.0102877 0.125927 0.991986 -0.415163 -3.19325 -0.0636284
FixedParameters: 0 0 0

#Transform 168
Transform: AffineTransform_float_3_3
Parameters: 0.999961 -0.00165683 0.00859159 0.00242211 0.995954 -0.0898297 -0.00840739 0.0898474 0.99592 0.512683 -2.45874 1.37707
FixedParameters: 0 0 0

#Transform 169
Transform: AffineTransform_float_3_3
Parameters: 0.999887 0.0091273 0.0119561 -0.0087127 0.999373 -0.0343391 -0.0122619 0.034231 0.999338 0.445984 -1.12944 3.0614
FixedParameters: 0 0 0

#Transform 170
Transform: AffineTransform_float_3_3
Parameters: 0.999969 0.00704546 0.0033414 -0.00698654 0.999822 -0.0174849 -0.0034636 0.0174611 0.999841 0.137866 -0.817938 3.2188
FixedParameters: 0 0 0

#Transform 171
Transform: AffineTransform_float_3_3
Parameters: 0.999973 0.00704037 0.00208656 -0.00701262 0.999887 -0.013306 -0.00218045 0.013291 0.99991 0.12521 -0.611712 3.25529
FixedParameters: 0 0 0

#Transform 172
Transform: AffineTransform_float_3_3
Parameters: 0.999982 0.0054698 0.00219144 -0.0054362 0.99987 -0.0151452 -0.00227356 0.0151328 0.999883 0.179088 -0.661701 3.19653
FixedParameters: 0 0 0

#Transform 173
Transform: AffineTransform_float_3_3
Parameters: 0.999985 0.00504571 0.00245509 -0.00500329 0.999841 -0.0171036 -0.00254091 0.0170904 0.99985 0.219459 -0.698058 3.11435
FixedParameters: 0 0 0

#Transform 174
Transform: AffineTransform_float_3_3
Parameters: 0.999983 0.00558518 0.0016393 -0.00555883 0.999864 -0.0155624 -0.00172569 0.0155526 0.999877 0.162721 -0.643804 3.10998
FixedParameters: 0 0 0

#Transform 175
Transform: AffineTransform_float_3_3
Parameters: 0.999982 0.0060271 0.00105782 -0.0060099 0.999862 -0.0154846 -0.00115118 0.0154783 0.999879 0.126094 -0.682042 3.14896
FixedParameters: 0 0 0

#Transform 176
Transform: AffineTransform_float_3_3
Parameters: 0.999986 0.00520176 0.00119501 -0.00518223 0.999859 -0.0159874 -0.001278 0.0159816 0.999871 0.189077 -0.658257 3.10024
FixedParameters: 0 0 0

#Transform 177
Transform: AffineTransform_float_3_3
Parameters: 0.999985 0.00536947 0.000938458 -0.00535455 0.999862 -0.0157693 -0.00102255 0.0157638 0.999875 0.188047 -0.627017 3.1291
FixedParameters: 0 0 0

#Transform 178
Transform: AffineTransform_float_3_3
Parameters: 0.999984 0.00566511 0.000373407 -0.0056579 0.999842 -0.0168844 -0.000468589 0.0168816 0.999858 0.192646 -0.664373 3.07552
FixedParameters: 0 0 0

#Transform 179
Transform: AffineTransform_float_3_3
Parameters: 0.999986 0.0054166 0.000275707 -0.00541042 0.999786 -0.0200038 -0.000383303 0.0200022 0.9998 0.142977 -0.705561 2.9846
FixedParameters: 0 0 0

#Transform 180
Transform: AffineTransform_float_3_3
Parameters: 0.999982 0.00596456 0.000596101 -0.00595141 0.999769 -0.0206279 -0.000719908 0.0206241 0.999787 0.107719 -0.699109 2.92937
FixedParameters: 0 0 0

#Transform 181
Transform: AffineTransform_float_3_3
Parameters: 0.999983 0.00589964 0.000512602 -0.00588838 0.999808 -0.0187293 -0.000622384 0.0187257 0.999824 0.0978483 -0.857135 3.02447
FixedParameters: 0 0 0

#Transform 182
Transform: AffineTransform_float_3_3
Parameters: 0.99998 0.00642295 -7.40909e-05 -0.00642306 0.999731 -0.022275 -6.90923e-05 0.022275 0.999752 -0.0345308 -0.809791 2.77943
FixedParameters: 0 0 0

#Transform 183
Transform: AffineTransform_float_3_3
Parameters: 0.999986 0.00525943 -0.000885468 -0.00525857 0.999986 0.000483663 0.000888527 -0.000478333 0.999999 0.169597 -0.170003 3.58261
FixedParameters: 0 0 0

#Transform 184
Transform: AffineTransform_float_3_3
Parameters: 0.999982 0.00510427 -0.00313261 -0.00524675 0.99888 -0.0470394 0.00288936 0.0470546 0.998888 0.0848095 -1.26909 1.55915
FixedParameters: 0 0 0

#Transform 185
Transform: AffineTransform_float_3_3
Parameters: 0.999968 0.00633442 -0.00474765 -0.00645158 0.999668 -0.0249552 0.00458833 0.0249848 0.999678 -0.0189715 -0.739505 2.1644
FixedParameters: 0 0 0

#Transform 186
Transform: AffineTransform_float_3_3
Parameters: 0.999972 0.00593896 -0.00452639 -0.00604703 0.999688 -0.0242423 0.00438061 0.0242687 0.999696 -0.0253562 -0.661376 2.16032
FixedParameters: 0 0 0

#Transform 187
Transform: AffineTransform_float_3_3
Parameters: 0.999986 0.00375935 -0.00374091 -0.00381965 0.999863 -0.0160669 0.00368008 0.0160811 0.999864 0.100358 -0.554388 2.45447
FixedParameters: 0 0 0

#Transform 188
Transform: AffineTransform_float_3_3
Parameters: 0.999987 0.00310783 -0.00407299 -0.00317117 0.999874 -0.0155963 0.00402401 0.0156097 0.99987 0.108682 -0.45213 2.455
FixedParameters: 0 0 0

#Transform 189
Transform: AffineTransform_float_3_3
Parameters: 0.999996 0.000648362 -0.00298008 -0.000710636 0.999785 -0.020729 0.00296591 0.020731 0.99978 0.252626 -0.55943 2.22195
FixedParameters: 0 0 0

#Transform 190
Transform: AffineTransform_float_3_3
