#Insight Transform File V1.0
#Transform 0
Transform: AffineTransform_float_3_3
Parameters: 0.999999 -0.0015589 -0.00102812 0.0015571 0.999997 -0.0018476 0.00103088 0.0018464 0.999998 0.0637321 -0.00551784 -0.0449585
FixedParameters: 0 0 0

#Transform 1
Transform: AffineTransform_float_3_3
Parameters: 0.999999 -0.00111513 -0.000930451 0.00111287 0.999997 -0.00228804 0.000933548 0.00228696 0.999997 0.0404244 0.0347853 -0.108696
FixedParameters: 0 0 0

#Transform 2
Transform: AffineTransform_float_3_3
Parameters: 1 -0.00105235 -0.000559473 0.00105065 0.999996 -0.00240359 0.000561527 0.00240341 0.999997 0.0341784 0.0144004 -0.13321
FixedParameters: 0 0 0

#Transform 3
Transform: AffineTransform_float_3_3
Parameters: 1 -0.00100974 -0.000423237 0.00100826 0.999998 -0.00174743 0.000424763 0.00174757 0.999999 0.0491599 -0.0223585 -0.0976212
FixedParameters: 0 0 0

#Transform 4
Transform: AffineTransform_float_3_3
Parameters: 0.999999 -0.00113752 -0.000668112 0.00113648 0.999999 -0.00078176 0.000668888 0.00078024 1 0.0704656 -0.00987987 -0.0439234
FixedParameters: 0 0 0

#Transform 5
Transform: AffineTransform_float_3_3
Parameters: 0.999999 -0.00153878 -0.000887647 0.00153822 0.999999 -0.000880367 0.000889353 0.000878633 0.999999 0.0821292 -0.0519561 -0.0163536
FixedParameters: 0 0 0

#Transform 6
Transform: AffineTransform_float_3_3
Parameters: 0.999999 -0.00153897 -0.000887324 0.00153803 0.999998 -0.00109037 0.000889676 0.00108863 0.999999 0.074968 0.0495727 -0.0534638
FixedParameters: 0 0 0

#Transform 7
Transform: AffineTransform_float_3_3
Parameters: 0.999999 -0.00119281 -0.000887912 0.00119219 0.999999 -0.00091306 0.000889088 0.000911941 0.999999 0.0597369 -0.0535736 -0.0764627
FixedParameters: 0 0 0

#Transform 8
Transform: AffineTransform_float_3_3
Parameters: 0.999999 -0.00126537 -0.00032555 0.00126463 0.999998 -0.00114641 0.000327449 0.00114559 1 0.0543629 -0.0261738 -0.0472227
FixedParameters: 0 0 0

#Transform 9
Transform: AffineTransform_float_3_3
Parameters: 1 -0.000852371 -0.000564443 0.000852632 1 -0.000654482 0.000564558 0.000654519 0.999999 0.0335458 -0.0416582 -0.00849374
FixedParameters: 0 0 0

#Transform 10
Transform: AffineTransform_float_3_3
Parameters: 0.999999 -0.000633638 -0.000716436 0.000632362 1 -0.000890454 0.000716563 0.000889547 1 0.0213116 0.0277751 -0.0208439
FixedParameters: 0 0 0

#Transform 11
Transform: AffineTransform_float_3_3
Parameters: 0.999999 -0.000275659 -0.00067273 0.000275341 1 -0.000979186 0.00067327 0.000978815 1 0.000997281 0.0228266 -0.0273753
FixedParameters: 0 0 0

#Transform 12
Transform: AffineTransform_float_3_3
Parameters: 1 -0.000275229 -0.0006339 0.000274771 1 -0.000361174 0.000634099 0.000360825 0.999999 -0.00780456 -0.0291495 -0.000587824
FixedParameters: 0 0 0

#Transform 13
Transform: AffineTransform_float_3_3
Parameters: 1 -0.000197357 -0.000551872 0.000197643 1 -0.000647109 0.000552128 0.000646891 0.999999 -0.0113125 -0.0330436 -0.022197
FixedParameters: 0 0 0

#Transform 14
Transform: AffineTransform_float_3_3
Parameters: 1 -0.000275462 -0.00055177 0.000274538 0.999999 -0.000837152 0.00055223 0.000837848 1 -0.00394185 0.0347324 -0.0131802
FixedParameters: 0 0 0

#Transform 15
Transform: AffineTransform_float_3_3
Parameters: 0.999999 -6.8399e-05 -0.000752963 6.86009e-05 1 -0.000530052 0.000753036 0.000529948 0.999999 -0.0118282 -0.0410113 0.0197388
FixedParameters: 0 0 0

#Transform 16
Transform: AffineTransform_float_3_3
Parameters: 1 9.88168e-05 -0.00045004 -9.91831e-05 1 -0.000406955 0.00044996 0.000407044 1 -0.0315262 -0.0434144 0.0167133
FixedParameters: 0 0 0

#Transform 17
Transform: AffineTransform_float_3_3
Parameters: 1 -0.000173021 -2.58624e-05 0.000172979 0.999999 -0.000795004 2.61375e-05 0.000794995 0.999999 0.0093307 -0.0292032 -0.0219203
FixedParameters: 0 0 0

#Transform 18
Transform: AffineTransform_float_3_3
Parameters: 1 -0.000368022 -2.56868e-05 0.000367978 0.999999 -0.000851009 2.63131e-05 0.00085099 0.999999 0.0143622 0.0293705 -0.02405
FixedParameters: 0 0 0

#Transform 19
Transform: AffineTransform_float_3_3
Parameters: 1 -0.000271017 -2.58241e-05 0.000270983 1 -0.000649007 2.61759e-05 0.000648993 1 0.0118769 -0.0254269 -0.0190059
FixedParameters: 0 0 0

#Transform 20
Transform: AffineTransform_float_3_3
Parameters: 1 3.40049e-05 2.79941e-05 -3.39951e-05 1 -0.000174001 -2.80059e-05 0.000173999 1 0.00335205 -0.00551619 -0.00710995
FixedParameters: 0 0 0

#Transform 21
Transform: AffineTransform_float_3_3
Parameters: 1 -0.000271009 -2.59051e-05 0.000270991 1 -0.000350007 2.60948e-05 0.000349993 1 0.0118739 -0.016287 -0.000672449
FixedParameters: 0 0 0

#Transform 22
Transform: AffineTransform_float_3_3
Parameters: 1 -3.8201e-05 -0.000342978 3.7799e-05 1 -0.000586013 0.000343022 0.000585987 1 0.0261101 0.0437639 -0.0274875
FixedParameters: 0 0 0

#Transform 23
Transform: AffineTransform_float_3_3
Parameters: 0.999999 0.000799989 -2.63208e-05 -0.00080001 0.999999 -0.000400979 2.56792e-05 0.00040102 1 -0.0155501 -0.0366333 -0.0313298
FixedParameters: 0 0 0

#Transform 24
Transform: AffineTransform_float_3_3
Parameters: 0.999999 0.000594138 -0.000464824 -0.000593862 1 0.000296276 0.000465176 -0.000296724 1 -0.0346212 -0.0445749 0.00729148
FixedParameters: 0 0 0

#Transform 25
Transform: AffineTransform_float_3_3
Parameters: 1 0.000273009 -2.59042e-05 -0.000272991 1 0.000351007 2.60958e-05 -0.000350993 1 -0.00203008 -0.0126593 -0.00149758
FixedParameters: 0 0 0

#Transform 26
Transform: AffineTransform_float_3_3
Parameters: 1 0.000101004 -2.59828e-05 -0.000100996 1 0.000170003 2.60172e-05 -0.000169997 1 0.0123568 1.96191e-05 -0.00861821
FixedParameters: 0 0 0

#Transform 27
Transform: AffineTransform_float_3_3
Parameters: 0.999999 0.000705088 -0.000334814 -0.000704911 0.999999 0.000264236 0.000335187 -0.000264764 1 -0.0145196 -0.0041509 0.00207688
FixedParameters: 0 0 0

#Transform 28
Transform: AffineTransform_float_3_3
Parameters: 0.999999 0.000775943 -0.000525083 -0.000776056 0.999999 -0.000107593 0.000524916 0.000108407 1 -0.0342365 -0.055186 -0.00764008
FixedParameters: 0 0 0

#Transform 29
Transform: AffineTransform_float_3_3
Parameters: 0.999999 0.000722996 -2.61041e-05 -0.000723003 0.999999 -0.000143981 2.58959e-05 0.000144019 1 -0.0397738 0.0414434 -0.0226825
FixedParameters: 0 0 0

#Transform 30
Transform: AffineTransform_float_3_3
Parameters: 0.999999 0.000832855 -0.000379316 -0.000833143 0.999999 -0.000379684 0.000378683 0.000380315 1 -0.0371957 -0.00301493 -0.028633
FixedParameters: 0 0 0

#Transform 31
Transform: AffineTransform_float_3_3
Parameters: 0.999999 0.000663899 -0.000319209 -0.0006631 0.999999 -0.000314788 0.000318791 0.000315212 1 -0.0337519 -0.0147433 -0.0214112
FixedParameters: 0 0 0

#Transform 32
Transform: AffineTransform_float_3_3
Parameters: 1 0.00063899 -2.62262e-05 -0.000639009 0.999999 -0.000353983 2.57738e-05 0.000354016 1 -0.0318687 0.00530382 -0.0255569
FixedParameters: 0 0 0

#Transform 33
Transform: AffineTransform_float_3_3
Parameters: 1 0.000614986 -2.63327e-05 -0.000615014 0.999999 -0.000540984 2.56673e-05 0.000541016 1 -0.0356435 -0.00676455 -0.029217
FixedParameters: 0 0 0

#Transform 34
Transform: AffineTransform_float_3_3
Parameters: 0.999999 0.000788954 0.000375097 -0.000789046 0.999999 0.000122704 -0.000374903 -0.000122296 1 -0.0428019 -0.0636763 -0.00136723
FixedParameters: 0 0 0

#Transform 35
Transform: AffineTransform_float_3_3
Parameters: 0.999999 0.000788895 -0.000130636 -0.000789105 1 -0.000805897 0.000130364 0.000806103 0.999999 -0.0352888 0.0269699 -0.0506923
FixedParameters: 0 0 0

#Transform 36
Transform: AffineTransform_float_3_3
Parameters: 0.999999 0.000788959 -0.000130248 -0.00078904 0.999999 -0.000313897 0.000129752 0.000314102 1 -0.0573797 0.0134792 -0.0255519
FixedParameters: 0 0 0

#Transform 37
Transform: AffineTransform_float_3_3
Parameters: 0.999999 0.000789007 -0.000129954 -0.000788992 0.999999 5.81025e-05 0.000130046 -5.78974e-05 1 -0.0574536 -0.0833257 -0.0447364
FixedParameters: 0 0 0

#Transform 38
Transform: AffineTransform_float_3_3
Parameters: 0.999999 0.000788946 -0.000240175 -0.000789053 0.999999 -0.00022181 0.000239825 0.000222189 1 -0.0559911 0.024049 -0.0454688
FixedParameters: 0 0 0

#Transform 39
Transform: AffineTransform_float_3_3
Parameters: 1 0.000521885 -0.000419142 -0.000522114 1 -0.000272781 0.000418857 0.000273219 1 -0.0468924 0.0230515 -0.0541688
FixedParameters: 0 0 0

#Transform 40
Transform: AffineTransform_float_3_3
Parameters: 0.999999 0.00078892 -0.000223282 -0.00078908 0.999999 -0.000357824 0.000223717 0.000358176 1 -0.0562291 -0.00877976 -0.00852311
FixedParameters: 0 0 0

#Transform 41
Transform: AffineTransform_float_3_3
Parameters: 0.999999 0.000789003 -0.000105972 -0.000788996 0.999999 3.60836e-05 0.000106028 -3.59163e-05 1 -0.0577564 -0.0138382 -0.00821575
FixedParameters: 0 0 0

#Transform 42
Transform: AffineTransform_float_3_3
Parameters: 0.999999 0.000789009 -0.000105929 -0.00078899 0.999999 9.00836e-05 0.000106071 -8.99163e-05 1 -0.0729398 -0.0340935 -0.0229807
FixedParameters: 0 0 0

#Transform 43
Transform: AffineTransform_float_3_3
Parameters: 0.999999 0.000789014 -0.000105894 -0.000788985 0.999999 0.000134084 0.000105106 -0.000133917 1 -0.0577448 0.00248311 0.00336164
FixedParameters: 0 0 0

#Transform 44
Transform: AffineTransform_float_3_3
Parameters: 0.999999 0.000594974 -0.000481031 -0.000595025 1 -5.27138e-05 0.000480968 5.32862e-05 1 -0.0523903 0.028534 0.0086702
FixedParameters: 0 0 0

#Transform 45
Transform: AffineTransform_float_3_3
Parameters: 0.999999 0.000789102 -0.000359776 -0.000788897 0.999999 0.000284284 0.000360224 -0.000283716 1 -0.061804 -0.0110399 0.0295497
FixedParameters: 0 0 0

#Transform 46
Transform: AffineTransform_float_3_3
Parameters: 1 0.000612051 -0.000105703 -0.000611949 0.999999 0.000485065 0.000105297 -0.000484935 1 -0.0560308 -0.0127822 0.0302141
FixedParameters: 0 0 0

#Transform 47
Transform: AffineTransform_float_3_3
Parameters: 0.999999 0.000789042 -0.000105683 -0.000788957 0.999999 0.000402083 0.000105317 -0.000401917 1 -0.0577583 -0.0125386 0.0188476
FixedParameters: 0 0 0

#Transform 48
Transform: AffineTransform_float_3_3
Parameters: 0.999999 0.000789026 -0.000213904 -0.000788973 0.999999 0.000122169 0.000214097 -0.000122831 1 -0.0687769 0.0668747 0.024755
FixedParameters: 0 0 0

#Transform 49
Transform: AffineTransform_float_3_3
Parameters: 0.999999 0.000789026 -0.000105803 -0.000788973 0.999999 0.000250083 0.000105197 -0.000249917 1 -0.0738184 0.0392893 0.0473896
FixedParameters: 0 0 0

#Transform 50
Transform: AffineTransform_float_3_3
Parameters: 0.999999 0.000788782 0.000326527 -0.000789218 1 0.000668743 -0.000325472 -0.000669257 0.999999 -0.0762373 0.00987508 0.0501716
FixedParameters: 0 0 0

#Transform 51
Transform: AffineTransform_float_3_3
Parameters: 0.999999 0.000789035 -9.97214e-05 -0.000788964 0.999999 0.000353079 9.92784e-05 -0.000352922 1 -0.0578211 0.0140329 0.0263289
FixedParameters: 0 0 0

#Transform 52
Transform: AffineTransform_float_3_3
Parameters: 0.999999 0.000788981 -0.000100146 -0.000789018 0.999999 -0.000184921 9.98548e-05 0.000184079 1 -0.0650898 0.0741549 -0.0120299
FixedParameters: 0 0 0

#Transform 53
Transform: AffineTransform_float_3_3
Parameters: 0.999999 0.00078892 -0.000429146 -0.000789079 0.999999 -0.000184661 0.000428854 0.000184338 1 -0.0616416 0.0710274 -0.0187733
FixedParameters: 0 0 0

#Transform 54
Transform: AffineTransform_float_3_3
Parameters: 0.999999 0.000789002 -9.9981e-05 -0.000788997 0.999999 2.40789e-05 0.000100019 -2.39211e-05 1 -0.0752901 0.00345508 -0.00672599
FixedParameters: 0 0 0

#Transform 55
Transform: AffineTransform_float_3_3
Parameters: 1 0.00100492 -0.000454186 -0.00100508 0.999999 -0.000184543 0.000454815 0.000184457 1 -0.0731978 -0.0406203 -0.0417475
FixedParameters: 0 0 0

#Transform 56
Transform: AffineTransform_float_3_3
Parameters: 0.999999 0.00129099 -0.000198041 -0.00129101 0.999999 -3.17444e-05 0.000197959 3.22556e-05 1 -0.069287 0.0159897 -0.00558013
FixedParameters: 0 0 0

#Transform 57
Transform: AffineTransform_float_3_3
Parameters: 1 0.00110908 -9.91005e-05 -0.00110892 0.999999 0.00081111 9.99004e-05 -0.000811889 0.999999 -0.0804113 0.0122298 0.0473927
FixedParameters: 0 0 0

#Transform 58
Transform: AffineTransform_float_3_3
Parameters: 1 0.00115694 -0.000303214 -0.00115706 1 -0.000184649 0.000302787 0.00018435 1 -0.0916464 -0.0601429 0.0125339
FixedParameters: 0 0 0

#Transform 59
Transform: AffineTransform_float_3_3
Parameters: 0.999999 0.00121798 -0.000545053 -0.00121802 1 -4.33362e-05 0.000544947 4.36638e-05 1 -0.0953275 0.0313283 0.0174445
FixedParameters: 0 0 0

#Transform 60
Transform: AffineTransform_float_3_3
Parameters: 1 0.000788966 -0.000846032 -0.000789034 0.999999 -4.03325e-05 0.000845968 4.06674e-05 0.999999 -0.075484 0.0860981 0.0189924
FixedParameters: 0 0 0

#Transform 61
Transform: AffineTransform_float_3_3
Parameters: 1 0.0010929 -0.000530202 -0.0010931 1 -0.000184421 0.000530799 0.00018458 1 -0.101242 0.0358 0.0137314
FixedParameters: 0 0 0

#Transform 62
Transform: AffineTransform_float_3_3
Parameters: 0.999999 0.00130516 -0.000529605 -0.00130484 0.999999 0.000302691 0.000530395 -0.000302308 1 -0.109839 0.050211 0.00545643
FixedParameters: 0 0 0

#Transform 63
Transform: AffineTransform_float_3_3
Parameters: 0.999999 0.00122732 -0.000405025 -0.00122668 0.999999 0.000794497 0.000405975 -0.000794502 0.999999 -0.106372 0.016431 0.0119607
FixedParameters: 0 0 0

#Transform 64
Transform: AffineTransform_float_3_3
Parameters: 1 0.00113501 -2.57344e-05 -0.00113499 1 0.000234029 2.52656e-05 -0.000233972 1 -0.101316 0.0040558 0.0102977
FixedParameters: 0 0 0

#Transform 65
Transform: AffineTransform_float_3_3
Parameters: 0.999999 0.000789475 -0.000597373 -0.000788526 1 0.000794471 0.000597626 -0.000794528 0.999999 -0.0927362 0.049144 0.0523325
FixedParameters: 0 0 0

#Transform 66
Transform: AffineTransform_float_3_3
Parameters: 0.999999 0.000789475 -0.000597373 -0.000788526 1 0.000794471 0.000597626 -0.000794528 0.999999 -0.0927238 0.06485 0.05232
FixedParameters: 0 0 0

#Transform 67
Transform: AffineTransform_float_3_3
Parameters: 1 0.00106573 -0.000596699 -0.00106427 0.999998 0.00122164 0.0005973 -0.00122036 0.999999 -0.0876981 -0.00410279 0.0631912
FixedParameters: 0 0 0

#Transform 68
Transform: AffineTransform_float_3_3
Parameters: 0.999999 0.00107059 -0.000596951 -0.00106941 0.999999 0.000980639 0.000598049 -0.000980361 1 -0.0842508 -0.00111824 0.0572404
FixedParameters: 0 0 0

#Transform 69
Transform: AffineTransform_float_3_3
Parameters: 0.999999 0.000789374 -0.000597504 -0.000788625 0.999999 0.000627471 0.000597495 -0.000627528 0.999999 -0.0727704 0.0504191 0.0410301
FixedParameters: 0 0 0

#Transform 70
Transform: AffineTransform_float_3_3
Parameters: 0.999999 0.000789362 -0.000313088 -0.000788638 0.999999 0.00115525 0.000313912 -0.00115575 1 -0.0768675 0.0148161 0.0603339
FixedParameters: 0 0 0

#Transform 71
Transform: AffineTransform_float_3_3
Parameters: 0.999999 0.000939211 -0.000249205 -0.000938789 0.999999 0.000846234 0.000249794 -0.000845766 0.999999 -0.0790555 -0.032434 0.0406708
FixedParameters: 0 0 0

#Transform 72
Transform: AffineTransform_float_3_3
Parameters: 0.999999 0.000868182 -0.000289455 -0.000867818 1 0.000628252 0.000290545 -0.000627748 1 -0.0766839 -0.0114738 0.0167084
FixedParameters: 0 0 0

#Transform 73
Transform: AffineTransform_float_3_3
Parameters: 1 0.00102334 -0.000344002 -0.00102266 0.999999 0.000975352 0.000344998 -0.000975647 0.999999 -0.0873162 -0.00210347 0.0406067
FixedParameters: 0 0 0

#Transform 74
Transform: AffineTransform_float_3_3
Parameters: 0.999999 0.00128592 9.51419e-05 -0.00128608 0.999999 0.000887879 -9.3858e-05 -0.000888122 1 -0.098912 -0.00435905 0.0370197
FixedParameters: 0 0 0

#Transform 75
Transform: AffineTransform_float_3_3
Parameters: 1 0.00108908 9.30568e-05 -0.00108892 0.999999 -0.000866102 -9.3943e-05 0.000865898 0.999999 -0.0907241 0.0470228 0.0344609
FixedParameters: 0 0 0

#Transform 76
Transform: AffineTransform_float_3_3
Parameters: 0.999999 0.00134921 -0.000313104 -0.00134879 0.999999 0.000664423 0.000313895 -0.000663577 0.999999 -0.102468 0.00614815 0.00339721
FixedParameters: 0 0 0

#Transform 77
Transform: AffineTransform_float_3_3
Parameters: 0.999999 0.0013873 -0.000455087 -0.0013867 0.999999 0.000658631 0.000455912 -0.000657368 0.999999 -0.117756 0.00606052 0.020493
FixedParameters: 0 0 0

#Transform 78
Transform: AffineTransform_float_3_3
Parameters: 0.999999 0.00148699 -7.81352e-05 -0.00148701 0.999999 -9.08839e-05 7.78646e-05 9.11159e-05 1 -0.132649 -0.0172946 0.00125179
FixedParameters: 0 0 0

#Transform 79
Transform: AffineTransform_float_3_3
Parameters: 0.999998 0.00190497 -0.000631069 -0.00190403 0.999997 0.0015392 0.00063393 -0.00153779 0.999998 -0.11839 -0.00691015 0.0597556
FixedParameters: 0 0 0

#Transform 80
Transform: AffineTransform_float_3_3
Parameters: 0.999999 0.00135808 -0.000251552 -0.00135892 0.999999 0.000330342 0.00025145 -0.000330659 1 -0.0997084 -0.134755 -0.013198
FixedParameters: 0 0 0

#Transform 81
Transform: AffineTransform_float_3_3
Parameters: 0.999996 0.00279611 -0.000816203 -0.00279489 0.999995 0.00135929 0.000819798 -0.00135771 0.999998 -0.177241 0.00680779 -0.141981
FixedParameters: 0 0 0

#Transform 82
Transform: AffineTransform_float_3_3
Parameters: 0.999998 0.00156905 -0.000331758 -0.00156895 0.999999 0.000154521 0.000332241 -0.000153479 1 -0.1088 -0.130208 -0.180964
FixedParameters: 0 0 0

#Transform 83
Transform: AffineTransform_float_3_3
Parameters: 0.999998 0.00172221 -0.00114418 -0.00172179 0.999998 0.00105597 0.00114582 -0.00105403 0.999999 -0.150246 -0.100113 0.0164141
FixedParameters: 0 0 0

#Transform 84
Transform: AffineTransform_float_3_3
Parameters: 0.999999 0.00172143 -0.00032979 -0.00172158 0.999997 0.00128457 0.00033221 -0.00128343 0.999999 -0.124706 0.0347291 0.00282225
FixedParameters: 0 0 0

#Transform 85
Transform: AffineTransform_float_3_3
Parameters: 0.999999 0.00126708 -5.40956e-05 -0.00126692 0.999998 0.00150307 5.59042e-05 -0.00150293 0.999999 -0.0704385 -0.0154243 -0.026822
FixedParameters: 0 0 0

#Transform 86
Transform: AffineTransform_float_3_3
Parameters: 1 0.00102932 -0.000246683 -0.00102968 0.999998 0.00128025 0.000248318 -0.00127974 0.999999 -0.0618772 -0.0113935 -0.0382696
FixedParameters: 0 0 0

#Transform 87
Transform: AffineTransform_float_3_3
Parameters: 0.999999 0.000900271 -0.000235969 -0.000899729 0.999999 0.00114521 0.000237031 -0.00114579 1 -0.0726931 0.042966 -0.0630768
FixedParameters: 0 0 0

#Transform 88
Transform: AffineTransform_float_3_3
Parameters: 0.999999 0.000767392 -0.000260847 -0.000767606 0.999998 0.0015032 0.000262154 -0.0015028 0.999999 -0.0551182 -0.00113079 -0.0613764
FixedParameters: 0 0 0

#Transform 89
Transform: AffineTransform_float_3_3
Parameters: 0.999999 0.000767443 -0.00035404 -0.000767556 0.999999 0.00125127 0.00035496 -0.00125073 0.999999 -0.053949 0.00205107 -0.0539769
FixedParameters: 0 0 0

#Transform 90
Transform: AffineTransform_float_3_3
Parameters: 1 0.000221616 -0.00026148 -0.000221383 0.999997 0.00235206 0.000262521 -0.00235194 0.999997 -0.0411399 -0.0093415 -0.0396284
FixedParameters: 0 0 0

#Transform 91
Transform: AffineTransform_float_3_3
Parameters: 1 0.000221971 -0.000532596 -0.000221029 0.999999 0.00182212 0.000533404 -0.00182188 0.999998 -0.0377129 -0.0189995 -0.051805
FixedParameters: 0 0 0

#Transform 92
Transform: AffineTransform_float_3_3
Parameters: 0.999998 0.000449674 -0.00167028 -0.000447323 0.999998 0.00160175 0.00167172 -0.00160025 0.999998 -0.0607195 -0.000667095 -0.0103167
FixedParameters: 0 0 0

#Transform 93
Transform: AffineTransform_float_3_3
Parameters: 0.999999 0.000223468 -0.00177269 -0.000221533 0.999999 0.0013914 0.00177331 -0.00139161 0.999998 -0.0477347 0.0575785 0.0283934
FixedParameters: 0 0 0

#Transform 94
Transform: AffineTransform_float_3_3
Parameters: 0.999998 0.000457318 -0.00182942 -0.000454682 0.999999 0.00126683 0.00183058 -0.00126617 0.999998 -0.0272349 -0.0875955 -0.0128856
FixedParameters: 0 0 0

#Transform 95
Transform: AffineTransform_float_3_3
Parameters: 0.999999 0.000367491 -0.00131703 -0.00036351 0.999997 0.00264948 0.00131797 -0.00264952 0.999995 -0.0649704 -0.104725 0.0617979
FixedParameters: 0 0 0

#Transform 96
Transform: AffineTransform_float_3_3
Parameters: 0.999999 0.000223285 -0.000912444 -0.000220715 0.999997 0.0025042 0.000912556 -0.0025038 0.999997 -0.0486395 -0.238278 0.0764284
FixedParameters: 0 0 0

#Transform 97
Transform: AffineTransform_float_3_3
Parameters: 0.999999 0.000223581 -0.0014226 -0.000221421 0.999999 0.00181332 0.0014224 -0.00181369 0.999998 -0.0266319 -0.0547293 0.10622
FixedParameters: 0 0 0

#Transform 98
Transform: AffineTransform_float_3_3
Parameters: 1 0.000222305 -0.00119576 -0.000220696 1 0.00109126 0.00119524 -0.00109074 0.999998 -0.0521531 -0.102633 0.0633691
FixedParameters: 0 0 0

#Transform 99
Transform: AffineTransform_float_3_3
Parameters: 0.999999 0.000712133 -0.0016801 -0.000709868 0.999999 0.00126919 0.0016809 -0.0012688 0.999998 -0.0479108 -0.193519 -0.0145487
FixedParameters: 0 0 0

#Transform 100
Transform: AffineTransform_float_3_3
Parameters: 0.999997 0.000784654 -0.00225482 -0.000787346 0.999999 -0.00104023 0.00225318 0.00104177 0.999997 -0.0383693 -0.0876397 -0.122689
FixedParameters: 0 0 0

#Transform 101
Transform: AffineTransform_float_3_3
Parameters: 0.999997 0.000909082 -0.00225518 -0.000911917 0.999998 -0.00129295 0.00225382 0.00129505 0.999996 -0.0355405 -0.0233896 -0.152245
FixedParameters: 0 0 0

#Transform 102
Transform: AffineTransform_float_3_3
Parameters: 0.999997 0.000390261 -0.00211095 -0.000390737 1 0.000124825 0.00211105 -0.000123176 0.999998 -0.0185923 -0.107128 -0.0568828
FixedParameters: 0 0 0

#Transform 103
Transform: AffineTransform_float_3_3
Parameters: 0.999998 0.00016186 -0.00224501 -0.000162141 1 -6.26362e-05 0.00224499 6.23636e-05 0.999998 -0.0142832 -0.106833 -0.0573847
FixedParameters: 0 0 0

#Transform 104
Transform: AffineTransform_float_3_3
Parameters: 0.999998 -1.18405e-05 -0.00198201 1.31594e-05 1 0.000584975 0.00198199 -0.000585024 0.999998 -0.00601541 -0.110829 -0.0526829
FixedParameters: 0 0 0

#Transform 105
Transform: AffineTransform_float_3_3
Parameters: 0.999997 -0.000237198 -0.00217898 0.000237803 1 -9.05183e-05 0.00217902 9.04833e-05 0.999997 -0.00511246 -0.083787 -0.0621563
FixedParameters: 0 0 0

#Transform 106
Transform: AffineTransform_float_3_3
Parameters: 0.999999 -0.000236738 -0.00181604 0.000237261 1 0.000143569 0.00181597 -0.00014443 0.999999 0.00863723 -0.0680944 -0.0577885
FixedParameters: 0 0 0

#Transform 107
Transform: AffineTransform_float_3_3
Parameters: 0.999999 -0.000236993 -0.001782 0.000237007 1 3.57766e-06 0.001782 -4.42233e-06 0.999999 0.016948 -0.0971347 -0.0500003
FixedParameters: 0 0 0

#Transform 108
Transform: AffineTransform_float_3_3
Parameters: 0.999997 -0.000236993 -0.002131 0.000237008 1 3.49494e-06 0.002131 -3.50504e-06 0.999997 0.000340916 -0.0337506 -0.0337867
FixedParameters: 0 0 0

#Transform 109
Transform: AffineTransform_float_3_3
Parameters: 0.999998 0.000403677 -0.00222888 -0.000402324 1 0.000303898 0.00222912 -0.000303101 0.999998 -0.0328807 -0.0949954 -0.00795912
FixedParameters: 0 0 0

#Transform 110
Transform: AffineTransform_float_3_3
Parameters: 0.999996 0.000843668 -0.00260946 -0.000842335 1 0.000639201 0.00261054 -0.000637801 0.999997 -0.069705 -0.139853 0.00247957
FixedParameters: 0 0 0

#Transform 111
Transform: AffineTransform_float_3_3
Parameters: 0.999996 0.000785488 -0.00263256 -0.000783513 1 0.000566065 0.00263344 -0.000563934 0.999997 -0.0799427 -0.104178 0.000606194
FixedParameters: 0 0 0

#Transform 112
Transform: AffineTransform_float_3_3
Parameters: 0.999997 0.00054849 -0.00233365 -0.000546512 0.999999 0.000638277 0.00233335 -0.000637722 0.999997 -0.0630803 -0.0969835 0.00101215
FixedParameters: 0 0 0

#Transform 113
Transform: AffineTransform_float_3_3
Parameters: 0.999997 0.000844392 -0.00233313 -0.000841608 0.999999 0.00102597 0.00233386 -0.00102403 0.999997 -0.0771873 -0.0607384 -0.0169343
FixedParameters: 0 0 0

#Transform 114
Transform: AffineTransform_float_3_3
Parameters: 0.999997 0.000843489 -0.00233346 -0.000842512 1 0.000638968 0.00233354 -0.000637034 0.999997 -0.0852048 -0.0707499 -0.0336253
FixedParameters: 0 0 0

#Transform 115
Transform: AffineTransform_float_3_3
Parameters: 0.999996 0.00078972 -0.00276708 -0.000789279 0.999999 -9.98164e-05 0.00276692 0.000102186 0.999996 -0.0783716 -0.0274325 -0.0224189
FixedParameters: 0 0 0

#Transform 116
Transform: AffineTransform_float_3_3
Parameters: 0.999998 0.000840447 -0.00169677 -0.000841555 0.999999 -0.000915574 0.00169623 0.000916428 0.999998 -0.0962981 -0.0874422 -0.0152672
FixedParameters: 0 0 0

#Transform 117
Transform: AffineTransform_float_3_3
Parameters: 0.999997 0.00102466 -0.00244989 -0.00102134 0.999999 0.00108551 0.00245111 -0.00108249 0.999996 -0.0965218 -0.12442 -0.00600532
FixedParameters: 0 0 0

#Transform 118
Transform: AffineTransform_float_3_3
Parameters: 0.999996 0.00114974 -0.00252876 -0.00114626 0.999999 0.0010859 0.00252925 -0.0010831 0.999996 -0.104448 -0.0487274 0.00392892
FixedParameters: 0 0 0

#Transform 119
Transform: AffineTransform_float_3_3
Parameters: 0.999996 0.00106919 -0.00257268 -0.00106581 0.999998 0.00123975 0.00257432 -0.00123725 0.999996 -0.0993668 -0.0855675 0.0148878
FixedParameters: 0 0 0

#Transform 120
Transform: AffineTransform_float_3_3
Parameters: 0.999997 0.00104304 -0.00252133 -0.00103896 0.999998 0.00160163 0.00252267 -0.00159937 0.999995 -0.109288 -0.0900977 0.050422
FixedParameters: 0 0 0

#Transform 121
Transform: AffineTransform_float_3_3
Parameters: 0.999994 0.0014359 -0.0029836 -0.0014331 0.999998 0.000974281 0.00298439 -0.00097072 0.999995 -0.143228 -0.0838903 0.032912
FixedParameters: 0 0 0

#Transform 122
Transform: AffineTransform_float_3_3
Parameters: 0.999994 0.000843077 -0.00320271 -0.000841922 0.999999 0.000337698 0.00320328 -0.000335301 0.999995 -0.0926428 -0.0729569 -0.00752615
FixedParameters: 0 0 0

#Transform 123
Transform: AffineTransform_float_3_3
Parameters: 0.999995 0.00113065 -0.00299438 -0.00112935 0.999999 0.000551385 0.00299562 -0.000547616 0.999996 -0.109209 -0.0947764 -0.00322583
FixedParameters: 0 0 0

#Transform 124
Transform: AffineTransform_float_3_3
Parameters: 0.999996 0.000672066 -0.00299499 -0.000671934 1 2.30125e-05 0.00299502 -2.09873e-05 0.999996 -0.0696174 -0.126366 -0.016623
FixedParameters: 0 0 0

#Transform 125
Transform: AffineTransform_float_3_3
Parameters: 0.999996 0.00084288 -0.00261972 -0.000842119 0.999999 0.000337207 0.00262028 -0.000334793 0.999997 -0.0906223 -0.0854518 0.000810192
FixedParameters: 0 0 0

#Transform 126
Transform: AffineTransform_float_3_3
Parameters: 0.999996 0.00113101 -0.00258799 -0.00113099 1 6.92701e-06 0.00258801 -4.07294e-06 0.999996 -0.0934521 -0.082715 -0.0189685
FixedParameters: 0 0 0

#Transform 127
Transform: AffineTransform_float_3_3
Parameters: 0.999994 0.00112388 -0.00306531 -0.00112212 0.999999 0.000613443 0.00306569 -0.000610558 0.999995 -0.0922738 -0.0905497 0.0237462
FixedParameters: 0 0 0

#Transform 128
Transform: AffineTransform_float_3_3
Parameters: 0.999995 0.00115159 -0.00292098 -0.00114841 0.999999 0.000887359 0.00292102 -0.000883641 0.999996 -0.0948281 -0.106831 0.0379106
FixedParameters: 0 0 0

#Transform 129
Transform: AffineTransform_float_3_3
Parameters: 0.999995 0.00144246 -0.00277172 -0.00144054 0.999998 0.000887997 0.00277228 -0.000884005 0.999996 -0.103986 -0.0537585 0.0428634
FixedParameters: 0 0 0

#Transform 130
Transform: AffineTransform_float_3_3
Parameters: 0.999995 0.00130973 -0.00307484 -0.00130728 0.999999 0.000888024 0.00307616 -0.000883976 0.999995 -0.0967032 -0.101231 0.0174609
FixedParameters: 0 0 0

#Transform 131
Transform: AffineTransform_float_3_3
Parameters: 0.999993 0.00145222 -0.00326057 -0.00144878 0.999999 0.000990731 0.00326243 -0.000986269 0.999994 -0.126057 -0.0618749 0.053867
FixedParameters: 0 0 0

#Transform 132
Transform: AffineTransform_float_3_3
Parameters: 0.999993 0.00136793 -0.00364128 -0.00136608 0.999999 0.000530978 0.00364172 -0.000526022 0.999993 -0.104433 -0.0970605 0.0110412
FixedParameters: 0 0 0

#Transform 133
Transform: AffineTransform_float_3_3
Parameters: 0.999993 0.00110946 -0.0034012 -0.00110754 0.999999 0.000724772 0.0034018 -0.000721231 0.999994 -0.0984062 -0.0641687 0.0148283
FixedParameters: 0 0 0

#Transform 134
Transform: AffineTransform_float_3_3
Parameters: 0.999995 0.000843295 -0.00327267 -0.000841706 0.999999 0.000396757 0.00327333 -0.000394242 0.999994 -0.0757878 -0.0648966 0.00586306
FixedParameters: 0 0 0

#Transform 135
Transform: AffineTransform_float_3_3
Parameters: 0.999994 0.000865967 -0.00335023 -0.000863034 0.999999 0.000886897 0.00335077 -0.000884104 0.999994 -0.0753683 -0.035477 0.0187046
FixedParameters: 0 0 0

#Transform 136
Transform: AffineTransform_float_3_3
Parameters: 0.999993 0.00128664 -0.0035164 -0.00128536 0.999999 0.000469523 0.0035176 -0.000465477 0.999993 -0.0942096 -0.0238037 0.0141868
FixedParameters: 0 0 0

#Transform 137
Transform: AffineTransform_float_3_3
Parameters: 0.999993 0.00149568 -0.00347785 -0.00149232 0.999998 0.000772195 0.00347915 -0.000766801 0.999993 -0.118768 -0.0550607 0.0422823
FixedParameters: 0 0 0

#Transform 138
Transform: AffineTransform_float_3_3
Parameters: 0.999993 0.00140495 -0.0034452 -0.00140305 0.999999 0.000568838 0.0034458 -0.000564163 0.999994 -0.103357 -0.059657 0.0416496
FixedParameters: 0 0 0

#Transform 139
Transform: AffineTransform_float_3_3
Parameters: 0.999993 0.00154222 -0.00339154 -0.00153878 0.999999 0.000952226 0.00339346 -0.000946773 0.999994 -0.120797 -0.0741896 0.0429171
FixedParameters: 0 0 0

#Transform 140
Transform: AffineTransform_float_3_3
Parameters: 0.999993 0.00163004 -0.00343255 -0.00162696 0.999999 0.000889591 0.00343444 -0.000883408 0.999993 -0.128974 -0.0659744 0.0398655
FixedParameters: 0 0 0

#Transform 141
Transform: AffineTransform_float_3_3
Parameters: 0.999993 0.00153204 -0.00343264 -0.00152896 0.999999 0.000889255 0.00343436 -0.000883745 0.999993 -0.133678 -0.102889 0.0377982
FixedParameters: 0 0 0

#Transform 142
Transform: AffineTransform_float_3_3
Parameters: 0.999993 0.00144704 -0.00343272 -0.00144396 0.999998 0.000888962 0.00343428 -0.000884036 0.999993 -0.116646 -0.0565969 0.0324834
FixedParameters: 0 0 0

#Transform 143
Transform: AffineTransform_float_3_3
Parameters: 0.999993 0.00140679 -0.00343286 -0.00140421 0.999998 0.000813826 0.00343414 -0.000809174 0.999994 -0.119831 -0.0389892 0.0505318
FixedParameters: 0 0 0

#Transform 144
Transform: AffineTransform_float_3_3
Parameters: 0.999994 0.0012539 -0.00327889 -0.00125109 0.999999 0.000888108 0.00328011 -0.000883893 0.999994 -0.0981872 -0.0870022 0.0313864
FixedParameters: 0 0 0

#Transform 145
Transform: AffineTransform_float_3_3
Parameters: 0.999994 0.00103765 -0.00331286 -0.00103435 0.999999 0.00110243 0.00331414 -0.00109957 0.999994 -0.0967669 -0.106642 0.0538384
FixedParameters: 0 0 0

#Transform 146
Transform: AffineTransform_float_3_3
Parameters: 0.999994 0.000844512 -0.00334537 -0.00084249 1 0.000751823 0.00334563 -0.000749179 0.999994 -0.0775495 -0.0593619 0.0181903
FixedParameters: 0 0 0

#Transform 147
Transform: AffineTransform_float_3_3
Parameters: 0.999996 0.000844584 -0.00291926 -0.000842415 1 0.000886464 0.00292075 -0.000883538 0.999996 -0.0990466 -0.0911538 0.0445558
FixedParameters: 0 0 0

#Transform 148
Transform: AffineTransform_float_3_3
Parameters: 0.999993 0.000943379 -0.00342062 -0.000941618 0.999999 0.000405223 0.00342138 -0.000401775 0.999994 -0.0836991 -0.0447052 0.0412184
FixedParameters: 0 0 0

#Transform 149
Transform: AffineTransform_float_3_3
Parameters: 0.999996 0.000844263 -0.00291935 -0.000841737 1 0.000776462 0.00292066 -0.000773538 0.999996 -0.103879 -0.0613078 0.0482574
FixedParameters: 0 0 0

#Transform 150
Transform: AffineTransform_float_3_3
Parameters: 0.999994 0.000844952 -0.00334026 -0.000842048 1 0.000884818 0.00334175 -0.000882182 0.999994 -0.0845963 -0.0741658 0.0384136
FixedParameters: 0 0 0

#Transform 151
Transform: AffineTransform_float_3_3
Parameters: 0.999995 0.00123258 -0.00298452 -0.00122942 0.999998 0.00120067 0.00298547 -0.00119633 0.999995 -0.115222 -0.0320288 0.0636153
FixedParameters: 0 0 0

#Transform 152
Transform: AffineTransform_float_3_3
Parameters: 0.999993 0.00114 -0.00351971 -0.001136 0.999998 0.00113801 0.00352129 -0.00113399 0.999993 -0.0958965 -0.0678041 0.0604584
FixedParameters: 0 0 0

#Transform 153
Transform: AffineTransform_float_3_3
Parameters: 0.999994 0.00103792 -0.00330546 -0.00103308 0.999999 0.00148942 0.00330654 -0.00148658 0.999994 -0.10395 -0.0262307 0.06832
FixedParameters: 0 0 0

#Transform 154
Transform: AffineTransform_float_3_3
Parameters: 0.999994 0.000846868 -0.00319071 -0.000842131 0.999998 0.00152669 0.00319229 -0.0015243 0.999993 -0.0839349 -0.0911075 0.0688356
FixedParameters: 0 0 0

#Transform 155
Transform: AffineTransform_float_3_3
Parameters: 0.999995 0.000845918 -0.00322198 -0.000842084 0.999999 0.00121672 0.00322303 -0.00121428 0.999994 -0.0857804 -0.0739754 0.0670114
FixedParameters: 0 0 0

#Transform 156
Transform: AffineTransform_float_3_3
Parameters: 0.999995 0.000845747 -0.00324703 -0.000842255 0.999999 0.00115474 0.00324798 -0.00115226 0.999994 -0.0830484 -0.00473897 0.0595405
FixedParameters: 0 0 0

#Transform 157
Transform: AffineTransform_float_3_3
Parameters: 0.999993 0.00119899 -0.00355532 -0.00119401 0.999999 0.00140625 0.00355768 -0.00140174 0.999992 -0.088254 -0.0651385 0.0772059
FixedParameters: 0 0 0

#Transform 158
Transform: AffineTransform_float_3_3
Parameters: 0.999992 0.00119648 -0.00365121 -0.00119052 0.999998 0.00150336 0.00365379 -0.00149864 0.999992 -0.0870506 -0.0888382 0.0704594
FixedParameters: 0 0 0

#Transform 159
Transform: AffineTransform_float_3_3
Parameters: 0.999997 0.00118807 -0.00209696 -0.00118793 1 3.34911e-05 0.00209704 -3.15087e-05 0.999998 -0.116157 -0.0361583 0.0253511
FixedParameters: 0 0 0

#Transform 160
Transform: AffineTransform_float_3_3
Parameters: 0.999994 0.00136044 -0.00315852 -0.00135756 0.999998 0.00109129 0.00316048 -0.00108771 0.999995 -0.121476 -0.100278 0.0575639
FixedParameters: 0 0 0

#Transform 161
Transform: AffineTransform_float_3_3
Parameters: 0.999993 0.00140659 -0.00343012 -0.00140142 0.999998 0.00133882 0.00343188 -0.00133418 0.999993 -0.115332 -0.115777 0.0721529
FixedParameters: 0 0 0

#Transform 162
Transform: AffineTransform_float_3_3
Parameters: 0.999992 0.0013935 -0.00359187 -0.0013875 0.999998 0.001534 0.00359413 -0.001529 0.999993 -0.126218 -0.0578467 0.0709428
FixedParameters: 0 0 0

#Transform 163
Transform: AffineTransform_float_3_3
Parameters: 0.999993 0.0012821 -0.00334505 -0.00127689 0.999998 0.00152728 0.00334795 -0.00152272 0.999993 -0.116863 -0.0691524 0.0695538
FixedParameters: 0 0 0

#Transform 164
Transform: AffineTransform_float_3_3
Parameters: 0.999992 0.00120524 -0.00377833 -0.00119976 0.999999 0.00138854 0.00377967 -0.00138446 0.999992 -0.100551 -0.0470611 0.0752825
FixedParameters: 0 0 0

#Transform 165
Transform: AffineTransform_float_3_3
Parameters: 0.99999 0.00141979 -0.004106 -0.00141421 0.999998 0.00141282 0.00410799 -0.00140718 0.99999 -0.0992191 -0.0386202 -0.0524079
FixedParameters: 0 0 0

#Transform 166
Transform: AffineTransform_float_3_3
Parameters: 0.99999 0.00220267 -0.00370982 -0.00219933 0.999997 0.000993168 0.00371117 -0.000984834 0.999992 -0.155276 -0.137902 -0.0667618
FixedParameters: 0 0 0

#Transform 167
Transform: AffineTransform_float_3_3
Parameters: 0.999989 0.00186354 -0.00416842 -0.00186046 0.999998 0.000851764 0.00416958 -0.000844239 0.999991 -0.104256 -0.111243 -0.0304011
FixedParameters: 0 0 0

#Transform 168
Transform: AffineTransform_float_3_3
Parameters: 0.999989 0.00219779 -0.00417064 -0.00219921 0.999998 -0.000285831 0.00416936 0.000295167 0.999992 -0.112275 -0.0522767 -0.0795269
FixedParameters: 0 0 0

#Transform 169
Transform: AffineTransform_float_3_3
Parameters: 0.999991 0.00219551 -0.0036481 -0.00219949 0.999997 -0.000951985 0.0036459 0.000960013 0.999993 -0.140864 -0.0254174 -0.0962506
FixedParameters: 0 0 0

#Transform 170
Transform: AffineTransform_float_3_3
Parameters: 0.999993 0.00219796 -0.0032597 -0.00219904 0.999998 -0.000315834 0.0032593 0.000323166 0.999994 -0.146742 -0.091445 -0.0631313
FixedParameters: 0 0 0

#Transform 171
Transform: AffineTransform_float_3_3
Parameters: 0.999993 0.00219938 -0.00325874 -0.00219962 0.999997 0.000120169 0.00325926 -0.000113832 0.999994 -0.140857 -0.0522946 -0.0551086
FixedParameters: 0 0 0

#Transform 172
Transform: AffineTransform_float_3_3
Parameters: 0.999993 0.00220127 -0.00279021 -0.00219873 0.999997 0.00081614 0.00279279 -0.000809857 0.999996 -0.140134 -0.105786 -0.0648695
FixedParameters: 0 0 0

#Transform 173
Transform: AffineTransform_float_3_3
Parameters: 0.999992 0.0022001 -0.00336128 -0.0021989 0.999998 0.000332394 0.00336172 -0.000324607 0.999995 -0.127537 -0.0776377 -0.0980258
FixedParameters: 0 0 0

#Transform 174
Transform: AffineTransform_float_3_3
Parameters: 0.999994 0.00220166 -0.00275988 -0.00219934 0.999997 0.000967076 0.00276212 -0.000960925 0.999995 -0.132837 -0.0831669 -0.0277341
FixedParameters: 0 0 0

#Transform 175
Transform: AffineTransform_float_3_3
Parameters: 0.99999 0.0031875 -0.00313939 -0.0031785 0.999992 0.00270901 0.00314861 -0.00269899 0.999992 -0.156943 -0.0752782 0.0411348
FixedParameters: 0 0 0

#Transform 176
Transform: AffineTransform_float_3_3
Parameters: 0.999991 0.00311481 -0.00284192 -0.00311219 0.999994 0.000993854 0.00284508 -0.000985147 0.999996 -0.202112 -0.0707092 -0.0173086
FixedParameters: 0 0 0

#Transform 177
Transform: AffineTransform_float_3_3
Parameters: 0.999993 0.00259457 -0.00263548 -0.00259244 0.999996 0.000975839 0.00263752 -0.000969164 0.999996 -0.172821 -0.194418 -0.0159852
FixedParameters: 0 0 0

#Transform 178
Transform: AffineTransform_float_3_3
Parameters: 0.999995 0.00234259 -0.00244248 -0.00234141 0.999997 0.000652722 0.00244452 -0.000647277 0.999997 -0.164418 -0.0799265 -0.011695
FixedParameters: 0 0 0

#Transform 179
Transform: AffineTransform_float_3_3
Parameters: 0.999997 0.00249202 -0.000214815 -0.00249198 0.999997 7.45355e-05 0.000215186 -7.4464e-05 1 -0.193598 -0.167259 -0.00987716
FixedParameters: 0 0 0

#Transform 180
Transform: AffineTransform_float_3_3
Parameters: 0.999993 0.00237668 -0.00311896 -0.00237432 0.999997 0.000862412 0.00312104 -0.000854589 0.999995 -0.174277 -0.138898 0.00929347
FixedParameters: 0 0 0

#Transform 181
Transform: AffineTransform_float_3_3
Parameters: 0.999991 0.0027134 -0.00328885 -0.0027116 0.999996 0.000429922 0.00329016 -0.000421077 0.999995 -0.18117 -0.0614798 -0.0129407
FixedParameters: 0 0 0

#Transform 182
Transform: AffineTransform_float_3_3
Parameters: 0.999993 0.00264512 -0.00271991 -0.00264388 0.999997 0.000416194 0.00272109 -0.000408806 0.999996 -0.183746 -0.0813498 -0.016015
FixedParameters: 0 0 0

#Transform 183
Transform: AffineTransform_float_3_3
Parameters: 0.999992 0.00264666 -0.00303668 -0.00264434 0.999996 0.000880037 0.00303932 -0.000871963 0.999995 -0.166504 -0.10367 -0.0330673
FixedParameters: 0 0 0

#Transform 184
Transform: AffineTransform_float_3_3
Parameters: 0.999991 0.00281781 -0.00300537 -0.00281419 0.999995 0.000938465 0.00300863 -0.00092953 0.999995 -0.196001 -0.115848 0.000655374
FixedParameters: 0 0 0

#Transform 185
Transform: AffineTransform_float_3_3
Parameters: 0.999992 0.00264703 -0.00295029 -0.00264397 0.999996 0.00102981 0.00295272 -0.00102219 0.999995 -0.184591 -0.116295 0.0193133
FixedParameters: 0 0 0

#Transform 186
Transform: AffineTransform_float_3_3
Parameters: 0.999993 0.00244567 -0.00281668 -0.00244332 0.999996 0.000952889 0.00281932 -0.000946112 0.999996 -0.170935 -0.0700507 0.0349622
FixedParameters: 0 0 0

#Transform 187
Transform: AffineTransform_float_3_3
