#Insight Transform File V1.0
#Transform 0
Transform: AffineTransform_float_3_3
Parameters: 1 0 0 0 1 0.001072 0 -0.001072 1 -0.025829 -0.00643355 0.0295275
FixedParameters: 0 0 0

#Transform 1
Transform: AffineTransform_float_3_3
Parameters: 1 0.000146 1.56512e-07 -0.000146 1 0.001072 1.56512e-07 -0.001072 1 -0.0123922 -0.0429483 0.0225726
FixedParameters: 0 0 0

#Transform 2
Transform: AffineTransform_float_3_3
Parameters: 1 0.000417 3.89895e-07 -0.000417 0.999999 0.000934999 3.89895e-07 -0.000934999 0.999999 -0.0248705 -0.0069847 0.00838664
FixedParameters: 0 0 0

#Transform 3
Transform: AffineTransform_float_3_3
Parameters: 1 0 0 0 1 0.0003 0 -0.0003 1 -0.018286 -0.0108591 -0.00928235
FixedParameters: 0 0 0

#Transform 4
Transform: AffineTransform_float_3_3
Parameters: 1 0 0 0 0.999999 0.000755 0 -0.000755 0.999999 -0.018982 -0.0214675 -0.0123423
FixedParameters: 0 0 0

#Transform 5
Transform: AffineTransform_float_3_3
Parameters: 1 0.000101 9.30209e-08 -0.000101 0.999999 0.000920999 9.30209e-08 -0.000920999 0.999999 -0.0146582 -0.022056 0.000706649
FixedParameters: 0 0 0

#Transform 6
Transform: AffineTransform_float_3_3
Parameters: 1 0 0 0 1 0.000606 0 -0.000606 1 -0.019788 -0.0206328 -0.0133975
FixedParameters: 0 0 0

#Transform 7
Transform: AffineTransform_float_3_3
Parameters: 1 -1.881e-08 9.5e-05 -1.881e-08 1 0.000198 -9.5e-05 -0.000198 1 -0.0195758 -0.00376315 -0.00813959
FixedParameters: 0 0 0

#Transform 8
Transform: AffineTransform_float_3_3
Parameters: 1 0 0 0 1 0.000483 0 -0.000483 1 -0.011592 -0.0198765 0.0253352
FixedParameters: 0 0 0

#Transform 9
Transform: AffineTransform_float_3_3
Parameters: 1 0.000256152 -0.000190796 -0.000255848 0.999999 0.000798048 0.000190204 -0.000797951 0.999999 -0.00427366 -0.0632597 0.0240774
FixedParameters: 0 0 0

#Transform 10
Transform: AffineTransform_float_3_3
Parameters: 1 0.000233082 -0.00015888 -0.000232918 1 0.000516037 0.00015812 -0.000515963 1 -0.00399608 -0.0648291 -0.00577384
FixedParameters: 0 0 0

#Transform 11
Transform: AffineTransform_float_3_3
Parameters: 1 0.000518 3.19606e-07 -0.000518 0.999999 0.000617 3.19606e-07 -0.000617 1 -0.0169764 -0.0324409 0.00925417
FixedParameters: 0 0 0

#Transform 12
Transform: AffineTransform_float_3_3
Parameters: 1 0.000465 3.56655e-07 -0.000465 0.999999 0.000766999 3.56655e-07 -0.000766999 0.999999 -0.00977731 -0.0607596 0.00116045
FixedParameters: 0 0 0

#Transform 13
Transform: AffineTransform_float_3_3
Parameters: 1 0.000213161 -0.000193822 -0.000212839 0.999999 0.000833041 0.000193177 -0.000832958 0.999999 -0.00336943 -0.0547945 0.00738197
FixedParameters: 0 0 0

#Transform 14
Transform: AffineTransform_float_3_3
Parameters: 1 0.000260926 0.000169115 -0.000261074 1 0.000439956 -0.000168885 -0.000440044 1 -0.0064723 -0.0523844 0.00603739
FixedParameters: 0 0 0

#Transform 15
Transform: AffineTransform_float_3_3
Parameters: 1 -7.2332e-08 0.000214 -7.2332e-08 1 0.000338 -0.000214 -0.000338 1 -0.00356946 -0.0297466 0.00407874
FixedParameters: 0 0 0

#Transform 16
Transform: AffineTransform_float_3_3
Parameters: 1 -1.3348e-07 0.000235 -1.3348e-07 1 0.000568 -0.000235 -0.000568 1 -0.00345539 -0.051556 0.00895162
FixedParameters: 0 0 0

#Transform 17
Transform: AffineTransform_float_3_3
Parameters: 1 0.000262983 0.00011104 -0.000263017 1 0.000151971 -0.00011096 -0.000152029 1 -0.00625224 -0.0201037 -0.000239355
FixedParameters: 0 0 0

#Transform 18
Transform: AffineTransform_float_3_3
Parameters: 1 -6.65e-09 0.00019 -6.65e-09 1 3.5e-05 -0.00019 -3.5e-05 1 -0.00109945 0.0133456 -0.0226641
FixedParameters: 0 0 0

#Transform 19
Transform: AffineTransform_float_3_3
Parameters: 1 -0.000114879 0.000190073 0.000115121 1 -0.000634978 -0.000189927 0.000635022 1 0.00135464 0.0483441 -0.00748706
FixedParameters: 0 0 0

#Transform 20
Transform: AffineTransform_float_3_3
Parameters: 1 -1.98e-08 0.00044 -1.98e-08 1 4.5e-05 -0.00044 -4.5e-05 1 -0.00256526 0.0117585 0.0192954
FixedParameters: 0 0 0

#Transform 21
Transform: AffineTransform_float_3_3
Parameters: 1 -2.736e-08 0.00019 -2.736e-08 1 0.000144 -0.00019 -0.000144 1 -0.00109143 -0.0799153 0.0195184
FixedParameters: 0 0 0

#Transform 22
Transform: AffineTransform_float_3_3
Parameters: 1 8.151e-08 0.00019 8.151e-08 1 -0.000429 -0.00019 0.000429 1 -0.00109901 0.0113041 -0.0203637
FixedParameters: 0 0 0

#Transform 23
Transform: AffineTransform_float_3_3
Parameters: 1 -6.29185e-05 0.000190027 6.30815e-05 1 -0.000428988 -0.000189973 0.000429012 1 0.023843 -0.0403386 -0.0203886
FixedParameters: 0 0 0

#Transform 24
Transform: AffineTransform_float_3_3
Parameters: 1 -1.9872e-08 0.000138 -1.9872e-08 1 0.000144 -0.000138 -0.000144 1 0.00501785 -0.0671442 0.00666581
FixedParameters: 0 0 0

#Transform 25
Transform: AffineTransform_float_3_3
Parameters: 1 4.68e-09 2e-05 4.68e-09 1 -0.000234 -2e-05 0.000234 1 0.00543154 -0.0798875 0.00128837
FixedParameters: 0 0 0

#Transform 26
Transform: AffineTransform_float_3_3
Parameters: 1 5.852e-08 0.00019 5.852e-08 1 -0.000308 -0.00019 0.000308 1 0.0258815 -0.0317698 -0.0179115
FixedParameters: 0 0 0

#Transform 27
Transform: AffineTransform_float_3_3
Parameters: 1 0.000465753 0.000190606 -0.000466248 0.999999 0.00129991 -0.000190394 -0.00130009 0.999999 -0.00782097 -0.0108566 0.0499261
FixedParameters: 0 0 0

#Transform 28
Transform: AffineTransform_float_3_3
Parameters: 1 -3.8e-09 0.00019 -3.8e-09 1 2e-05 -0.00019 -2e-05 1 0.0100718 -0.0514147 -0.0110737
FixedParameters: 0 0 0

#Transform 29
Transform: AffineTransform_float_3_3
Parameters: 1 1.5694e-07 0.00019 1.5694e-07 0.999999 -0.000825999 -0.00019 0.000825999 0.999999 0.0215815 0.0363197 -0.123067
FixedParameters: 0 0 0

#Transform 30
Transform: AffineTransform_float_3_3
Parameters: 1 1.0279e-07 0.00019 1.0279e-07 1 -0.000541 -0.00019 0.000541 1 0.0296846 -0.0648912 0.0408204
FixedParameters: 0 0 0

#Transform 31
Transform: AffineTransform_float_3_3
Parameters: 1 2.47698e-07 0.000278 2.47698e-07 0.999999 -0.000890999 -0.000278 0.000890999 0.999999 0.0508377 -0.00795163 -0.121717
FixedParameters: 0 0 0

#Transform 32
Transform: AffineTransform_float_3_3
Parameters: 1 2.812e-08 0.00019 2.812e-08 1 -0.000148 -0.00019 0.000148 1 0.0513583 -0.0436987 -0.0978163
FixedParameters: 0 0 0

#Transform 33
Transform: AffineTransform_float_3_3
Parameters: 1 -6.5621e-08 -0.000211 -6.5621e-08 1 -0.000311 0.000211 0.000311 1 0.0217798 -0.0427452 -0.125683
FixedParameters: 0 0 0

#Transform 34
Transform: AffineTransform_float_3_3
Parameters: 1 -4.2387e-08 -7.1e-05 -4.2387e-08 1 -0.000597 7.1e-05 0.000597 1 0.0277952 0.017315 -0.131227
FixedParameters: 0 0 0

#Transform 35
Transform: AffineTransform_float_3_3
Parameters: 1 -2.96113e-07 -0.000277 -2.96113e-07 0.999999 -0.001069 0.000277 0.001069 1 0.0371564 0.0200711 -0.161062
FixedParameters: 0 0 0

#Transform 36
Transform: AffineTransform_float_3_3
Parameters: 1 0.000355601 -0.000368386 -0.000355399 1 -0.00108487 0.000367615 0.00108513 1 0.023979 -0.00906534 -0.161802
FixedParameters: 0 0 0

#Transform 37
Transform: AffineTransform_float_3_3
Parameters: 1 0.000372688 -0.000281414 -0.000373312 1 -0.0011099 0.000280586 0.00111011 1 0.0462583 -0.0174521 -0.153446
FixedParameters: 0 0 0

#Transform 38
Transform: AffineTransform_float_3_3
Parameters: 1 -7.43651e-07 -0.000467999 2.56347e-07 0.999998 -0.001589 0.000468001 0.001589 0.999998 0.055245 0.027034 -0.188795
FixedParameters: 0 0 0

#Transform 39
Transform: AffineTransform_float_3_3
Parameters: 1 -4.54096e-07 -0.000281 -4.54096e-07 0.999998 -0.001616 0.000281 0.001616 0.999998 0.0540868 0.0508025 -0.157667
FixedParameters: 0 0 0

#Transform 40
Transform: AffineTransform_float_3_3
Parameters: 1 0.000383762 -0.000549166 -0.000383237 1 -0.000432789 0.000548834 0.000433211 1 0.0475066 -0.0629436 0.00821154
FixedParameters: 0 0 0

#Transform 41
Transform: AffineTransform_float_3_3
Parameters: 1 0.000136781 -0.000476063 -0.000137219 1 -0.000459935 0.000475937 0.000460065 1 0.0422574 -0.0637247 -0.0655069
FixedParameters: 0 0 0

#Transform 42
Transform: AffineTransform_float_3_3
Parameters: 1 -4.51286e-07 -0.000281 -4.51286e-07 0.999998 -0.001606 0.000281 0.001606 0.999998 0.0387361 0.0380965 -0.101784
FixedParameters: 0 0 0

#Transform 43
Transform: AffineTransform_float_3_3
Parameters: 1 -5.88414e-07 -0.000280999 4.11584e-07 0.999998 -0.002094 0.000281001 0.002094 0.999998 0.0540992 0.0705568 -0.184009
FixedParameters: 0 0 0

#Transform 44
Transform: AffineTransform_float_3_3
Parameters: 1 -5.83141e-07 -0.000402999 4.16858e-07 0.999999 -0.001447 0.000403001 0.001447 0.999999 0.0548527 0.00946255 -0.17094
FixedParameters: 0 0 0

#Transform 45
Transform: AffineTransform_float_3_3
Parameters: 1 -4.00144e-07 -0.000281 -4.00144e-07 0.999999 -0.001424 0.000281 0.001424 0.999999 0.0540953 0.0092372 -0.169934
FixedParameters: 0 0 0

#Transform 46
Transform: AffineTransform_float_3_3
Parameters: 1 -8.55576e-07 -0.000611999 1.44423e-07 0.999999 -0.001398 0.000612001 0.001398 0.999999 0.0560534 -0.0273921 -0.187274
FixedParameters: 0 0 0

#Transform 47
Transform: AffineTransform_float_3_3
Parameters: 1 -5.19288e-07 -0.000281 4.8071e-07 0.999999 -0.001848 0.000281001 0.001848 0.999999 0.0541024 0.0475906 -0.195359
FixedParameters: 0 0 0

#Transform 48
Transform: AffineTransform_float_3_3
Parameters: 1 -3.91884e-07 -0.000226 -3.91884e-07 0.999998 -0.001734 0.000226 0.001734 0.999998 0.0538018 0.0264745 -0.187544
FixedParameters: 0 0 0

#Transform 49
Transform: AffineTransform_float_3_3
Parameters: 1 -3.21012e-07 -0.000241 -3.21012e-07 0.999999 -0.001332 0.000241 0.001332 0.999999 0.05392 -0.012573 -0.184613
FixedParameters: 0 0 0

#Transform 50
Transform: AffineTransform_float_3_3
Parameters: 1 -4.18617e-07 -0.000240999 -4.18617e-07 0.999998 -0.001737 0.000240999 0.001737 0.999998 0.0462734 -0.0100681 -0.219132
FixedParameters: 0 0 0

#Transform 51
Transform: AffineTransform_float_3_3
Parameters: 1 -5.32128e-07 -0.000240999 4.6787e-07 0.999997 -0.002208 0.000241002 0.002208 0.999997 0.0391579 0.0199135 -0.246465
FixedParameters: 0 0 0

#Transform 52
Transform: AffineTransform_float_3_3
Parameters: 1 -5.88281e-07 -0.000240999 4.11716e-07 0.999997 -0.002441 0.000241002 0.002441 0.999997 0.0539211 0.00145351 -0.234869
FixedParameters: 0 0 0

#Transform 53
Transform: AffineTransform_float_3_3
Parameters: 1 -0.00010147 -0.000212776 0.000101529 0.999997 -0.00220802 0.000213225 0.00220798 0.999997 0.0448059 0.00929444 -0.202771
FixedParameters: 0 0 0

#Transform 54
Transform: AffineTransform_float_3_3
Parameters: 0.999999 -0.000203406 -0.000706883 0.000202593 1 -0.000575143 0.000707116 0.000574856 0.999999 0.0564191 -0.0472504 -0.170405
FixedParameters: 0 0 0

#Transform 55
Transform: AffineTransform_float_3_3
Parameters: 1 -4.62501e-07 -0.000201 -4.62501e-07 0.999998 -0.002301 0.000201 0.002301 0.999998 0.0328587 0.0450618 -0.204844
FixedParameters: 0 0 0

#Transform 56
Transform: AffineTransform_float_3_3
Parameters: 1 -5.63958e-07 -0.000306 4.3604e-07 0.999999 -0.001843 0.000306001 0.001843 0.999999 0.0434155 0.0293073 -0.193255
FixedParameters: 0 0 0

#Transform 57
Transform: AffineTransform_float_3_3
Parameters: 1 0.000183551 -0.000306269 -0.000184448 0.999999 -0.00146494 0.00030573 0.00146506 0.999999 0.0315961 0.0476625 -0.158145
FixedParameters: 0 0 0

#Transform 58
Transform: AffineTransform_float_3_3
Parameters: 1 -4.01472e-07 -0.000306 -4.01472e-07 0.999999 -0.001312 0.000306 0.001312 0.999999 0.0258739 -0.0359572 -0.184554
FixedParameters: 0 0 0

#Transform 59
Transform: AffineTransform_float_3_3
Parameters: 1 1.37088e-07 6.39998e-05 1.37088e-07 0.999997 -0.002142 -6.39998e-05 0.002142 0.999997 0.0285289 0.0300645 -0.217644
FixedParameters: 0 0 0

#Transform 60
Transform: AffineTransform_float_3_3
Parameters: 1 6.77165e-07 0.000253999 -3.22832e-07 0.999997 -0.002666 -0.000254002 0.002666 0.999997 0.0279267 0.0848976 -0.232349
FixedParameters: 0 0 0

#Transform 61
Transform: AffineTransform_float_3_3
Parameters: 1 1.1936e-07 7.99999e-05 1.1936e-07 0.999999 -0.001492 -7.99999e-05 0.001492 0.999999 0.0222152 0.0184988 -0.0976883
FixedParameters: 0 0 0

#Transform 62
Transform: AffineTransform_float_3_3
Parameters: 1 0.000126226 0.000122769 -0.000125774 0.999999 -0.00183502 -0.000123231 0.00183499 0.999999 0.0148671 -0.126489 -0.0167869
FixedParameters: 0 0 0

#Transform 63
Transform: AffineTransform_float_3_3
Parameters: 1 0.000197715 -0.000126447 -0.000198284 0.999997 -0.00225797 0.000125553 0.00225802 0.999998 0.00607492 0.00839148 -0.0196488
FixedParameters: 0 0 0

#Transform 64
Transform: AffineTransform_float_3_3
Parameters: 1 -4.92156e-07 -0.000293999 -4.92156e-07 0.999998 -0.001674 0.000293999 0.001674 0.999998 0.0295054 -0.0234706 -0.0308467
FixedParameters: 0 0 0

#Transform 65
Transform: AffineTransform_float_3_3
Parameters: 1 -3.76e-07 -0.0002 -3.76e-07 0.999998 -0.00188 0.0002 0.00188 0.999998 0.0281718 -0.0224862 -0.0246362
FixedParameters: 0 0 0

#Transform 66
Transform: AffineTransform_float_3_3
Parameters: 1 -5.062e-07 -0.000199999 4.93797e-07 0.999997 -0.002531 0.000200002 0.002531 0.999997 0.0192926 0.0289904 -0.148742
FixedParameters: 0 0 0

#Transform 67
Transform: AffineTransform_float_3_3
Parameters: 1 -5.63e-07 -0.000199999 4.36996e-07 0.999996 -0.002815 0.000200002 0.002815 0.999996 0.0397163 0.0938452 -0.227221
FixedParameters: 0 0 0

#Transform 68
Transform: AffineTransform_float_3_3
Parameters: 1 -0.000430648 -0.0001986 0.00043035 0.999994 -0.00325408 0.000200401 0.00325391 0.999994 0.0487277 0.0780782 -0.286389
FixedParameters: 0 0 0

#Transform 69
Transform: AffineTransform_float_3_3
Parameters: 1 -0.000476044 0.000230909 0.000475956 1 0.00019011 -0.00023109 -0.00018989 1 0.0529731 -0.138418 0.198347
FixedParameters: 0 0 0

#Transform 70
Transform: AffineTransform_float_3_3
Parameters: 1 -1.4472e-08 -0.000201 -1.4472e-08 1 -7.2e-05 0.000201 7.2e-05 1 0.0395887 -0.334037 0.40708
FixedParameters: 0 0 0

#Transform 71
Transform: AffineTransform_float_3_3
Parameters: 1 1.8915e-07 0.00013 1.8915e-07 0.999999 -0.001455 -0.00013 0.001455 0.999999 0.0379086 -0.00537249 0.0327083
FixedParameters: 0 0 0

#Transform 72
Transform: AffineTransform_float_3_3
Parameters: 1 3.0956e-07 0.000284 3.0956e-07 1 -0.00109 -0.000284 0.00109 1 0.0370175 -0.00743093 0.0108802
FixedParameters: 0 0 0

#Transform 73
Transform: AffineTransform_float_3_3
Parameters: 1 1.71952e-07 8.79998e-05 1.71952e-07 0.999998 -0.001954 -8.79998e-05 0.001954 0.999998 0.0382082 -0.0374455 -0.0159442
FixedParameters: 0 0 0

#Transform 74
Transform: AffineTransform_float_3_3
Parameters: 1 -5.3482e-08 -2.59999e-05 -5.3482e-08 0.999998 -0.002057 2.59999e-05 0.002057 0.999998 0.0415299 -0.0453474 -0.0509148
FixedParameters: 0 0 0

#Transform 75
Transform: AffineTransform_float_3_3
Parameters: 1 -5.34183e-05 -0.000205892 5.25815e-05 0.999998 -0.00203101 0.000206107 0.00203099 0.999998 0.041053 -0.0326662 -0.0333758
FixedParameters: 0 0 0

#Transform 76
Transform: AffineTransform_float_3_3
Parameters: 1 9.61259e-08 3.69999e-05 9.61259e-08 0.999996 -0.002598 -3.69999e-05 0.002598 0.999996 0.0385251 -0.0500241 -0.0263596
FixedParameters: 0 0 0

#Transform 77
Transform: AffineTransform_float_3_3
Parameters: 1 -3.56125e-07 -0.000124999 -3.56125e-07 0.999996 -0.002849 0.000124999 0.002849 0.999996 0.03944 -0.052568 -0.0612637
FixedParameters: 0 0 0

#Transform 78
Transform: AffineTransform_float_3_3
Parameters: 1 -6.78521e-07 -0.000238999 3.21475e-07 0.999996 -0.002839 0.000239002 0.002839 0.999996 0.0401569 -0.0275883 -0.0614361
FixedParameters: 0 0 0

#Transform 79
Transform: AffineTransform_float_3_3
Parameters: 1 2.37207e-07 0.000111 2.37207e-07 0.999997 -0.002137 -0.000111 0.002137 0.999997 0.0380961 -0.0523298 -0.0362507
FixedParameters: 0 0 0

#Transform 80
Transform: AffineTransform_float_3_3
Parameters: 1 9.66053e-07 0.000340999 -3.3943e-08 0.999996 -0.002833 -0.000341001 0.002833 0.999996 0.0367771 0.00548857 -0.210771
FixedParameters: 0 0 0

#Transform 81
Transform: AffineTransform_float_3_3
Parameters: 1 3.84252e-07 0.000122999 3.84252e-07 0.999995 -0.003124 -0.000122999 0.003124 0.999995 0.0120627 0.0608845 -0.213899
FixedParameters: 0 0 0

#Transform 82
Transform: AffineTransform_float_3_3
Parameters: 1 1.92882e-07 6.09997e-05 1.92882e-07 0.999995 -0.003162 -6.09997e-05 0.003162 0.999995 0.0124147 0.0180696 -0.149887
FixedParameters: 0 0 0

#Transform 83
Transform: AffineTransform_float_3_3
Parameters: 1 0.000119131 4.56609e-05 -0.000118871 0.999996 -0.00284801 -4.53387e-05 0.00284799 0.999996 0.00145898 0.0139716 -0.132488
FixedParameters: 0 0 0

#Transform 84
Transform: AffineTransform_float_3_3
Parameters: 1 8.00041e-07 0.000256999 -1.99954e-07 0.999995 -0.003113 -0.000257002 0.003113 0.999995 0.00959599 -0.00961529 -0.119389
FixedParameters: 0 0 0

#Transform 85
Transform: AffineTransform_float_3_3
Parameters: 1 0.000407829 -0.000378266 -0.00040917 0.999995 -0.00310085 0.000376733 0.00310115 0.999995 -0.0104038 0.00975696 -0.143083
FixedParameters: 0 0 0

#Transform 86
Transform: AffineTransform_float_3_3
Parameters: 1 0.000485389 -0.000177678 -0.000485608 0.999994 -0.00345391 0.000175324 0.00345309 0.999994 -0.0228576 0.0463888 -0.132977
FixedParameters: 0 0 0

#Transform 87
Transform: AffineTransform_float_3_3
Parameters: 1 4.73434e-07 0.000130999 4.73434e-07 0.999994 -0.003614 -0.000130999 0.003614 0.999994 -0.00440367 0.0612591 -0.170356
FixedParameters: 0 0 0

#Transform 88
Transform: AffineTransform_float_3_3
Parameters: 1 0.000149879 -0.000315535 -0.000151118 0.999993 -0.00355395 0.000314465 0.00355404 0.999993 0.00926423 0.0185774 -0.237681
FixedParameters: 0 0 0

#Transform 89
Transform: AffineTransform_float_3_3
Parameters: 1 1.38992e-07 3.39997e-05 1.38992e-07 0.999991 -0.004088 -3.39997e-05 0.004088 0.999991 0.0104566 0.0999669 -0.424797
FixedParameters: 0 0 0

#Transform 90
Transform: AffineTransform_float_3_3
Parameters: 1 -0.000251961 -0.000313434 0.000250042 0.999981 -0.00624108 0.000314567 0.00624093 0.999981 0.0031652 0.143338 -0.422517
FixedParameters: 0 0 0

#Transform 91
Transform: AffineTransform_float_3_3
Parameters: 1 -1.36552e-06 -0.000314997 -3.65534e-07 0.99999 -0.004335 0.000315001 0.004335 0.99999 -0.00168188 0.132729 -0.414826
FixedParameters: 0 0 0

#Transform 92
Transform: AffineTransform_float_3_3
Parameters: 1 5.75437e-07 0.000148999 -4.24555e-07 0.999992 -0.003862 -0.000149003 0.003862 0.999992 0.00973618 -0.0027697 -0.344499
FixedParameters: 0 0 0

#Transform 93
Transform: AffineTransform_float_3_3
Parameters: 1 -0.00105287 -0.000249363 0.00105213 0.999993 -0.00345626 0.000253638 0.00345573 0.999994 0.0795378 0.0138073 -0.307872
FixedParameters: 0 0 0

#Transform 94
Transform: AffineTransform_float_3_3
Parameters: 1 -0.00111835 -0.000251431 0.00111765 0.999999 -0.00140328 0.000253568 0.00140272 0.999999 0.0810162 -0.0413316 -0.183661
FixedParameters: 0 0 0

#Transform 95
Transform: AffineTransform_float_3_3
Parameters: 1 -0.00108144 0.000389555 0.00108156 0.999999 -0.00143758 -0.000388445 0.00143842 0.999999 0.100168 -0.0596226 -0.22264
FixedParameters: 0 0 0

#Transform 96
Transform: AffineTransform_float_3_3
Parameters: 1 -0.000915801 0.000444479 0.000917198 0.999996 -0.00270459 -0.000441521 0.00270541 0.999996 0.0896072 -0.0663941 -0.270641
FixedParameters: 0 0 0

#Transform 97
Transform: AffineTransform_float_3_3
Parameters: 0.999999 -0.000691912 0.000299526 0.00069309 0.999993 -0.00364779 -0.000297474 0.00364821 0.999994 0.0681676 0.0774792 -0.294771
FixedParameters: 0 0 0

#Transform 98
Transform: AffineTransform_float_3_3
Parameters: 1 -0.000678449 0.000150506 0.000678549 0.999993 -0.0036919 -0.000147496 0.0036921 0.999993 0.0596987 0.0605593 -0.275588
FixedParameters: 0 0 0

#Transform 99
Transform: AffineTransform_float_3_3
Parameters: 0.999999 -0.000677705 0.000416116 0.000679294 0.999995 -0.00311872 -0.000413883 0.00311928 0.999995 0.0735354 -0.0212459 -0.244469
FixedParameters: 0 0 0

#Transform 100
Transform: AffineTransform_float_3_3
Parameters: 0.999999 -0.000750722 0.000499923 0.000751277 0.999996 -0.00255962 -0.000498079 0.00255937 0.999996 0.0757964 -0.0432974 -0.213283
FixedParameters: 0 0 0

#Transform 101
Transform: AffineTransform_float_3_3
Parameters: 1 -0.000676422 0.000831106 0.000678579 0.999995 -0.00310644 -0.000828896 0.00310656 0.999995 0.0720689 0.00706057 -0.228159
FixedParameters: 0 0 0

#Transform 102
Transform: AffineTransform_float_3_3
Parameters: 0.999999 -0.000677727 0.000344515 0.000679274 0.999993 -0.00370677 -0.000342484 0.00370723 0.999993 0.0660531 0.0320906 -0.26289
FixedParameters: 0 0 0

#Transform 103
Transform: AffineTransform_float_3_3
Parameters: 0.999999 -0.00115157 0.000420922 0.00115343 0.999993 -0.00340352 -0.000417077 0.00340348 0.999994 0.0863724 0.0287538 -0.28545
FixedParameters: 0 0 0

#Transform 104
Transform: AffineTransform_float_3_3
Parameters: 0.999999 -0.000917009 0.000337703 0.000917989 0.999995 -0.00294569 -0.000334298 0.00294531 0.999995 0.0854495 -0.00686923 -0.264642
FixedParameters: 0 0 0

#Transform 105
Transform: AffineTransform_float_3_3
Parameters: 0.999999 -0.000781468 0.000188221 0.000781533 0.999995 -0.00284085 -0.00018678 0.00284115 0.999996 0.0890425 -0.0499917 -0.263146
FixedParameters: 0 0 0

#Transform 106
Transform: AffineTransform_float_3_3
Parameters: 0.999999 -0.00063169 0.000406045 0.000633309 0.999994 -0.00323374 -0.000403954 0.00323425 0.999994 0.0749425 0.0223119 -0.270432
FixedParameters: 0 0 0

#Transform 107
Transform: AffineTransform_float_3_3
Parameters: 1 -0.000669411 0.000168358 0.000669587 0.999993 -0.00352089 -0.000165643 0.00352111 0.999994 0.0735266 0.0348697 -0.269332
FixedParameters: 0 0 0

#Transform 108
Transform: AffineTransform_float_3_3
Parameters: 0.999999 -0.000785098 0.000256776 0.000785903 0.999994 -0.0035338 -0.000254224 0.0035342 0.999993 0.0773073 0.00113501 -0.287904
FixedParameters: 0 0 0

#Transform 109
Transform: AffineTransform_float_3_3
Parameters: 0.999999 -0.000788934 0.000303782 0.000790062 0.999993 -0.00352376 -0.000300217 0.00352424 0.999993 0.0801659 -0.0158875 -0.315926
FixedParameters: 0 0 0

#Transform 110
Transform: AffineTransform_float_3_3
Parameters: 0.999999 -0.000778548 0.000404804 0.000780452 0.999993 -0.00359769 -0.000402194 0.00359832 0.999994 0.0748559 0.0290994 -0.255544
FixedParameters: 0 0 0

#Transform 111
Transform: AffineTransform_float_3_3
Parameters: 0.999999 -0.000766949 1.5745e-05 0.000767052 0.999994 -0.00357899 -1.32548e-05 0.00357901 0.999993 0.0844846 0.0243343 -0.215908
FixedParameters: 0 0 0

#Transform 112
Transform: AffineTransform_float_3_3
Parameters: 1 -0.000521905 2.69104e-05 0.000522095 0.999993 -0.00365999 -2.50893e-05 0.00366002 0.999994 0.0720755 0.0167711 -0.247642
FixedParameters: 0 0 0

#Transform 113
Transform: AffineTransform_float_3_3
Parameters: 1 -0.000589623 0.000117902 0.000590377 0.999994 -0.00322493 -0.000116097 0.00322507 0.999995 0.059129 -0.0186767 -0.254749
FixedParameters: 0 0 0

#Transform 114
Transform: AffineTransform_float_3_3
Parameters: 1 -0.000516627 0.000362961 0.000517372 0.999992 -0.00379181 -0.000361041 0.00379219 0.999992 0.0694827 0.0144446 -0.265609
FixedParameters: 0 0 0

#Transform 115
Transform: AffineTransform_float_3_3
Parameters: 0.999999 -0.000691407 0.000150745 0.000691593 0.999992 -0.0039679 -0.000148257 0.0039681 0.999992 0.0708484 0.0552967 -0.29409
FixedParameters: 0 0 0

#Transform 116
Transform: AffineTransform_float_3_3
Parameters: 0.999999 -0.000764934 0.00028191 0.000766067 0.999993 -0.00380179 -0.000279089 0.00380222 0.999992 0.0767084 0.030485 -0.264112
FixedParameters: 0 0 0

#Transform 117
Transform: AffineTransform_float_3_3
Parameters: 1 -0.00108213 0.000274445 0.00108387 0.999995 -0.00318171 -0.000270554 0.0031813 0.999995 0.0831781 -0.0432137 -0.242971
FixedParameters: 0 0 0

#Transform 118
Transform: AffineTransform_float_3_3
Parameters: 0.999999 -0.00115094 0.000583079 0.00115306 0.999993 -0.00354033 -0.00057892 0.00354167 0.999993 0.0771469 -0.0413882 -0.229894
FixedParameters: 0 0 0

#Transform 119
Transform: AffineTransform_float_3_3
Parameters: 0.999999 -0.000806711 0.000356927 0.000808289 0.999993 -0.00362571 -0.000354071 0.00362629 0.999994 0.0747221 -0.00624193 -0.226295
FixedParameters: 0 0 0

#Transform 120
Transform: AffineTransform_float_3_3
Parameters: 1 -0.00115161 0.000313146 0.00115339 0.99999 -0.00446564 -0.000308852 0.00446636 0.99999 0.0775169 0.0109246 -0.261648
FixedParameters: 0 0 0

#Transform 121
Transform: AffineTransform_float_3_3
Parameters: 0.999999 -0.000771622 0.000582164 0.000774377 0.999992 -0.00409455 -0.000578834 0.00409545 0.999992 0.0687747 0.00985034 -0.211443
FixedParameters: 0 0 0

#Transform 122
Transform: AffineTransform_float_3_3
Parameters: 1 -0.000963461 0.000483083 0.00096454 0.999995 -0.00319754 -0.000479919 0.00319746 0.999995 0.0776801 -0.0966655 -0.147944
FixedParameters: 0 0 0

#Transform 123
Transform: AffineTransform_float_3_3
Parameters: 0.999999 -0.00115064 0.000701874 0.00115335 0.999993 -0.00336319 -0.000698124 0.00336481 0.999994 0.0880131 -0.0392657 -0.276824
FixedParameters: 0 0 0

#Transform 124
Transform: AffineTransform_float_3_3
Parameters: 0.999999 -0.00122874 0.00027178 0.00123027 0.999988 -0.00470167 -0.000266218 0.00470233 0.999989 0.0883771 0.108106 -0.479376
FixedParameters: 0 0 0

#Transform 125
Transform: AffineTransform_float_3_3
Parameters: 1 -0.00115223 0.000198511 0.00115277 0.999991 -0.00391377 -0.000193491 0.00391323 0.999993 0.0859536 0.00648433 -0.215703
FixedParameters: 0 0 0

#Transform 126
Transform: AffineTransform_float_3_3
Parameters: 1 -0.0011524 0.000134221 0.0011526 0.999989 -0.00452885 -0.000128781 0.00452915 0.999989 0.0911801 0.0525838 -0.302709
FixedParameters: 0 0 0

#Transform 127
Transform: AffineTransform_float_3_3
Parameters: 1 -0.00115252 0.000133266 0.00115249 0.999993 -0.00370085 -0.000128736 0.00370115 0.999993 0.0918067 0.0787131 -0.335689
FixedParameters: 0 0 0

#Transform 128
Transform: AffineTransform_float_3_3
Parameters: 0.999999 -0.00115102 0.000503564 0.00115298 0.999992 -0.00396142 -0.000498437 0.00396158 0.999992 0.0807886 -0.0439849 -0.389392
FixedParameters: 0 0 0

#Transform 129
Transform: AffineTransform_float_3_3
Parameters: 0.999999 -0.00115117 0.000419066 0.00115283 0.999989 -0.00439652 -0.000413936 0.00439648 0.99999 0.076817 0.06684 -0.392526
FixedParameters: 0 0 0

#Transform 130
Transform: AffineTransform_float_3_3
Parameters: 1 -0.00115133 0.000355458 0.00115267 0.999988 -0.00473659 -0.000349545 0.00473641 0.999988 0.0767921 0.109301 -0.387388
FixedParameters: 0 0 0

#Transform 131
Transform: AffineTransform_float_3_3
Parameters: 0.999999 -0.00122792 0.000490248 0.00122908 0.99999 -0.0042704 -0.000484756 0.0042706 0.999991 0.0769301 0.0547166 -0.351528
FixedParameters: 0 0 0

#Transform 132
Transform: AffineTransform_float_3_3
Parameters: 0.999999 -0.00125828 0.000822718 0.00126172 0.999989 -0.00453697 -0.000816284 0.00453803 0.99999 0.0827004 0.0729978 -0.513809
FixedParameters: 0 0 0

#Transform 133
Transform: AffineTransform_float_3_3
Parameters: 0.999999 -0.00102859 0.000820038 0.00103041 0.999995 -0.00294916 -0.000816965 0.00294984 0.999996 0.092691 0.155274 -0.519624
FixedParameters: 0 0 0

#Transform 134
Transform: AffineTransform_float_3_3
Parameters: 0.999999 -0.00115104 0.000424367 0.00115296 0.999989 -0.00465852 -0.000418634 0.00465849 0.999989 0.091477 0.191458 -0.449805
FixedParameters: 0 0 0

#Transform 135
Transform: AffineTransform_float_3_3
Parameters: 0.999999 -0.00138845 -0.000307508 0.00138755 0.999988 -0.00467843 0.000313494 0.00467757 0.999989 0.0800759 0.22658 -0.481869
FixedParameters: 0 0 0

#Transform 136
Transform: AffineTransform_float_3_3
Parameters: 0.999999 -0.00178701 -7.7519e-08 0.001787 0.999996 -0.002195 3.92246e-06 0.002195 0.999997 0.0960238 -0.114588 -0.376691
FixedParameters: 0 0 0

#Transform 137
Transform: AffineTransform_float_3_3
Parameters: 0.999999 -0.00137586 5.83283e-05 0.00137614 0.999996 -0.00241892 -5.56726e-05 0.00241808 0.999997 0.0917714 -0.0677502 -0.285245
FixedParameters: 0 0 0

#Transform 138
Transform: AffineTransform_float_3_3
Parameters: 0.999999 -0.00178674 8.64785e-05 0.00178726 0.999993 -0.00306585 -8.05206e-05 0.00306615 0.999996 0.114916 -0.0428224 -0.291255
FixedParameters: 0 0 0

#Transform 139
Transform: AffineTransform_float_3_3
Parameters: 0.999999 -0.00178703 -3.72398e-06 0.00178698 0.999992 -0.00351201 9.27592e-06 0.00351199 0.999994 0.103336 0.0400406 -0.338193
FixedParameters: 0 0 0

#Transform 140
Transform: AffineTransform_float_3_3
Parameters: 0.999999 -0.00148318 0.000512301 0.00148482 0.999992 -0.00357124 -0.000507701 0.00357176 0.999994 0.0990936 0.0901702 -0.382797
FixedParameters: 0 0 0

#Transform 141
Transform: AffineTransform_float_3_3
Parameters: 0.999999 -0.00144056 0.000507973 0.00144344 0.999988 -0.00483627 -0.000501023 0.00483773 0.999988 0.106008 0.0759723 -0.463344
FixedParameters: 0 0 0

#Transform 142
Transform: AffineTransform_float_3_3
Parameters: 0.999999 -0.00178534 0.000558351 0.00178667 0.999994 -0.00299501 -0.000553651 0.00299599 0.999996 0.120272 -0.00155912 -0.398796
FixedParameters: 0 0 0

#Transform 143
Transform: AffineTransform_float_3_3
Parameters: 0.999997 -0.00237883 0.00075684 0.00238116 0.999993 -0.00287321 -0.000749159 0.00287479 0.999995 0.136134 -0.0542714 -0.290413
FixedParameters: 0 0 0

#Transform 144
Transform: AffineTransform_float_3_3
Parameters: 0.999998 -0.00165283 7.20991e-05 0.00165317 0.999995 -0.00247988 -6.89019e-05 0.00247912 0.999997 0.0826222 0.00912802 -0.214811
FixedParameters: 0 0 0

#Transform 145
Transform: AffineTransform_float_3_3
Parameters: 0.999999 -0.00159287 0.000974133 0.00159613 0.999993 -0.00321845 -0.000968866 0.00322055 0.999995 0.081912 -0.11453 -0.252048
FixedParameters: 0 0 0

#Transform 146
Transform: AffineTransform_float_3_3
Parameters: 0.999999 -0.00171336 0.00055707 0.00171464 0.999994 -0.00295705 -0.000551932 0.00295795 0.999996 0.086411 -0.0884087 -0.26795
FixedParameters: 0 0 0

#Transform 147
Transform: AffineTransform_float_3_3
Parameters: 0.999996 -0.00257346 -0.000434297 0.00257254 0.999996 -0.00105112 0.000437703 0.00104988 1 0.147591 -0.100415 -0.315836
FixedParameters: 0 0 0

#Transform 148
Transform: AffineTransform_float_3_3
Parameters: 0.999997 -0.00249205 -0.000425176 0.00248995 0.999985 -0.00474707 0.000436826 0.00474692 0.999988 0.135543 0.0263445 -0.398155
FixedParameters: 0 0 0

#Transform 149
Transform: AffineTransform_float_3_3
Parameters: 0.999997 -0.00261499 0.000709188 0.00261801 0.999988 -0.00427516 -0.000697812 0.00427684 0.99999 0.186601 -0.0262128 -0.384303
FixedParameters: 0 0 0

#Transform 150
Transform: AffineTransform_float_3_3
Parameters: 0.999996 -0.00253537 0.000711076 0.00253963 0.999984 -0.00515321 -0.00069792 0.00515479 0.999986 0.171666 0.00184268 -0.471315
FixedParameters: 0 0 0

#Transform 151
Transform: AffineTransform_float_3_3
Parameters: 0.999997 -0.0020718 0.00070743 0.00207419 0.999988 -0.00454755 -0.000697572 0.00454946 0.99999 0.172741 0.0293208 -0.559604
FixedParameters: 0 0 0

#Transform 152
Transform: AffineTransform_float_3_3
Parameters: 0.999997 -0.00243778 0.000709156 0.00244122 0.999986 -0.00457228 -0.000697842 0.00457472 0.99999 0.177262 0.00937987 -0.490082
FixedParameters: 0 0 0

#Transform 153
Transform: AffineTransform_float_3_3
Parameters: 0.999998 -0.00134524 0.000996453 0.00134975 0.999987 -0.00478766 -0.000989547 0.00478934 0.999988 0.105261 0.223106 -0.854671
FixedParameters: 0 0 0

#Transform 154
Transform: AffineTransform_float_3_3
Parameters: 0.999996 -0.000879523 0.00249595 0.000898476 0.999969 -0.00781279 -0.00248905 0.00781522 0.999967 0.0955266 0.294154 -1.48487
FixedParameters: 0 0 0

#Transform 155
Transform: AffineTransform_float_3_3
Parameters: 0.999999 -0.000651019 0.000808491 0.000658985 0.99995 -0.00991047 -0.000802508 0.00991052 0.99995 0.105446 -0.254069 -0.670831
FixedParameters: 0 0 0

#Transform 156
Transform: AffineTransform_float_3_3
Parameters: 1 0.000285683 -3.37982e-05 -0.000286319 0.999952 -0.00978899 3.11987e-05 0.00978901 0.999952 0.0619861 -0.0233004 -0.56384
FixedParameters: 0 0 0

#Transform 157
Transform: AffineTransform_float_3_3
Parameters: 0.999999 0.000334358 -0.000881327 -0.000343638 0.999951 -0.0098237 0.000877666 0.0098243 0.999952 0.0650194 0.0521001 -0.535592
FixedParameters: 0 0 0

#Transform 158
Transform: AffineTransform_float_3_3
Parameters: 1 5.05933e-05 0.000147463 -4.84117e-05 0.999942 -0.010785 -0.000147531 0.010785 0.999942 0.0607724 0.0896394 -0.564221
FixedParameters: 0 0 0

#Transform 159
Transform: AffineTransform_float_3_3
Parameters: 1 3.08378e-05 0.000147628 -2.91575e-05 0.999922 -0.012433 -0.000148374 0.012433 0.999922 0.0744171 0.216804 -0.645836
FixedParameters: 0 0 0

#Transform 160
Transform: AffineTransform_float_3_3
Parameters: 1 0.000230952 0.000165307 -0.000229052 0.999932 -0.011711 -0.000167694 0.011711 0.999932 0.0714225 0.109142 -0.612237
FixedParameters: 0 0 0

#Transform 161
Transform: AffineTransform_float_3_3
Parameters: 0.999999 -0.00140777 0.000272291 0.00141023 0.999924 -0.0122676 -0.000254718 0.0122684 0.999924 0.140764 -0.130301 -0.695104
FixedParameters: 0 0 0

#Transform 162
Transform: AffineTransform_float_3_3
Parameters: 0.999999 -0.00135234 0.00128378 0.00136966 0.999913 -0.0130643 -0.00126621 0.0130657 0.999914 0.14279 0.0507689 -0.630789
FixedParameters: 0 0 0

#Transform 163
Transform: AffineTransform_float_3_3
Parameters: 0.999999 -0.000605438 0.00112143 0.000618556 0.999926 -0.0121323 -0.00111358 0.0121337 0.999926 0.066198 -0.0391417 -0.557369
FixedParameters: 0 0 0

#Transform 164
Transform: AffineTransform_float_3_3
Parameters: 0.999999 -0.00129448 0.000372736 0.00130053 0.999884 -0.0152125 -0.000353257 0.0152125 0.999884 0.0549855 -0.0999427 -0.745681
FixedParameters: 0 0 0

#Transform 165
Transform: AffineTransform_float_3_3
Parameters: 0.999998 -0.00124753 0.000985302 0.00126048 0.999904 -0.0137928 -0.000968706 0.0137942 0.999905 0.0766616 0.0138322 -0.689345
FixedParameters: 0 0 0

#Transform 166
Transform: AffineTransform_float_3_3
Parameters: 1 -0.000735236 0.000822748 0.000745768 0.999913 -0.0131604 -0.000813256 0.0131616 0.999913 0.0870523 -0.0275166 -0.627476
FixedParameters: 0 0 0

#Transform 167
Transform: AffineTransform_float_3_3
Parameters: 0.999999 -0.000626092 0.000487994 0.000633907 0.999898 -0.0142857 -0.000478993 0.0142853 0.999898 0.0787001 0.0372235 -0.69438
FixedParameters: 0 0 0

#Transform 168
Transform: AffineTransform_float_3_3
Parameters: 1 -0.00073658 0.000718782 0.000745423 0.999912 -0.0131945 -0.000709226 0.0131955 0.999912 0.0876499 0.091233 -0.669995
FixedParameters: 0 0 0

#Transform 169
Transform: AffineTransform_float_3_3
Parameters: 1 -0.00032446 0.000338412 0.000329547 0.999909 -0.0135019 -0.000334581 0.0135021 0.999909 0.0704968 0.325506 -0.643626
FixedParameters: 0 0 0

#Transform 170
Transform: AffineTransform_float_3_3
Parameters: 1 -0.00032923 -2.73588e-05 0.000328765 0.999967 -0.00802501 3.06393e-05 0.00802499 0.999968 0.0402147 0.368416 -0.518657
FixedParameters: 0 0 0

#Transform 171
Transform: AffineTransform_float_3_3
Parameters: 0.999999 -0.000574496 0.000457711 0.000579507 0.999951 -0.00990173 -0.000452284 0.00990226 0.999951 0.0902586 0.0564693 -0.677997
FixedParameters: 0 0 0

#Transform 172
Transform: AffineTransform_float_3_3
Parameters: 0.999999 -0.000321393 0.000750304 0.000329604 0.999949 -0.0101608 -0.000746689 0.0101612 0.999948 0.106391 -0.153647 -0.694572
FixedParameters: 0 0 0

#Transform 173
Transform: AffineTransform_float_3_3
Parameters: 0.999999 -0.000132536 0.00127924 0.000143471 0.99996 -0.00896582 -0.00127877 0.00896617 0.999959 0.0583125 -0.083546 -0.609236
FixedParameters: 0 0 0

#Transform 174
Transform: AffineTransform_float_3_3
Parameters: 1 0.000196849 0.000112527 -0.000196147 0.999972 -0.00749902 -0.000114474 0.00749898 0.999972 0.0418266 0.0828778 -0.482122
FixedParameters: 0 0 0

#Transform 175
Transform: AffineTransform_float_3_3
Parameters: 0.999999 0.000523641 0.000501223 -0.000519352 0.999973 -0.00723826 -0.000505772 0.00723773 0.999973 0.0272422 0.119014 -0.499334
FixedParameters: 0 0 0

#Transform 176
Transform: AffineTransform_float_3_3
Parameters: 1 0.000212781 0.000503418 -0.000209214 0.999972 -0.0074991 -0.000505583 0.00749889 0.999972 0.0470767 0.106279 -0.535798
FixedParameters: 0 0 0

#Transform 177
Transform: AffineTransform_float_3_3
Parameters: 1 8.2712e-05 0.000254133 -7.92788e-05 0.999944 -0.010653 -0.000255859 0.010653 0.999943 0.0610788 0.27441 -0.514853
FixedParameters: 0 0 0

#Transform 178
Transform: AffineTransform_float_3_3
Parameters: 1 8.36511e-05 0.000571478 -7.93518e-05 0.999979 -0.00638605 -0.000571519 0.00638595 0.99998 0.0446761 0.0666475 -0.432843
FixedParameters: 0 0 0

#Transform 179
Transform: AffineTransform_float_3_3
Parameters: 1 8.35527e-05 0.000504424 -7.94432e-05 0.999975 -0.00703904 -0.000505572 0.00703896 0.999975 0.0544806 -0.051736 -0.427291
FixedParameters: 0 0 0

#Transform 180
Transform: AffineTransform_float_3_3
Parameters: 1 8.33645e-05 0.000504455 -7.96318e-05 0.999978 -0.00666604 -0.000505542 0.00666595 0.999977 0.0627411 0.105503 -0.441392
FixedParameters: 0 0 0

#Transform 181
Transform: AffineTransform_float_3_3
Parameters: 1 8.36047e-05 0.000504416 -7.93912e-05 0.999975 -0.00714205 -0.00050558 0.00714196 0.999975 0.0561226 0.108064 -0.432848
FixedParameters: 0 0 0

#Transform 182
Transform: AffineTransform_float_3_3
Parameters: 1 8.32742e-05 0.00050447 -7.97223e-05 0.999979 -0.00648704 -0.000505528 0.00648696 0.999979 0.0671729 0.114779 -0.453199
FixedParameters: 0 0 0

#Transform 183
Transform: AffineTransform_float_3_3
Parameters: 1 8.27792e-05 0.00044349 -7.92176e-05 0.999981 -0.00626304 -0.000444505 0.00626297 0.999981 0.0753417 0.134958 -0.456782
FixedParameters: 0 0 0

#Transform 184
Transform: AffineTransform_float_3_3
Parameters: 1 8.4339e-05 0.000504293 -7.96549e-05 0.999963 -0.00859804 -0.000505703 0.00859796 0.999963 0.0632373 0.277054 -0.416772
FixedParameters: 0 0 0

#Transform 185
Transform: AffineTransform_float_3_3
Parameters: 1 8.30785e-05 0.000504503 -7.99185e-05 0.999982 -0.00609905 -0.000505497 0.00609896 0.999982 0.0318102 0.0384377 -0.335509
FixedParameters: 0 0 0

#Transform 186
Transform: AffineTransform_float_3_3
Parameters: 0.999999 0.000575036 0.000501539 -0.00057196 0.999981 -0.00603428 -0.00050546 0.00603371 0.999981 0.0330594 -0.0232613 -0.319784
FixedParameters: 0 0 0

#Transform 187
Transform: AffineTransform_float_3_3
Parameters: 1 0.000526306 0.000252293 -0.00052569 0.999986 -0.00514913 -0.00025571 0.00514886 0.999986 0.0413179 0.0684675 -0.317988
FixedParameters: 0 0 0

#Transform 188
Transform: AffineTransform_float_3_3
Parameters: 1 0.000423924 0.000502548 -0.000421073 0.999983 -0.00580421 -0.000505452 0.00580379 0.999983 0.0352738 0.140683 -0.307882
FixedParameters: 0 0 0

#Transform 189
Transform: AffineTransform_float_3_3
Parameters: 1 8.2473e-05 0.000504602 -7.9525e-05 0.999988 -0.00489904 -0.000505396 0.00489896 0.999988 0.0352681 0.0859947 -0.311642
FixedParameters: 0 0 0

#Transform 190
Transform: AffineTransform_float_3_3
Parameters: 1 0.000814406 0.000890899 -0.000810598 0.999993 -0.00381673 -0.0008931 0.00381528 0.999993 0.0163122 0.0646682 -0.255241
FixedParameters: 0 0 0

#Transform 191
Transform: AffineTransform_float_3_3
Parameters: 0.999999 0.000744827 0.000255602 -0.000743174 0.999994 -0.00322119 -0.000257395 0.00322081 0.999995 0.0200202 0.0922168 -0.268009
FixedParameters: 0 0 0

#Transform 192
Transform: AffineTransform_float_3_3
Parameters: 1 0.000328929 -2.01886e-05 -0.00032907 0.999994 -0.003613 1.88112e-05 0.00361301 0.999994 0.0384821 0.0611361 -0.2773
FixedParameters: 0 0 0

#Transform 193
Transform: AffineTransform_float_3_3
Parameters: 0.999999 0.000686117 0.000694935 -0.000682882 0.999989 -0.00447647 -0.000698064 0.00447652 0.999989 0.0261161 0.1018 -0.307217
FixedParameters: 0 0 0

#Transform 194
Transform: AffineTransform_float_3_3
