# transform file /out/sourcedata/freesurfer/sub-v2s2x29067_ses-1/mri/transforms/cc_up.lta
# created by oesteban on Thu Mar 12 23:00:50 2026

type      = 0 # LINEAR_VOX_TO_VOX
nxforms   = 1
mean      = 130.0000 140.0000 122.0000
sigma     = 10000.0000
1 4 4
9.963724613189697e-01 8.281227201223373e-02 1.959720440208912e-02 -1.727784156799316e+01 
-8.279626071453094e-02 9.965652227401733e-01 -1.628482597880065e-03 1.054453182220459e+01 
-1.966475136578083e-02 0.000000000000000e+00 9.998066425323486e-01 1.861502265930176e+01 
0.000000000000000e+00 0.000000000000000e+00 0.000000000000000e+00 1.000000000000000e+00 
src volume info
valid = 1  # volume info valid
filename = /out/sourcedata/freesurfer/sub-v2s2x29067_ses-1/mri/norm.mgz
volume = 256 256 256
voxelsize = 8.984374403953552e-01 8.984374403953552e-01 8.984374403953552e-01
xras   = -1.000000000000000e+00 0.000000000000000e+00 0.000000000000000e+00
yras   = 0.000000000000000e+00 0.000000000000000e+00 -1.000000119209290e+00
zras   = 0.000000000000000e+00 1.000000119209290e+00 0.000000000000000e+00
cras   = -5.059036254882812e+00 -5.640457153320312e+00 2.756782531738281e+01
dst volume info
valid = 1  # volume info valid
filename = /out/sourcedata/freesurfer/sub-v2s2x29067_ses-1/mri/norm.mgz
volume = 256 256 256
voxelsize = 8.984374403953552e-01 8.984374403953552e-01 8.984374403953552e-01
xras   = -1.000000000000000e+00 0.000000000000000e+00 0.000000000000000e+00
yras   = 0.000000000000000e+00 0.000000000000000e+00 -1.000000119209290e+00
zras   = 0.000000000000000e+00 1.000000119209290e+00 0.000000000000000e+00
cras   = -5.059036254882812e+00 -5.640457153320312e+00 2.756782531738281e+01
