#Insight Transform File V1.0
#Transform 0
Transform: AffineTransform_float_3_3
Parameters: 1 2.42794e-06 -0.000671996 4.2795e-07 0.999994 0.003613 0.000672003 -0.003613 0.999993 0.00404213 0.0163072 0.220993
FixedParameters: 0 0 0

#Transform 1
Transform: AffineTransform_float_3_3
Parameters: 1 2.1121e-06 -0.000671996 1.12106e-07 0.999995 0.003143 0.000672003 -0.003143 0.999995 0.00801976 0.000533446 0.170949
FixedParameters: 0 0 0

#Transform 2
Transform: AffineTransform_float_3_3
Parameters: 1 1.75258e-06 -0.000671998 -2.47416e-07 0.999996 0.002608 0.000672003 -0.002608 0.999997 0.016947 -0.00138464 0.146775
FixedParameters: 0 0 0

#Transform 3
Transform: AffineTransform_float_3_3
Parameters: 1 8.63532e-05 -0.000671827 -8.56484e-05 0.999998 0.00201406 0.000671174 -0.00201394 0.999997 0.0196983 0.0157504 0.100382
FixedParameters: 0 0 0

#Transform 4
Transform: AffineTransform_float_3_3
Parameters: 1 -8.9795e-05 -0.000672162 9.12047e-05 0.999999 0.00179294 0.000671838 -0.00179306 0.999998 0.0230661 0.0177571 0.0462958
FixedParameters: 0 0 0

#Transform 5
Transform: AffineTransform_float_3_3
Parameters: 0.999999 -0.000236334 -0.000922428 0.000238665 0.999999 0.00180578 0.00092157 -0.00180622 0.999998 0.0117697 -0.0808489 0.03981
FixedParameters: 0 0 0

#Transform 6
Transform: AffineTransform_float_3_3
Parameters: 1 -0.000204959 -0.000672318 0.00020604 0.999999 0.00154786 0.000671681 -0.00154814 0.999998 0.0232117 -0.0637925 0.0320381
FixedParameters: 0 0 0

#Transform 7
Transform: AffineTransform_float_3_3
Parameters: 1 -0.000437903 -0.000516083 0.000438097 1 0.000188774 0.000515917 -0.000188226 1 0.0144606 0.112847 -0.037047
FixedParameters: 0 0 0

#Transform 8
Transform: AffineTransform_float_3_3
Parameters: 1 -0.000437673 -0.000458312 0.000438327 0.999999 0.000713799 0.000458687 -0.0007132 0.999999 0.0320102 0.0587976 -0.0124105
FixedParameters: 0 0 0

#Transform 9
Transform: AffineTransform_float_3_3
Parameters: 1 -0.000257766 -0.000211286 0.000258234 1 0.00110895 0.000210714 -0.00110906 1 0.0432094 -0.198535 0.0485753
FixedParameters: 0 0 0

#Transform 10
Transform: AffineTransform_float_3_3
Parameters: 1 -0.000306047 4.56876e-05 0.000306954 1 0.00102102 -4.53134e-05 -0.00102099 1 0.0438623 -0.0739308 0.0327757
FixedParameters: 0 0 0

#Transform 11
Transform: AffineTransform_float_3_3
Parameters: 1 -0.000376213 0.000154481 0.000375787 0.999999 0.00137906 -0.000154518 -0.00137894 0.999999 0.0412583 -0.0408884 0.0493775
FixedParameters: 0 0 0

#Transform 12
Transform: AffineTransform_float_3_3
Parameters: 1 -0.000122218 0.000203869 0.000122781 1 0.00107103 -0.000204132 -0.00107098 1 0.0393817 0.0098441 0.0353484
FixedParameters: 0 0 0

#Transform 13
Transform: AffineTransform_float_3_3
Parameters: 1 -0.00014099 -1.40988e-05 0.00014101 0.999999 0.000700998 1.39012e-05 -0.000701002 1 0.0247776 0.0495963 0.024721
FixedParameters: 0 0 0

#Transform 14
Transform: AffineTransform_float_3_3
Parameters: 1 -9.80238e-05 3.59351e-05 9.79761e-05 1 0.000662003 -3.60649e-05 -0.000661996 1 0.0235041 -0.0884349 0.0235112
FixedParameters: 0 0 0

#Transform 15
Transform: AffineTransform_float_3_3
Parameters: 1 -0.000115971 -5.40631e-05 0.000116029 1 0.000543994 5.39369e-05 -0.000544006 1 0.0244514 -0.0458335 0.00142036
FixedParameters: 0 0 0

#Transform 16
Transform: AffineTransform_float_3_3
Parameters: 1 -0.000114015 3.59523e-05 0.000113985 1 0.000418004 -3.60476e-05 -0.000417996 1 0.0238531 0.0137536 0.000840391
FixedParameters: 0 0 0

#Transform 17
Transform: AffineTransform_float_3_3
Parameters: 1 -0.000123017 3.59408e-05 0.000122983 1 0.000481004 -3.60592e-05 -0.000480995 1 0.0241222 -0.0500791 0.0104274
FixedParameters: 0 0 0

#Transform 18
Transform: AffineTransform_float_3_3
Parameters: 1 7.96678e-06 0.000147002 -8.03322e-06 1 0.000225999 -0.000146998 -0.000226001 1 0.0102968 0.0256241 0.00416414
FixedParameters: 0 0 0

#Transform 19
Transform: AffineTransform_float_3_3
Parameters: 1 0.000146988 3.60504e-05 -0.000147012 1 0.000342995 -3.59496e-05 -0.000343005 1 0.00783088 -0.0661311 0.0153492
FixedParameters: 0 0 0

#Transform 20
Transform: AffineTransform_float_3_3
Parameters: 1 0.000146944 0.000311026 -0.000147056 1 0.000179954 -0.000310973 -0.000180046 1 -0.00537063 0.00555241 0.00995777
FixedParameters: 0 0 0

#Transform 21
Transform: AffineTransform_float_3_3
Parameters: 1 0.000146952 0.000129055 -0.000147048 1 0.000372981 -0.000128945 -0.000373019 1 -0.00316082 0.0218277 0.01576
FixedParameters: 0 0 0

#Transform 22
Transform: AffineTransform_float_3_3
Parameters: 1 0.000146991 3.60387e-05 -0.000147009 1 0.000262995 -3.59613e-05 -0.000263005 1 0.00916013 -0.0485042 0.00597908
FixedParameters: 0 0 0

#Transform 23
Transform: AffineTransform_float_3_3
Parameters: 1 0.000146982 3.6075e-05 -0.000147018 1 0.000509995 -3.5925e-05 -0.000510005 1 -0.00265263 -0.0162645 0.0196786
FixedParameters: 0 0 0

#Transform 24
Transform: AffineTransform_float_3_3
Parameters: 1 0.000146977 3.60938e-05 -0.000147023 1 0.000637994 -3.59062e-05 -0.000638005 1 0.00766029 -0.092421 0.0229062
FixedParameters: 0 0 0

#Transform 25
Transform: AffineTransform_float_3_3
Parameters: 1 0.00014699 3.60394e-05 -0.00014701 1 0.000267995 -3.59606e-05 -0.000268005 1 0.00345663 0.0460896 -0.00550981
FixedParameters: 0 0 0

#Transform 26
Transform: AffineTransform_float_3_3
Parameters: 1 0.000147042 -7.59184e-05 -0.000146958 1 0.000555011 7.60816e-05 -0.000554989 1 0.00724825 -0.0650474 -0.00211414
FixedParameters: 0 0 0

#Transform 27
Transform: AffineTransform_float_3_3
Parameters: 1 0.000146992 3.6034e-05 -0.000147008 1 0.000230995 -3.5966e-05 -0.000231005 1 0.00754194 0.0187428 -0.023935
FixedParameters: 0 0 0

#Transform 28
Transform: AffineTransform_float_3_3
Parameters: 1 1.50208e-05 -0.000130998 -1.49792e-05 1 0.000159002 0.000131002 -0.000158998 1 0.0112367 0.029235 0.00648382
FixedParameters: 0 0 0

#Transform 29
Transform: AffineTransform_float_3_3
Parameters: 1 3.30123e-05 3.59887e-05 -3.29876e-05 1 -0.000343001 -3.60113e-05 0.000342999 1 0.00248233 -0.0395722 -0.0184564
FixedParameters: 0 0 0

#Transform 30
Transform: AffineTransform_float_3_3
Parameters: 1 4.00177e-05 0.000120994 -3.99823e-05 1 -0.000146005 -0.000121006 0.000145995 1 -0.0123163 0.0210496 -0.0227496
FixedParameters: 0 0 0

#Transform 31
Transform: AffineTransform_float_3_3
Parameters: 1 0.00014701 8.79828e-05 -0.00014699 1 -0.000117013 -8.80172e-05 0.000116987 1 -0.00349218 -0.0469027 -0.0201247
FixedParameters: 0 0 0

#Transform 32
Transform: AffineTransform_float_3_3
Parameters: 1 0.000147019 3.59241e-05 -0.000146981 1 -0.000516005 -3.60758e-05 0.000515995 1 -0.0130397 0.04902 -0.0546063
FixedParameters: 0 0 0

#Transform 33
Transform: AffineTransform_float_3_3
Parameters: 1 0.000146998 3.60068e-05 -0.000147002 1 4.59947e-05 -3.59932e-05 -4.60053e-05 1 -0.0130341 -0.0173214 -0.0171536
FixedParameters: 0 0 0

#Transform 34
Transform: AffineTransform_float_3_3
Parameters: 1 0.000147015 3.59399e-05 -0.000146985 1 -0.000409005 -3.60601e-05 0.000408995 1 0.00459987 -0.0817713 -0.0322455
FixedParameters: 0 0 0

#Transform 35
Transform: AffineTransform_float_3_3
Parameters: 1 0.000146998 3.60063e-05 -0.000147002 1 4.29947e-05 -3.59937e-05 -4.30053e-05 1 -0.0130294 0.0132035 -0.0106769
FixedParameters: 0 0 0

#Transform 36
Transform: AffineTransform_float_3_3
Parameters: 1 0.000147001 -1.99902e-05 -0.000146999 1 6.70029e-05 2.00098e-05 -6.69971e-05 1 -0.0127568 -0.0888342 0.00503536
FixedParameters: 0 0 0

#Transform 37
Transform: AffineTransform_float_3_3
Parameters: 1 -1.00107e-05 3.5997e-05 9.98927e-06 1 0.000298 -3.6003e-05 -0.000298 1 -0.00896535 -0.0426673 0.0230238
FixedParameters: 0 0 0

#Transform 38
Transform: AffineTransform_float_3_3
Parameters: 1 9.00374e-06 3.59991e-05 -8.99626e-06 1 -0.000104 -3.60009e-05 0.000104 1 -0.00946121 0.0455242 0.000721911
FixedParameters: 0 0 0

#Transform 39
Transform: AffineTransform_float_3_3
Parameters: 1 0.000270022 -3.18091e-05 -0.000269977 0.999999 0.000707008 3.21909e-05 -0.000706991 0.999999 -0.0157079 -0.0780711 0.0357541
FixedParameters: 0 0 0

#Transform 40
Transform: AffineTransform_float_3_3
Parameters: 1 -2.79757e-05 3.60189e-05 2.80243e-05 1 -0.000674999 -3.59811e-05 0.000675001 1 -0.018504 -0.0384251 -0.0140977
FixedParameters: 0 0 0

#Transform 41
Transform: AffineTransform_float_3_3
Parameters: 1 0.000270014 3.58925e-05 -0.000269986 1 -0.00039801 -3.51075e-05 0.00039799 1 -0.0160824 0.0763728 -0.0218981
FixedParameters: 0 0 0

#Transform 42
Transform: AffineTransform_float_3_3
Parameters: 1 0.000270016 3.58782e-05 -0.000269984 1 -0.00045101 -3.51218e-05 0.00045099 1 -0.0161277 -0.0884203 -0.0439755
FixedParameters: 0 0 0

#Transform 43
Transform: AffineTransform_float_3_3
Parameters: 1 0.00026999 -2.61048e-05 -0.00027001 1 -0.000387993 2.58952e-05 0.000388007 1 -0.0223418 0.0427142 -0.0186227
FixedParameters: 0 0 0

#Transform 44
Transform: AffineTransform_float_3_3
Parameters: 1 5.00652e-06 3.59991e-05 -4.99348e-06 1 -0.000181 -3.60009e-05 0.000181 1 -0.00933113 -0.115797 0.00240304
FixedParameters: 0 0 0

#Transform 45
Transform: AffineTransform_float_3_3
Parameters: 1 0.000270015 3.58844e-05 -0.000269985 1 -0.00042801 -3.51156e-05 0.00042799 1 -0.0160805 0.0534623 -0.0202587
FixedParameters: 0 0 0

#Transform 46
Transform: AffineTransform_float_3_3
Parameters: 1 0.000269998 3.60159e-05 -0.000270002 1 5.89903e-05 -3.59841e-05 -5.90097e-05 1 -0.0161193 -0.0623475 -0.00799554
FixedParameters: 0 0 0

#Transform 47
Transform: AffineTransform_float_3_3
Parameters: 1 0.00027001 3.59247e-05 -0.00026999 1 -0.00027901 -3.60753e-05 0.00027899 1 -0.0161031 0.00259111 -0.0427253
FixedParameters: 0 0 0

#Transform 48
Transform: AffineTransform_float_3_3
Parameters: 1 0.00016401 3.59539e-05 -0.00016399 1 -0.000281006 -3.60461e-05 0.000280994 1 -0.0263192 -0.0340015 -0.0167182
FixedParameters: 0 0 0

#Transform 49
Transform: AffineTransform_float_3_3
Parameters: 1 0.000270027 3.57948e-05 -0.000269973 0.999999 -0.000760009 -3.52052e-05 0.00075999 0.999999 -0.0308356 0.0652714 -0.0562932
FixedParameters: 0 0 0

#Transform 50
Transform: AffineTransform_float_3_3
Parameters: 1 0.000270069 0.000142869 -0.000269931 1 -0.000484038 -0.000143131 0.000483961 1 -0.0280697 0.0132902 -0.0167496
FixedParameters: 0 0 0

#Transform 51
Transform: AffineTransform_float_3_3
Parameters: 1 0.000270013 3.59025e-05 -0.000269987 1 -0.00036101 -3.50975e-05 0.00036099 1 -0.0161193 -0.0604875 -0.0200022
FixedParameters: 0 0 0

#Transform 52
Transform: AffineTransform_float_3_3
Parameters: 1 0.000270001 3.59938e-05 -0.000269999 1 -2.30097e-05 -3.60062e-05 2.29903e-05 1 -0.023254 0.0428999 -0.0364712
FixedParameters: 0 0 0

#Transform 53
Transform: AffineTransform_float_3_3
Parameters: 1 0.000270002 3.59854e-05 -0.000269998 1 -5.40097e-05 -3.60146e-05 5.39903e-05 1 -0.020314 -0.0989825 -0.0288857
FixedParameters: 0 0 0

#Transform 54
Transform: AffineTransform_float_3_3
Parameters: 1 0.00027004 3.56968e-05 -0.000269961 1 -0.00112301 -3.53032e-05 0.00112299 1 -0.016084 0.0323673 -0.070168
FixedParameters: 0 0 0

#Transform 55
Transform: AffineTransform_float_3_3
Parameters: 1 0.000270013 3.59001e-05 -0.000269987 1 -0.00037001 -3.50999e-05 0.00036999 1 -0.0161074 0.0167515 -0.0204572
FixedParameters: 0 0 0

#Transform 56
Transform: AffineTransform_float_3_3
Parameters: 1 0.000270028 3.57875e-05 -0.000269972 0.999999 -0.000787009 -3.52125e-05 0.00078699 0.999999 -0.0160943 0.0193564 -0.0645201
FixedParameters: 0 0 0

#Transform 57
Transform: AffineTransform_float_3_3
Parameters: 1 0.00027004 0.000140923 -0.00026996 1 -0.000284038 -0.000141077 0.000283962 1 -0.0167812 0.0162565 -0.0146981
FixedParameters: 0 0 0

#Transform 58
Transform: AffineTransform_float_3_3
Parameters: 1 0.000270022 3.5835e-05 -0.000269978 1 -0.000611009 -3.5165e-05 0.00061099 1 -0.0161164 -0.0466774 -0.0431415
FixedParameters: 0 0 0

#Transform 59
Transform: AffineTransform_float_3_3
Parameters: 1 0.000322009 3.59217e-05 -0.000321991 1 -0.000243012 -3.60782e-05 0.000242988 1 -0.017512 -0.0075903 -0.0337277
FixedParameters: 0 0 0

#Transform 60
Transform: AffineTransform_float_3_3
Parameters: 1 0.000270014 3.58909e-05 -0.000269986 1 -0.00040401 -3.51091e-05 0.00040399 1 -0.016126 -0.0829165 -0.037773
FixedParameters: 0 0 0

#Transform 61
Transform: AffineTransform_float_3_3
Parameters: 1 0.000270103 0.000141804 -0.000269897 0.999999 -0.000724038 -0.000142195 0.000723961 0.999999 -0.0318281 0.0750659 -0.0464589
FixedParameters: 0 0 0

#Transform 62
Transform: AffineTransform_float_3_3
Parameters: 1 0.000219997 3.60161e-05 -0.000220003 1 7.29921e-05 -3.59839e-05 -7.30079e-05 1 -0.0197139 -0.0695898 -0.014362
FixedParameters: 0 0 0

#Transform 63
Transform: AffineTransform_float_3_3
Parameters: 1 0.000226037 3.57677e-05 -0.000225964 1 -0.00102801 -3.52323e-05 0.00102799 1 -0.0262724 0.0312054 -0.0657957
FixedParameters: 0 0 0

#Transform 64
Transform: AffineTransform_float_3_3
Parameters: 1 0.000277006 3.59521e-05 -0.000276994 1 -0.00017301 -3.60479e-05 0.00017299 1 -0.0311305 -0.0376132 -0.0244917
FixedParameters: 0 0 0

#Transform 65
Transform: AffineTransform_float_3_3
Parameters: 1 0.000277263 0.000304761 -0.000277737 0.999999 -0.000863084 -0.00030424 0.000862915 0.999999 -0.0231843 0.00201279 -0.079099
FixedParameters: 0 0 0

#Transform 66
Transform: AffineTransform_float_3_3
Parameters: 1 0.00036699 3.60983e-05 -0.00036701 1 0.000267987 -3.59016e-05 -0.000268013 1 -0.0284144 -0.0184508 -0.00433137
FixedParameters: 0 0 0

#Transform 67
Transform: AffineTransform_float_3_3
Parameters: 1 0.000262023 3.58297e-05 -0.000261977 1 -0.000650009 -3.51703e-05 0.000649991 1 -0.015806 -0.0199126 -0.070737
FixedParameters: 0 0 0

#Transform 68
Transform: AffineTransform_float_3_3
Parameters: 1 0.000425015 3.58177e-05 -0.000424985 1 -0.000429015 -3.51823e-05 0.000428985 1 -0.0199675 0.035643 -0.0287361
FixedParameters: 0 0 0

#Transform 69
Transform: AffineTransform_float_3_3
Parameters: 1 0.000425208 0.000296701 -0.000424791 0.999999 -0.000703126 -0.000297299 0.000702873 0.999999 -0.0385508 0.00720745 -0.0447835
FixedParameters: 0 0 0

#Transform 70
Transform: AffineTransform_float_3_3
Parameters: 0.999999 0.00102331 0.000806879 -0.00102369 0.999999 0.000858175 -0.000806122 -0.000858826 1 -0.0542021 0.00302874 0.0268677
FixedParameters: 0 0 0

#Transform 71
Transform: AffineTransform_float_3_3
Parameters: 1 0.00043614 0.000215716 -0.000435859 0.999999 -0.000650094 -0.000216283 0.000649905 1 -0.0253014 -0.0319333 -0.0451773
FixedParameters: 0 0 0

#Transform 72
Transform: AffineTransform_float_3_3
Parameters: 1 0.000581909 0.000334158 -0.00058209 1 0.000270805 -0.000333842 -0.000271194 1 -0.0409451 0.0326841 0.0137293
FixedParameters: 0 0 0

#Transform 73
Transform: AffineTransform_float_3_3
Parameters: 0.999999 0.000785003 0.000299991 -0.000784996 0.999999 -1.12355e-05 -0.000300008 1.07645e-05 1 -0.0430572 -0.024289 -0.0205801
FixedParameters: 0 0 0

#Transform 74
Transform: AffineTransform_float_3_3
Parameters: 1 0.000550013 3.5802e-05 -0.000549987 1 -0.00036002 -3.5198e-05 0.000359981 1 -0.0450663 0.0245419 -0.0267725
FixedParameters: 0 0 0

#Transform 75
Transform: AffineTransform_float_3_3
Parameters: 1 0.000632023 3.55892e-05 -0.000631977 0.999999 -0.000650022 -3.54108e-05 0.000649977 1 -0.0529942 -0.0680355 -0.033496
FixedParameters: 0 0 0

#Transform 76
Transform: AffineTransform_float_3_3
Parameters: 1 0.000474036 9.88255e-05 -0.000473963 1 -0.000368047 -9.91744e-05 0.000367953 1 -0.0580512 0.0115132 -0.0238837
FixedParameters: 0 0 0

#Transform 77
Transform: AffineTransform_float_3_3
Parameters: 1 0.000433006 3.59234e-05 -0.000432994 1 -0.000177016 -3.60766e-05 0.000176984 1 -0.0565862 -0.104349 -0.0116778
FixedParameters: 0 0 0

#Transform 78
Transform: AffineTransform_float_3_3
Parameters: 1 0.000539054 0.000141796 -0.000539946 1 -0.000379077 -0.000142205 0.000379923 1 -0.0598557 0.0823265 -0.0618732
FixedParameters: 0 0 0

#Transform 79
Transform: AffineTransform_float_3_3
Parameters: 1 0.000567 3.6e-05 -0.000567 1 -2.0412e-08 -3.6e-05 -2.0412e-08 1 -0.0599833 0.00391307 -0.0187648
FixedParameters: 0 0 0

#Transform 80
Transform: AffineTransform_float_3_3
Parameters: 1 0.000433147 0.000159602 -0.000432854 1 -0.000918069 -0.000159397 0.000917931 0.999999 -0.0725461 0.0708003 -0.0586899
FixedParameters: 0 0 0

#Transform 81
Transform: AffineTransform_float_3_3
Parameters: 1 0.000689994 -1.9218e-05 -0.000690006 0.999999 -0.000315987 1.87819e-05 0.000316013 1 -0.0848333 -0.013868 -0.018092
FixedParameters: 0 0 0

#Transform 82
Transform: AffineTransform_float_3_3
Parameters: 1 0.00109399 3.63183e-05 -0.00109401 1 0.000290961 -3.56816e-05 -0.000291039 1 -0.106536 -0.0663234 -0.00520315
FixedParameters: 0 0 0

#Transform 83
Transform: AffineTransform_float_3_3
Parameters: 0.999999 0.00127397 3.71542e-05 -0.00127403 0.999999 0.000905953 -3.58457e-05 -0.000906046 0.999999 -0.111124 -0.000716602 0.0386531
FixedParameters: 0 0 0

#Transform 84
Transform: AffineTransform_float_3_3
Parameters: 0.999999 0.000869018 3.55368e-05 -0.00086898 0.999999 -0.000533031 -3.54631e-05 0.000532969 1 -0.105411 -0.0176274 -0.037946
FixedParameters: 0 0 0

#Transform 85
Transform: AffineTransform_float_3_3
Parameters: 0.999999 0.000861044 -0.000290867 -0.000860954 0.999999 0.00015425 0.000291132 -0.000153749 1 -0.0957904 0.023951 0.00560157
FixedParameters: 0 0 0

#Transform 86
Transform: AffineTransform_float_3_3
Parameters: 0.999999 0.000834925 -0.000338183 -0.000835074 0.999999 -0.000219718 0.000338817 0.000219283 1 -0.0936647 0.0282298 -0.045435
FixedParameters: 0 0 0

#Transform 87
Transform: AffineTransform_float_3_3
Parameters: 0.999999 0.000886026 -0.000242902 -0.000886973 0.999999 0.000110215 0.000243098 -0.000110785 1 -0.0911785 -0.0136521 0.00481815
FixedParameters: 0 0 0

#Transform 88
Transform: AffineTransform_float_3_3
Parameters: 0.999999 0.000850838 -0.000234587 -0.000850162 1 -0.000689801 0.000234413 0.0006902 0.999999 -0.101058 0.0488444 -0.0347402
FixedParameters: 0 0 0

#Transform 89
Transform: AffineTransform_float_3_3
Parameters: 0.999999 0.000747969 -0.000391057 -0.00074803 0.999999 -7.67075e-05 0.000390942 7.72924e-05 1 -0.0917556 -0.00298289 0.0040741
FixedParameters: 0 0 0

#Transform 90
Transform: AffineTransform_float_3_3
Parameters: 0.999999 0.000912942 -0.000391134 -0.000913057 0.999999 -0.000146643 0.000390866 0.000146357 1 -0.0950755 0.0665281 -0.0251194
FixedParameters: 0 0 0

#Transform 91
Transform: AffineTransform_float_3_3
Parameters: 0.999999 0.000919116 -0.000390725 -0.000918882 0.999999 0.000299359 0.000391275 -0.00029964 1 -0.0915742 -0.0454084 0.00855586
FixedParameters: 0 0 0

#Transform 92
Transform: AffineTransform_float_3_3
Parameters: 0.999999 0.000932949 -0.00039112 -0.000933049 0.999999 -0.000128635 0.000390879 0.000129365 1 -0.108465 0.0377025 -0.0117265
FixedParameters: 0 0 0

#Transform 93
Transform: AffineTransform_float_3_3
Parameters: 0.999999 0.000863987 -0.000237046 -0.000864012 0.999999 -5.37952e-05 0.000236954 5.32047e-05 1 -0.0945073 -0.036055 0.00334746
FixedParameters: 0 0 0

#Transform 94
Transform: AffineTransform_float_3_3
Parameters: 0.999999 0.00089396 -7.14997e-05 -0.00089404 1 -0.000558936 7.15002e-05 0.000559064 1 -0.102837 0.0650562 -0.0375374
FixedParameters: 0 0 0

#Transform 95
Transform: AffineTransform_float_3_3
Parameters: 0.999999 0.00095402 -0.000159878 -0.000953979 0.999999 0.000128153 0.000160122 -0.000127847 1 -0.0916351 -0.0146642 0.00904464
FixedParameters: 0 0 0

#Transform 96
Transform: AffineTransform_float_3_3
Parameters: 0.999999 0.00142798 2.60524e-05 -0.00142802 0.999998 0.000736963 -2.49475e-05 -0.000737036 0.999999 -0.114471 0.0731934 0.0086855
FixedParameters: 0 0 0

#Transform 97
Transform: AffineTransform_float_3_3
Parameters: 1 0.00111292 -0.000181505 -0.00111308 1 -0.000453798 0.000181495 0.000454202 1 -0.0977387 -0.01858 -0.00284702
FixedParameters: 0 0 0

#Transform 98
Transform: AffineTransform_float_3_3
Parameters: 0.999999 0.000805006 -9.59492e-05 -0.000804993 0.999999 6.30772e-05 9.60507e-05 -6.29227e-05 1 -0.080352 -0.045986 0.00853481
FixedParameters: 0 0 0

#Transform 99
Transform: AffineTransform_float_3_3
Parameters: 0.999999 0.000874091 0.000163517 -0.000873909 1 -0.000552143 -0.000164483 0.000552857 1 -0.0836769 0.0331018 -0.00406345
FixedParameters: 0 0 0

#Transform 100
Transform: AffineTransform_float_3_3
Parameters: 0.999999 0.000870018 -8.08007e-05 -0.000869981 0.999999 0.00022907 8.01992e-05 -0.00022893 1 -0.0923241 0.0284079 0.0469267
FixedParameters: 0 0 0

#Transform 101
Transform: AffineTransform_float_3_3
Parameters: 0.999999 0.000857997 -1.6133e-05 -0.000858002 0.999999 -0.000154986 1.5867e-05 0.000155014 1 -0.0822553 -0.0830053 0.00401589
FixedParameters: 0 0 0

#Transform 102
Transform: AffineTransform_float_3_3
Parameters: 0.999999 0.000911007 3.07832e-05 -0.000910992 0.999999 -0.000238028 -3.12168e-05 0.000237972 1 -0.0836228 0.0594549 -0.00761484
FixedParameters: 0 0 0

#Transform 103
Transform: AffineTransform_float_3_3
Parameters: 1 0.00111302 -0.000133836 -0.00111298 1 0.000147149 0.000134164 -0.000146851 1 -0.0879635 -0.116385 -0.00878638
FixedParameters: 0 0 0

#Transform 104
Transform: AffineTransform_float_3_3
Parameters: 1 0.00111306 0.000110406 -0.00111294 0.999999 -0.000534123 -0.000110594 0.000533877 1 -0.0986927 0.0193798 -0.0360743
FixedParameters: 0 0 0

#Transform 105
Transform: AffineTransform_float_3_3
Parameters: 0.999999 0.000904017 -9.08254e-05 -0.000903982 0.999999 0.000193082 9.11744e-05 -0.000192918 1 -0.095387 -0.0380028 0.0151987
FixedParameters: 0 0 0

#Transform 106
Transform: AffineTransform_float_3_3
Parameters: 1 0.00111313 0.000228375 -0.00111287 0.999999 -0.000561255 -0.000228624 0.000560746 1 -0.10231 0.0111199 -0.0237816
FixedParameters: 0 0 0

#Transform 107
Transform: AffineTransform_float_3_3
Parameters: 1 0.00111296 0.000238182 -0.00111304 1 0.000163735 -0.000237817 -0.000164265 1 -0.105534 0.00556717 0.0271949
FixedParameters: 0 0 0

#Transform 108
Transform: AffineTransform_float_3_3
Parameters: 1 0.00111302 0.000292944 -0.00111299 1 -5.03261e-05 -0.000293057 5.06739e-05 1 -0.1109 -0.0596423 0.004983
FixedParameters: 0 0 0

#Transform 109
Transform: AffineTransform_float_3_3
Parameters: 1 0.001102 1.25047e-05 -0.00110201 1 0.000457987 -1.24953e-05 -0.000458014 1 -0.115387 -0.00200475 0.0270924
FixedParameters: 0 0 0

#Transform 110
Transform: AffineTransform_float_3_3
Parameters: 1 0.00106999 -4.33916e-05 -0.00107002 1 -0.000365954 4.36084e-05 0.000366047 1 -0.121348 -0.0349343 -0.0076658
FixedParameters: 0 0 0

#Transform 111
Transform: AffineTransform_float_3_3
Parameters: 0.999999 0.00127296 9.55435e-05 -0.00127304 0.999999 0.000426879 -9.54564e-05 -0.000427122 1 -0.127474 0.0103602 0.0519873
FixedParameters: 0 0 0

#Transform 112
Transform: AffineTransform_float_3_3
Parameters: 0.999999 0.001231 -8.49519e-05 -0.001231 0.999999 3.91046e-05 8.50492e-05 -3.98953e-05 1 -0.125269 -0.017416 0.00241109
FixedParameters: 0 0 0

#Transform 113
Transform: AffineTransform_float_3_3
Parameters: 0.999999 0.00154792 9.82428e-05 -0.00154708 0.999998 0.000802848 -9.77591e-05 -0.000802152 0.999999 -0.139446 -0.00881513 0.0388838
FixedParameters: 0 0 0

#Transform 114
Transform: AffineTransform_float_3_3
Parameters: 0.999999 0.00140403 -0.000294866 -0.00140397 0.999999 9.54141e-05 0.000295134 -9.55857e-05 1 -0.147006 0.0270508 0.0132061
FixedParameters: 0 0 0

#Transform 115
Transform: AffineTransform_float_3_3
Parameters: 0.999999 0.00151212 -0.000446574 -0.00151187 0.999999 0.000281675 0.000447424 -0.000280324 1 -0.138851 -0.0171367 0.0184832
FixedParameters: 0 0 0

#Transform 116
Transform: AffineTransform_float_3_3
Parameters: 0.999999 0.00151502 -0.00044694 -0.00151498 0.999999 3.96771e-05 0.00044706 -3.93227e-05 1 -0.150048 0.0394956 -0.00320373
FixedParameters: 0 0 0

#Transform 117
Transform: AffineTransform_float_3_3
Parameters: 0.999999 0.00148001 -0.000276942 -0.00147999 0.999999 3.94099e-05 0.000277059 -3.959e-05 1 -0.147137 -0.0256253 0.0116083
FixedParameters: 0 0 0

#Transform 118
Transform: AffineTransform_float_3_3
Parameters: 0.999997 0.00218016 -0.000124172 -0.00217984 0.999997 0.00129727 0.000126829 -0.00129773 0.999999 -0.184205 0.0137447 0.0610463
FixedParameters: 0 0 0

#Transform 119
Transform: AffineTransform_float_3_3
Parameters: 0.999998 0.001906 -2.99256e-05 -0.001906 0.999998 3.90571e-05 3.00762e-05 -3.99428e-05 1 -0.166464 -0.0230796 0.0051073
FixedParameters: 0 0 0

#Transform 120
Transform: AffineTransform_float_3_3
Parameters: 0.999999 0.00177002 -0.00037293 -0.00176999 0.999999 3.96602e-05 0.00037307 -3.93397e-05 1 -0.167857 0.0255219 0.0326029
FixedParameters: 0 0 0

#Transform 121
Transform: AffineTransform_float_3_3
Parameters: 0.999998 0.00208905 -0.000115999 -0.00208894 0.999997 0.000479243 0.000117 -0.000478756 1 -0.177322 -0.0593741 0.0220549
FixedParameters: 0 0 0

#Transform 122
Transform: AffineTransform_float_3_3
Parameters: 0.999997 0.00219219 -0.000324703 -0.00219281 0.999998 0.000591714 0.000326295 -0.000590286 1 -0.187924 0.0687503 0.0258268
FixedParameters: 0 0 0

#Transform 123
Transform: AffineTransform_float_3_3
Parameters: 0.999997 0.00259658 -0.000567371 -0.00259542 0.999996 0.00101348 0.000570628 -0.00101152 1 -0.175677 -0.0605553 0.0378814
FixedParameters: 0 0 0

#Transform 124
Transform: AffineTransform_float_3_3
Parameters: 0.999997 0.00259665 -0.000438156 -0.00259535 0.999995 0.00148114 0.000442843 -0.00147985 0.999999 -0.133908 0.205801 -0.128798
FixedParameters: 0 0 0

#Transform 125
Transform: AffineTransform_float_3_3
Parameters: 0.999997 0.00194893 -0.00138689 -0.00194607 0.999996 0.0021127 0.00139111 -0.00210929 0.999997 -0.110086 0.0184265 -0.0244723
FixedParameters: 0 0 0

#Transform 126
Transform: AffineTransform_float_3_3
Parameters: 0.999999 0.00139252 -0.000553702 -0.00139148 0.999998 0.000932772 0.000554298 -0.000932229 1 -0.0708398 -0.324121 0.0636143
FixedParameters: 0 0 0

#Transform 127
Transform: AffineTransform_float_3_3
Parameters: 0.999999 0.00139247 -0.00050871 -0.00139153 0.999998 0.000926709 0.00051029 -0.00092629 1 -0.085651 -0.0690158 0.0653483
FixedParameters: 0 0 0

#Transform 128
Transform: AffineTransform_float_3_3
Parameters: 0.999999 0.00139215 -0.000410475 -0.00139185 0.999999 0.000377572 0.000410524 -0.000376429 1 -0.0996509 -0.0192372 0.0227044
FixedParameters: 0 0 0

#Transform 129
Transform: AffineTransform_float_3_3
Parameters: 0.999999 0.00139195 -0.000411186 -0.00139205 0.999999 -0.000133428 0.000410814 0.000133572 1 -0.0996028 0.00560063 -0.0103266
FixedParameters: 0 0 0

#Transform 130
Transform: AffineTransform_float_3_3
Parameters: 0.999998 0.00187697 -0.000411131 -0.00187703 0.999998 -6.92284e-05 0.00041087 6.97713e-05 1 -0.136796 -0.0103477 -0.0011292
FixedParameters: 0 0 0

#Transform 131
Transform: AffineTransform_float_3_3
Parameters: 0.999998 0.00188787 -0.000329772 -0.00188814 0.999998 -0.000408378 0.000329229 0.000408622 1 -0.130558 -0.122284 -0.0446428
FixedParameters: 0 0 0

#Transform 132
Transform: AffineTransform_float_3_3
Parameters: 0.999999 0.0016013 -0.000491279 -0.0016017 0.999997 -0.00142221 0.000488722 0.00142278 0.999999 -0.140204 0.0879974 -0.120271
FixedParameters: 0 0 0

#Transform 133
Transform: AffineTransform_float_3_3
Parameters: 0.999999 0.00178657 -0.0005494 -0.00178643 0.999998 -0.00078302 0.000548601 0.000783982 1 -0.127128 -0.0839252 -0.0374989
FixedParameters: 0 0 0

#Transform 134
Transform: AffineTransform_float_3_3
Parameters: 0.999998 0.00162856 -0.000375912 -0.00162844 0.999998 -0.00117339 0.00037409 0.00117361 0.999999 -0.131084 0.0199117 -0.0727991
FixedParameters: 0 0 0

#Transform 135
Transform: AffineTransform_float_3_3
Parameters: 0.999998 0.00190791 -0.000300558 -0.00190809 0.999998 -0.000292427 0.000300442 0.000292574 1 -0.135165 -0.0244557 -0.0272569
FixedParameters: 0 0 0

#Transform 136
Transform: AffineTransform_float_3_3
Parameters: 0.999998 0.00201197 -0.000146384 -0.00201203 0.999998 -0.000190706 0.000146615 0.000191295 1 -0.155814 -0.0481696 -0.0258205
FixedParameters: 0 0 0

#Transform 137
Transform: AffineTransform_float_3_3
Parameters: 0.999998 0.00187257 -0.000549465 -0.00187343 0.999998 -0.000781972 0.000548534 0.000783028 0.999999 -0.142466 0.0448439 -0.0551493
FixedParameters: 0 0 0

#Transform 138
Transform: AffineTransform_float_3_3
Parameters: 0.999997 0.00246293 7.43199e-05 -0.00246307 0.999996 0.000941819 -7.16796e-05 -0.000942179 0.999999 -0.165674 -0.112923 0.0399723
FixedParameters: 0 0 0

#Transform 139
Transform: AffineTransform_float_3_3
Parameters: 0.999998 0.00171104 4.36311e-05 -0.00171096 0.999998 -0.000800076 -4.53687e-05 0.000799923 0.999999 -0.148639 0.0473348 -0.0222475
FixedParameters: 0 0 0

#Transform 140
Transform: AffineTransform_float_3_3
Parameters: 0.999998 0.00185765 -0.000364798 -0.00185835 0.999998 -0.000967324 0.000363203 0.000967677 1 -0.151464 0.0441255 -0.0636018
FixedParameters: 0 0 0

#Transform 141
Transform: AffineTransform_float_3_3
Parameters: 0.999998 0.00185778 -0.000305365 -0.00185822 0.999998 -0.000734434 0.000304636 0.000734567 0.999999 -0.133554 -0.0822593 -0.0314705
FixedParameters: 0 0 0

#Transform 142
Transform: AffineTransform_float_3_3
Parameters: 0.999999 0.00185807 5.04247e-05 -0.00185893 0.999998 -0.0013861 -5.25765e-05 0.00138591 0.999999 -0.15492 0.0225568 -0.0715271
FixedParameters: 0 0 0

#Transform 143
Transform: AffineTransform_float_3_3
Parameters: 0.999999 0.00180086 -0.000214167 -0.00180114 0.999998 -0.000647615 0.000212833 0.000648384 1 -0.132503 0.0118938 -0.042211
FixedParameters: 0 0 0

#Transform 144
Transform: AffineTransform_float_3_3
Parameters: 0.999998 0.00185779 -0.000305296 -0.00185821 0.999998 -0.000697434 0.000303704 0.000697565 0.999999 -0.146702 -0.0643466 -0.0345795
FixedParameters: 0 0 0

#Transform 145
Transform: AffineTransform_float_3_3
Parameters: 0.999998 0.00185775 -0.000232967 -0.00185825 0.999997 -0.00105857 0.000231032 0.00105943 1 -0.151427 0.0556694 -0.0639212
FixedParameters: 0 0 0

#Transform 146
Transform: AffineTransform_float_3_3
Parameters: 0.999998 0.00203094 -0.000194611 -0.00203106 0.999998 -0.000300605 0.000194388 0.000301395 1 -0.161416 -0.0296272 -0.00486476
FixedParameters: 0 0 0

#Transform 147
Transform: AffineTransform_float_3_3
Parameters: 0.999998 0.0018576 -0.000355116 -0.0018584 0.999997 -0.00113834 0.000352885 0.00113866 1 -0.164985 0.0373863 -0.0656364
FixedParameters: 0 0 0

#Transform 148
Transform: AffineTransform_float_3_3
Parameters: 0.999998 0.00185768 -0.000490223 -0.00185832 0.999998 -0.00065809 0.000488776 0.000658909 0.999999 -0.150638 -0.004212 -0.00835586
FixedParameters: 0 0 0

#Transform 149
Transform: AffineTransform_float_3_3
Parameters: 0.999998 0.0018574 -0.000356141 -0.0018586 0.999997 -0.00169034 0.000352859 0.00169066 0.999998 -0.165011 0.0188326 -0.0718547
FixedParameters: 0 0 0

#Transform 150
Transform: AffineTransform_float_3_3
Parameters: 0.999998 0.0018578 -0.000294246 -0.0018582 0.999998 -0.000670454 0.000292753 0.000671545 0.999999 -0.16541 0.0235381 -0.0132982
FixedParameters: 0 0 0

#Transform 151
Transform: AffineTransform_float_3_3
Parameters: 0.999999 0.00185795 -4.90957e-05 -0.00185805 0.999997 -0.00112791 4.69041e-05 0.00112809 1 -0.166938 -0.0114007 -0.0516018
FixedParameters: 0 0 0

#Transform 152
Transform: AffineTransform_float_3_3
Parameters: 0.999998 0.00199495 -0.000353306 -0.00199405 0.999998 -0.000153296 0.000352694 0.000153704 1 -0.168655 0.0270865 0.000395161
FixedParameters: 0 0 0

#Transform 153
Transform: AffineTransform_float_3_3
Parameters: 0.999998 0.0018576 -0.000355073 -0.00185839 0.999997 -0.00111534 0.000352926 0.00111666 1 -0.165053 0.00833368 -0.0522376
FixedParameters: 0 0 0

#Transform 154
Transform: AffineTransform_float_3_3
Parameters: 0.999998 0.00199992 -0.000353475 -0.00200008 0.999998 -0.000237293 0.000352525 0.000237705 1 -0.168773 -0.007622 -0.014654
FixedParameters: 0 0 0

#Transform 155
Transform: AffineTransform_float_3_3
Parameters: 0.999998 0.0020448 -0.000354181 -0.0020452 0.999997 -0.000577277 0.000352819 0.000577722 1 -0.169991 -0.0137576 -0.0297847
FixedParameters: 0 0 0

#Transform 156
Transform: AffineTransform_float_3_3
Parameters: 0.999998 0.00200952 -0.00035572 -0.00201048 0.999997 -0.00135329 0.000353279 0.00135371 0.999999 -0.168814 0.0876228 -0.0750656
FixedParameters: 0 0 0

#Transform 157
Transform: AffineTransform_float_3_3
Parameters: 0.999998 0.00200074 -0.000261968 -0.00200026 0.999998 -0.000983479 0.000259033 0.000983521 1 -0.172453 0.00595521 -0.028514
FixedParameters: 0 0 0

#Transform 158
Transform: AffineTransform_float_3_3
Parameters: 0.999998 0.00198147 -0.000355958 -0.00198253 0.999997 -0.0014923 0.000353042 0.0014927 0.999999 -0.168175 0.0494972 -0.0722874
FixedParameters: 0 0 0

#Transform 159
Transform: AffineTransform_float_3_3
Parameters: 0.999998 0.0019508 -0.000295308 -0.0019512 0.999998 -0.000670425 0.000294692 0.000670576 0.999999 -0.163574 0.0221435 -0.0323014
FixedParameters: 0 0 0

#Transform 160
Transform: AffineTransform_float_3_3
Parameters: 0.999998 0.00227699 -5.17308e-05 -0.00227702 0.999998 -0.000320883 5.1269e-05 0.000321118 1 -0.184543 0.0185751 -0.051399
FixedParameters: 0 0 0

#Transform 161
Transform: AffineTransform_float_3_3
Parameters: 0.999998 0.00227683 -0.0002854 -0.00227718 0.999997 -0.000614352 0.000283601 0.000614647 1 -0.176221 -9.64122e-05 -0.0112455
FixedParameters: 0 0 0

#Transform 162
Transform: AffineTransform_float_3_3
Parameters: 0.999998 0.0019066 -0.000256028 -0.0019064 0.999997 -0.00158751 0.000252974 0.00158748 0.999998 -0.173022 0.0978178 -0.0751992
FixedParameters: 0 0 0

#Transform 163
Transform: AffineTransform_float_3_3
Parameters: 0.999998 0.0022768 -0.00035432 -0.00227721 0.999997 -0.000579195 0.000352681 0.000579805 1 -0.197429 0.032091 -0.0109819
FixedParameters: 0 0 0

#Transform 164
Transform: AffineTransform_float_3_3
Parameters: 0.999998 0.00206491 -0.000202943 -0.00206509 0.999998 -0.000456582 0.000202056 0.000457418 1 -0.181894 -0.0617451 -0.0165377
FixedParameters: 0 0 0

#Transform 165
Transform: AffineTransform_float_3_3
Parameters: 0.999998 0.00227692 -0.000219872 -0.00227709 0.999998 -0.0003825 0.00021913 0.0003825 1 -0.176564 0.0142008 -0.0234156
FixedParameters: 0 0 0

#Transform 166
Transform: AffineTransform_float_3_3
Parameters: 0.999998 0.00227691 -0.000169227 -0.00227709 0.999998 -0.000538616 0.000168775 0.000538386 1 -0.176901 -0.00664365 -0.0317929
FixedParameters: 0 0 0

#Transform 167
Transform: AffineTransform_float_3_3
Parameters: 0.999998 0.00227703 -0.000127563 -0.00227698 0.999998 0.000192291 0.000128437 -0.000191708 1 -0.177158 -0.00957656 -0.00449309
FixedParameters: 0 0 0

#Transform 168
Transform: AffineTransform_float_3_3
Parameters: 0.999998 0.00206579 -0.000171518 -0.00206621 0.999997 -0.00121865 0.000168481 0.00121935 0.999999 -0.179837 0.000393508 -0.0735876
FixedParameters: 0 0 0

#Transform 169
Transform: AffineTransform_float_3_3
Parameters: 0.999998 0.00204185 -0.000170845 -0.00204215 0.999998 -0.000903653 0.000169156 0.000903347 0.999999 -0.185175 0.0412379 -0.0206888
FixedParameters: 0 0 0

#Transform 170
Transform: AffineTransform_float_3_3
Parameters: 0.999998 0.00227685 -0.000171024 -0.00227715 0.999997 -0.000888613 0.000168978 0.000888387 0.999999 -0.194317 0.000390648 -0.0476462
FixedParameters: 0 0 0

#Transform 171
Transform: AffineTransform_float_3_3
Parameters: 0.999998 0.00227692 -0.000170104 -0.00227708 0.999998 -0.000484614 0.000168895 0.000485386 1 -0.19481 -0.0143474 -0.0238903
FixedParameters: 0 0 0

#Transform 172
Transform: AffineTransform_float_3_3
Parameters: 0.999998 0.00227687 -0.000170766 -0.00227713 0.999997 -0.000775613 0.000169235 0.000775387 0.999999 -0.195227 -0.00036018 -0.0428487
FixedParameters: 0 0 0

#Transform 173
Transform: AffineTransform_float_3_3
Parameters: 0.999998 0.00227683 -0.000171295 -0.00227717 0.999997 -0.00100761 0.000168704 0.00100839 1 -0.197617 0.0399658 -0.0396683
FixedParameters: 0 0 0

#Transform 174
Transform: AffineTransform_float_3_3
Parameters: 0.999998 0.00227672 -0.000172693 -0.00227728 0.999996 -0.00162161 0.000169306 0.00162239 0.999998 -0.196157 -0.0138811 -0.0645001
FixedParameters: 0 0 0

#Transform 175
Transform: AffineTransform_float_3_3
Parameters: 0.999998 0.00227681 -0.000271584 -0.00227719 0.999997 -0.000695383 0.000270417 0.000695617 0.999999 -0.200052 0.0430926 -0.03113
FixedParameters: 0 0 0

#Transform 176
Transform: AffineTransform_float_3_3
Parameters: 0.999998 0.0022769 -0.000170345 -0.0022771 0.999997 -0.000590614 0.000168654 0.000591386 1 -0.202966 0.0087955 -0.0428407
FixedParameters: 0 0 0

#Transform 177
Transform: AffineTransform_float_3_3
Parameters: 0.999998 0.00227686 -0.00017083 -0.00227714 0.999997 -0.000803613 0.000169169 0.000804387 0.999999 -0.209663 0.010089 -0.0116069
FixedParameters: 0 0 0

#Transform 178
Transform: AffineTransform_float_3_3
Parameters: 0.999998 0.00208474 -0.000172221 -0.00208426 0.999996 -0.00154464 0.00016878 0.00154535 0.999999 -0.204768 0.0518389 -0.0645834
FixedParameters: 0 0 0

#Transform 179
Transform: AffineTransform_float_3_3
Parameters: 0.999998 0.00227702 -0.000113699 -0.00227699 0.999998 0.000132259 0.0001133 -0.000131742 1 -0.210019 0.0150789 0.0127702
FixedParameters: 0 0 0

#Transform 180
Transform: AffineTransform_float_3_3
Parameters: 0.999998 0.00227677 -0.000222379 -0.00227723 0.999997 -0.0010445 0.000220622 0.00104451 1 -0.209377 -0.020101 -0.0523802
FixedParameters: 0 0 0

#Transform 181
Transform: AffineTransform_float_3_3
Parameters: 0.999998 0.0022769 -0.000170375 -0.0022771 0.999997 -0.000603614 0.000168624 0.000604386 1 -0.209547 0.0688062 -0.00406151
FixedParameters: 0 0 0

#Transform 182
Transform: AffineTransform_float_3_3
Parameters: 0.999997 0.00270995 -0.000118178 -0.00271005 0.999996 -0.000434681 0.000116821 0.000435318 1 -0.228469 -0.0713851 -0.00629242
FixedParameters: 0 0 0

#Transform 183
Transform: AffineTransform_float_3_3
Parameters: 0.999998 0.00227687 -0.000170751 -0.00227713 0.999997 -0.000768613 0.000169249 0.000769387 0.999999 -0.217566 0.024353 -0.0335705
FixedParameters: 0 0 0

#Transform 184
Transform: AffineTransform_float_3_3
Parameters: 0.999997 0.00238993 -0.000169929 -0.00239007 0.999997 -0.000388595 0.000169072 0.000388405 1 -0.217932 -0.0466674 -0.00692512
FixedParameters: 0 0 0

#Transform 185
Transform: AffineTransform_float_3_3
Parameters: 0.999997 0.00240095 -0.000169737 -0.00240105 0.999997 -0.000306593 0.000169262 0.000307407 1 -0.212878 0.0367367 -0.0291957
FixedParameters: 0 0 0

#Transform 186
Transform: AffineTransform_float_3_3
Parameters: 0.999997 0.00271099 -0.000133157 -0.00271101 0.999997 -5.76392e-05 0.000133842 5.83631e-05 1 -0.23435 -0.0472249 0.0219107
FixedParameters: 0 0 0

#Transform 187
Transform: AffineTransform_float_3_3
Parameters: 0.999998 0.00227699 -1.79263e-05 -0.00227702 0.999997 -0.000845961 1.60736e-05 0.000846039 0.999999 -0.225124 0.0180674 -0.0223037
FixedParameters: 0 0 0

#Transform 188
Transform: AffineTransform_float_3_3
Parameters: 0.999998 0.00227692 -0.000122464 -0.00227708 0.999997 -0.000642723 0.000120538 0.000642276 1 -0.220102 -0.0210496 -0.0166341
FixedParameters: 0 0 0

#Transform 189
Transform: AffineTransform_float_3_3
Parameters: 0.999997 0.00250893 -0.000177933 -0.00250907 0.999997 -0.000371555 0.000177066 0.000372445 1 -0.241041 0.0711154 -0.0153142
FixedParameters: 0 0 0

#Transform 190
Transform: AffineTransform_float_3_3
Parameters: 0.999997 0.00271405 8.7393e-05 -0.00271395 0.999996 -0.000592239 -8.86064e-05 0.000591762 1 -0.245311 -0.00605967 -0.0244411
FixedParameters: 0 0 0

#Transform 191
Transform: AffineTransform_float_3_3
Parameters: 0.999996 0.00261899 -0.000173198 -0.00261901 0.999997 -7.55467e-05 0.000173803 7.54555e-05 1 -0.231741 -0.0150433 0.0275724
FixedParameters: 0 0 0

#Transform 192
Transform: AffineTransform_float_3_3
