# transform file /out/sourcedata/freesurfer/sub-v2s2x29090_ses-1/mri/transforms/cc_up.lta
# created by oesteban on Fri Mar 13 00:34:22 2026

type      = 0 # LINEAR_VOX_TO_VOX
nxforms   = 1
mean      = 130.0000 135.0000 126.0000
sigma     = 10000.0000
1 4 4
9.998466372489929e-01 9.614912793040276e-03 1.464460231363773e-02 -5.940446853637695e+00 
-9.613881818950176e-03 9.999538660049438e-01 -1.408130628988147e-04 1.328252601623535e+01 
-1.464527938514948e-02 0.000000000000000e+00 9.998928308486938e-01 3.932046175003052e+00 
0.000000000000000e+00 0.000000000000000e+00 0.000000000000000e+00 1.000000000000000e+00 
src volume info
valid = 1  # volume info valid
filename = /out/sourcedata/freesurfer/sub-v2s2x29090_ses-1/mri/norm.mgz
volume = 256 256 256
voxelsize = 8.984374403953552e-01 8.984374403953552e-01 8.984374403953552e-01
xras   = -1.000000119209290e+00 0.000000000000000e+00 0.000000000000000e+00
yras   = 0.000000000000000e+00 0.000000000000000e+00 -1.000000119209290e+00
zras   = 0.000000000000000e+00 1.000000000000000e+00 0.000000000000000e+00
cras   = 3.118705749511719e+00 1.503704071044922e+01 6.273246002197266e+01
dst volume info
valid = 1  # volume info valid
filename = /out/sourcedata/freesurfer/sub-v2s2x29090_ses-1/mri/norm.mgz
volume = 256 256 256
voxelsize = 8.984374403953552e-01 8.984374403953552e-01 8.984374403953552e-01
xras   = -1.000000119209290e+00 0.000000000000000e+00 0.000000000000000e+00
yras   = 0.000000000000000e+00 0.000000000000000e+00 -1.000000119209290e+00
zras   = 0.000000000000000e+00 1.000000000000000e+00 0.000000000000000e+00
cras   = 3.118705749511719e+00 1.503704071044922e+01 6.273246002197266e+01
