#Insight Transform File V1.0
#Transform 0
Transform: AffineTransform_float_3_3
Parameters: 0.999994 0.000342374 -0.00329398 -0.000311626 0.999958 0.00921708 0.00329701 -0.00921593 0.999952 -0.0300949 0.0523422 0.683306
FixedParameters: 0 0 0

#Transform 1
Transform: AffineTransform_float_3_3
Parameters: 0.999995 0.000467295 -0.00287916 -0.000442709 0.999965 0.00843232 0.00288284 -0.00843169 0.999961 -0.0331729 0.0393763 0.597059
FixedParameters: 0 0 0

#Transform 2
Transform: AffineTransform_float_3_3
Parameters: 0.999998 0.000615018 -0.00222938 -0.000597977 0.99997 0.00762635 0.00223463 -0.00762465 0.999969 -0.0372 0.0416815 0.54113
FixedParameters: 0 0 0

#Transform 3
Transform: AffineTransform_float_3_3
Parameters: 0.999998 0.000356194 -0.00184168 -0.000343805 0.999978 0.00661665 0.00184432 -0.00661636 0.999977 -0.0338149 0.0316166 0.502382
FixedParameters: 0 0 0

#Transform 4
Transform: AffineTransform_float_3_3
Parameters: 0.999999 0.000516855 -0.00175913 -0.000507146 0.999984 0.0055979 0.00176187 -0.0055971 0.999983 -0.0217366 -0.00413428 0.444096
FixedParameters: 0 0 0

#Transform 5
Transform: AffineTransform_float_3_3
Parameters: 0.999998 0.000335072 -0.00171225 -0.000325924 0.999986 0.00529556 0.00171475 -0.00529543 0.999984 -0.0189327 0.00882248 0.445678
FixedParameters: 0 0 0

#Transform 6
Transform: AffineTransform_float_3_3
Parameters: 0.999999 0.000490824 -0.00170577 -0.000483176 0.99999 0.00458383 0.00170823 -0.00458317 0.999988 -0.0262125 0.0451674 0.392941
FixedParameters: 0 0 0

#Transform 7
Transform: AffineTransform_float_3_3
Parameters: 0.999999 0.000140031 -0.00180347 -0.000132971 0.999993 0.00389825 0.00180353 -0.00389775 0.999991 -0.00609467 0.0548768 0.371061
FixedParameters: 0 0 0

#Transform 8
Transform: AffineTransform_float_3_3
Parameters: 0.999999 6.63207e-06 -0.00182399 -3.6788e-07 0.999994 0.00363601 0.00182401 -0.00363599 0.999991 -0.0014088 0.0406873 0.335564
FixedParameters: 0 0 0

#Transform 9
Transform: AffineTransform_float_3_3
Parameters: 1 2.88226e-06 -0.001158 -1.17726e-07 0.999997 0.002489 0.001158 -0.002489 0.999996 -0.00641395 0.0199194 0.291008
FixedParameters: 0 0 0

#Transform 10
Transform: AffineTransform_float_3_3
Parameters: 1 2.03486e-06 -0.001021 3.4859e-08 0.999998 0.001993 0.001021 -0.001993 0.999998 0.0014135 -0.0165967 0.234034
FixedParameters: 0 0 0

#Transform 11
Transform: AffineTransform_float_3_3
Parameters: 1 1.2423e-06 -0.001025 2.42301e-07 1 0.001212 0.001025 -0.001212 0.999998 -0.00663063 -0.044512 0.206382
FixedParameters: 0 0 0

#Transform 12
Transform: AffineTransform_float_3_3
Parameters: 0.999999 6.52736e-07 -0.000992 -3.47263e-07 1 0.000658001 0.000992 -0.000658 1 0.00661378 -0.0430056 0.159052
FixedParameters: 0 0 0

#Transform 13
Transform: AffineTransform_float_3_3
Parameters: 1 9.78327e-07 -0.001113 -2.1672e-08 0.999999 0.000879 0.001113 -0.000878999 0.999999 0.00764157 -0.0257788 0.156957
FixedParameters: 0 0 0

#Transform 14
Transform: AffineTransform_float_3_3
Parameters: 0.999999 3.01125e-07 -0.000802999 3.01125e-07 1 0.000375 0.000802999 -0.000375 0.999999 0.00199764 -0.0243848 0.127282
FixedParameters: 0 0 0

#Transform 15
Transform: AffineTransform_float_3_3
Parameters: 1 -0.000205161 -0.000457928 0.000205839 1 -0.000352094 0.000458072 0.000351906 1 0.00274065 -0.00761787 0.0783775
FixedParameters: 0 0 0

#Transform 16
Transform: AffineTransform_float_3_3
Parameters: 1 -0.000342056 -0.000457958 0.000341944 1 -0.000122157 0.000458042 0.000121843 1 0.0209277 -0.0212231 0.0872091
FixedParameters: 0 0 0

#Transform 17
Transform: AffineTransform_float_3_3
Parameters: 1 -0.00028118 -0.000457889 0.000280819 1 -0.000394129 0.000458111 0.000393871 1 0.00918011 -0.0241245 0.0397915
FixedParameters: 0 0 0

#Transform 18
Transform: AffineTransform_float_3_3
Parameters: 1 -1.25952e-07 -0.000256 -1.25952e-07 1 -0.000492 0.000256 0.000492 1 -0.00858057 0.00949204 0.025955
FixedParameters: 0 0 0

#Transform 19
Transform: AffineTransform_float_3_3
Parameters: 1 1.7653e-08 0.000139 1.7653e-08 1 -0.000127 -0.000139 0.000127 1 -0.00962876 -0.00692747 0.0149181
FixedParameters: 0 0 0

#Transform 20
Transform: AffineTransform_float_3_3
Parameters: 1 7.504e-09 -5.6e-05 7.504e-09 1 0.000134 5.6e-05 -0.000134 1 0.0114135 0.00562845 0.00142894
FixedParameters: 0 0 0

#Transform 21
Transform: AffineTransform_float_3_3
Parameters: 1 -5.89485e-05 0.000105029 5.90514e-05 1 -0.000489994 -0.000104971 0.000490006 1 -0.00856066 -0.0383841 -0.0327705
FixedParameters: 0 0 0

#Transform 22
Transform: AffineTransform_float_3_3
Parameters: 1 -1.914e-09 -6e-06 -1.914e-09 1 -0.000319 6e-06 0.000319 1 -0.00922007 0.00580318 -0.0382323
FixedParameters: 0 0 0

#Transform 23
Transform: AffineTransform_float_3_3
Parameters: 1 -0.000103943 0.000178033 0.000104057 1 -0.000318981 -0.000177967 0.000319018 1 -0.007934 0.00299237 -0.041802
FixedParameters: 0 0 0

#Transform 24
Transform: AffineTransform_float_3_3
Parameters: 1 -9.77692e-05 0.000421053 9.72307e-05 1 -0.000547959 -0.000420947 0.000548041 1 -0.00860752 -0.0622561 -0.0499063
FixedParameters: 0 0 0

#Transform 25
Transform: AffineTransform_float_3_3
Parameters: 1 -0.000254932 0.000213081 0.000255068 1 -0.000318946 -0.000212919 0.000319054 1 0.00932366 -0.0555838 -0.0378244
FixedParameters: 0 0 0

#Transform 26
Transform: AffineTransform_float_3_3
Parameters: 1 8.6978e-08 0.000157 8.6978e-08 1 -0.000554 -0.000157 0.000554 1 0.00297437 -0.0290883 -0.0425541
FixedParameters: 0 0 0

#Transform 27
Transform: AffineTransform_float_3_3
Parameters: 1 -0.000156723 0.000406107 0.000156277 1 -0.000681936 -0.000405893 0.000682063 0.999999 0.0148642 -0.000410058 -0.0317827
FixedParameters: 0 0 0

#Transform 28
Transform: AffineTransform_float_3_3
Parameters: 1 -0.000404869 0.000198267 0.000405131 0.999999 -0.000659919 -0.000198733 0.00066008 1 0.0197739 -0.00470005 -0.0328238
FixedParameters: 0 0 0

#Transform 29
Transform: AffineTransform_float_3_3
Parameters: 1 -0.000404885 0.000277168 0.000405115 1 -0.000414888 -0.000277832 0.000415112 1 0.0180861 -0.068843 -0.0521609
FixedParameters: 0 0 0

#Transform 30
Transform: AffineTransform_float_3_3
Parameters: 1 -0.000245566 0.000499213 0.000246434 0.999999 -0.000868876 -0.000499786 0.000869122 0.999999 0.00727996 -0.0302069 -0.0479966
FixedParameters: 0 0 0

#Transform 31
Transform: AffineTransform_float_3_3
Parameters: 1 -0.000404722 0.000577195 0.000405278 1 -0.000481766 -0.000577804 0.000482234 0.999999 0.0167858 0.00766382 -0.0407722
FixedParameters: 0 0 0

#Transform 32
Transform: AffineTransform_float_3_3
Parameters: 1 -0.000404647 0.000483295 0.000405352 0.999999 -0.000729804 -0.000482704 0.000730195 0.999999 0.0043491 -0.0168721 -0.0584696
FixedParameters: 0 0 0

#Transform 33
Transform: AffineTransform_float_3_3
Parameters: 0.999999 -0.000284527 0.000648207 0.000284473 0.999999 -0.000729815 -0.000647792 0.000730184 0.999999 -0.00615472 -0.0160982 -0.0829946
FixedParameters: 0 0 0

#Transform 34
Transform: AffineTransform_float_3_3
Parameters: 1 -0.000203717 0.0005771 0.000203284 1 -0.000490883 -0.0005779 0.000491118 0.999999 0.00679879 -0.028121 -0.0764454
FixedParameters: 0 0 0

#Transform 35
Transform: AffineTransform_float_3_3
Parameters: 1 -4.88455e-05 0.000980059 5.01544e-05 1 -0.00117795 -0.000979942 0.00117805 0.999999 -0.00328995 0.0150511 -0.124408
FixedParameters: 0 0 0

#Transform 36
Transform: AffineTransform_float_3_3
Parameters: 1 -0.000250546 0.000577197 0.000251455 0.999999 -0.000786854 -0.000577802 0.000787144 0.999999 0.0204532 0.0105045 -0.102304
FixedParameters: 0 0 0

#Transform 37
Transform: AffineTransform_float_3_3
Parameters: 0.999999 -0.000257219 0.00077526 0.000258782 1 -0.0010078 -0.000775739 0.0010082 0.999999 0.0069725 -0.0432086 -0.102335
FixedParameters: 0 0 0

#Transform 38
Transform: AffineTransform_float_3_3
Parameters: 1 -0.000305732 0.00109935 0.000307268 1 -0.00115366 -0.00109865 0.00115434 0.999998 0.00772887 -0.0331731 -0.0892375
FixedParameters: 0 0 0

#Transform 39
Transform: AffineTransform_float_3_3
Parameters: 0.999999 -0.000361172 0.000790379 0.000361829 1 -0.00104771 -0.000790621 0.00104829 0.999999 0.0202716 0.0361578 -0.0738681
FixedParameters: 0 0 0

#Transform 40
Transform: AffineTransform_float_3_3
Parameters: 0.999999 -0.000442175 0.000812449 0.000442825 1 -0.00101464 -0.000812551 0.00101536 0.999999 0.0125898 -0.00359812 -0.0929037
FixedParameters: 0 0 0

#Transform 41
Transform: AffineTransform_float_3_3
Parameters: 0.999999 -0.000544394 0.00113977 0.000545607 0.999999 -0.00140938 -0.00113923 0.00140962 0.999999 -0.00293609 -0.0348419 -0.114797
FixedParameters: 0 0 0

#Transform 42
Transform: AffineTransform_float_3_3
Parameters: 1 -0.000485649 0.00106961 0.00048635 0.999999 -0.00126248 -0.00106839 0.00126352 0.999998 0.0170245 -0.00312805 -0.11276
FixedParameters: 0 0 0

#Transform 43
Transform: AffineTransform_float_3_3
Parameters: 0.999999 -0.00042943 0.00124354 0.000431569 0.999999 -0.00126247 -0.00124246 0.00126354 0.999999 0.0180384 0.0164072 -0.0799605
FixedParameters: 0 0 0

#Transform 44
Transform: AffineTransform_float_3_3
Parameters: 0.999999 -0.000478189 0.00127568 0.000479812 0.999999 -0.00142039 -0.00127532 0.00142061 0.999998 0.0161419 -0.00710687 -0.0868675
FixedParameters: 0 0 0

#Transform 45
Transform: AffineTransform_float_3_3
Parameters: 1 -0.000569214 0.00107495 0.000570787 0.999999 -0.00166239 -0.00107405 0.00166261 0.999998 0.0213965 0.0114205 -0.0947027
FixedParameters: 0 0 0

#Transform 46
Transform: AffineTransform_float_3_3
Parameters: 0.999999 -0.000518936 0.00115893 0.000521064 0.999999 -0.0017814 -0.00115807 0.0017826 0.999997 0.0192619 -0.00129901 -0.0991268
FixedParameters: 0 0 0

#Transform 47
Transform: AffineTransform_float_3_3
Parameters: 0.999998 -0.000521305 0.0016152 0.000525695 0.999997 -0.00228815 -0.0016138 0.00228885 0.999996 0.0129948 4.46993e-05 -0.101912
FixedParameters: 0 0 0

#Transform 48
Transform: AffineTransform_float_3_3
Parameters: 0.999999 -0.00052335 0.00133804 0.00052565 0.999998 -0.0019813 -0.00133696 0.0019817 0.999997 0.0257966 -0.0655173 -0.0986503
FixedParameters: 0 0 0

#Transform 49
Transform: AffineTransform_float_3_3
Parameters: 0.999999 -0.00052318 0.00131113 0.000525818 0.999997 -0.00215031 -0.00130987 0.00215169 0.999997 0.0219167 -0.0472143 -0.128872
FixedParameters: 0 0 0

#Transform 50
Transform: AffineTransform_float_3_3
Parameters: 0.999999 -0.000522695 0.00141822 0.000526305 0.999997 -0.00233126 -0.00141678 0.00233174 0.999997 0.0255088 -0.041284 -0.154219
FixedParameters: 0 0 0

#Transform 51
Transform: AffineTransform_float_3_3
Parameters: 0.999999 -0.000523232 0.00141802 0.000525768 0.999998 -0.00195226 -0.00141698 0.00195274 0.999997 0.0254766 0.0394627 -0.153324
FixedParameters: 0 0 0

#Transform 52
Transform: AffineTransform_float_3_3
Parameters: 0.999998 -0.000617124 0.00177535 0.000620879 0.999998 -0.0021839 -0.00177465 0.0021851 0.999996 0.0260761 -0.0305086 -0.196326
FixedParameters: 0 0 0

#Transform 53
Transform: AffineTransform_float_3_3
Parameters: 0.999998 -0.000521589 0.00220305 0.00052541 0.999998 -0.00200185 -0.00220195 0.00200315 0.999995 0.0233248 0.00468989 -0.199677
FixedParameters: 0 0 0

#Transform 54
Transform: AffineTransform_float_3_3
Parameters: 0.999999 -0.00052371 0.00141785 0.000526288 0.999998 -0.00161525 -0.00141615 0.00161574 0.999997 0.0254422 -0.0261331 -0.206171
FixedParameters: 0 0 0

#Transform 55
Transform: AffineTransform_float_3_3
Parameters: 0.999998 -0.000651723 0.00184851 0.00065628 0.999997 -0.00231479 -0.00184749 0.00231521 0.999995 0.0298911 -0.0251608 -0.247913
FixedParameters: 0 0 0

#Transform 56
Transform: AffineTransform_float_3_3
Parameters: 0.999999 -0.000745387 0.0016896 0.000749616 0.999998 -0.00213974 -0.0016884 0.00214026 0.999997 0.0405512 0.0110678 -0.262428
FixedParameters: 0 0 0

#Transform 57
Transform: AffineTransform_float_3_3
Parameters: 0.999999 -0.000522718 0.00141821 0.000526282 0.999997 -0.00231526 -0.00141679 0.00231574 0.999997 0.037556 -0.0595768 -0.267465
FixedParameters: 0 0 0

#Transform 58
Transform: AffineTransform_float_3_3
Parameters: 0.999998 -0.000660028 0.00222778 0.000665972 0.999996 -0.00268052 -0.00222622 0.00268248 0.999994 0.0255806 0.00224397 -0.25179
FixedParameters: 0 0 0

#Transform 59
Transform: AffineTransform_float_3_3
Parameters: 0.999997 -0.000772334 0.00203777 0.000776665 0.999997 -0.00228942 -0.00203623 0.00229158 0.999996 0.0489578 0.0206194 -0.231255
FixedParameters: 0 0 0

#Transform 60
Transform: AffineTransform_float_3_3
Parameters: 0.999997 -0.000521165 0.0021112 0.000525834 0.999997 -0.0022899 -0.0021098 0.00229111 0.999995 0.0444181 0.0145293 -0.244552
FixedParameters: 0 0 0

#Transform 61
Transform: AffineTransform_float_3_3
Parameters: 0.999998 -0.0005209 0.0022272 0.0005261 0.999997 -0.00228983 -0.0022258 0.00229117 0.999995 0.0350214 -0.0463301 -0.258343
FixedParameters: 0 0 0

#Transform 62
Transform: AffineTransform_float_3_3
Parameters: 0.999998 -0.0005209 0.0022272 0.0005261 0.999997 -0.00228983 -0.0022258 0.00229117 0.999995 0.0441899 -0.0296994 -0.243879
FixedParameters: 0 0 0

#Transform 63
Transform: AffineTransform_float_3_3
Parameters: 0.999998 -0.000521862 0.0018072 0.000526138 0.999997 -0.00229005 -0.0018058 0.00229095 0.999995 0.0409135 -0.023683 -0.262693
FixedParameters: 0 0 0

#Transform 64
Transform: AffineTransform_float_3_3
Parameters: 0.999998 -0.000521381 0.00222709 0.000525619 0.999997 -0.00207383 -0.00222592 0.00207517 0.999996 0.0367579 -0.00929115 -0.256139
FixedParameters: 0 0 0

#Transform 65
Transform: AffineTransform_float_3_3
Parameters: 0.999999 -0.000522791 0.00178294 0.00052621 0.999998 -0.00180006 -0.00178206 0.00180093 0.999997 0.0453393 -0.0100198 -0.277347
FixedParameters: 0 0 0

#Transform 66
Transform: AffineTransform_float_3_3
Parameters: 0.999998 -0.000522898 0.0018159 0.000526102 0.999998 -0.00170805 -0.0018151 0.00170895 0.999997 0.045203 -0.0610417 -0.303605
FixedParameters: 0 0 0

#Transform 67
Transform: AffineTransform_float_3_3
Parameters: 0.999998 -0.000764219 0.00189253 0.000767781 0.999997 -0.00199855 -0.00189047 0.00199945 0.999996 0.0490861 -0.0116434 -0.308066
FixedParameters: 0 0 0

#Transform 68
Transform: AffineTransform_float_3_3
Parameters: 0.999997 -0.000919548 0.00222784 0.000923452 0.999997 -0.00199795 -0.00222616 0.00200005 0.999995 0.0508833 0.0284898 -0.288079
FixedParameters: 0 0 0

#Transform 69
Transform: AffineTransform_float_3_3
Parameters: 0.999998 -0.000521163 0.00222714 0.000525837 0.999998 -0.00217184 -0.00222586 0.00217317 0.999995 0.046379 0.0139556 -0.291016
FixedParameters: 0 0 0

#Transform 70
Transform: AffineTransform_float_3_3
Parameters: 0.999997 -0.000776549 0.00222756 0.000781452 0.999997 -0.00199827 -0.00222644 0.00199973 0.999996 0.0541898 0.0281641 -0.297605
FixedParameters: 0 0 0

#Transform 71
Transform: AffineTransform_float_3_3
Parameters: 0.999997 -0.000811322 0.00222771 0.00081568 0.999998 -0.00210019 -0.00222629 0.00210181 0.999996 0.0562413 -0.00453095 -0.303608
FixedParameters: 0 0 0

#Transform 72
Transform: AffineTransform_float_3_3
Parameters: 0.999998 -0.000695489 0.00222804 0.000702511 0.999996 -0.00292244 -0.00222596 0.00292456 0.999993 0.0445472 -0.00399417 -0.34955
FixedParameters: 0 0 0

#Transform 73
Transform: AffineTransform_float_3_3
Parameters: 0.999997 -0.000828972 0.00222788 0.000834029 0.999997 -0.00225715 -0.00222612 0.00225885 0.999995 0.0492096 -0.00126532 -0.343092
FixedParameters: 0 0 0

#Transform 74
Transform: AffineTransform_float_3_3
Parameters: 0.999998 -0.000519183 0.00228556 0.00052582 0.999996 -0.00298381 -0.00228444 0.0029842 0.999993 0.0438059 -0.025077 -0.340481
FixedParameters: 0 0 0

#Transform 75
Transform: AffineTransform_float_3_3
Parameters: 0.999997 -0.000759038 0.00222838 0.000765961 0.999995 -0.0031253 -0.00222562 0.0031267 0.999992 0.0480636 0.0320757 -0.326257
FixedParameters: 0 0 0

#Transform 76
Transform: AffineTransform_float_3_3
Parameters: 0.999998 -0.000519704 0.00222748 0.000526295 0.999996 -0.00282683 -0.00222552 0.00282816 0.999993 0.0440055 -0.0110564 -0.323192
FixedParameters: 0 0 0

#Transform 77
Transform: AffineTransform_float_3_3
Parameters: 0.999997 -0.00051858 0.0022877 0.000525417 0.999994 -0.00324381 -0.00228531 0.00324519 0.999992 0.0437238 -0.00876591 -0.375308
FixedParameters: 0 0 0

#Transform 78
Transform: AffineTransform_float_3_3
Parameters: 0.999998 -0.000652776 0.00222813 0.000660225 0.999994 -0.00324354 -0.00222587 0.00324446 0.999993 0.046122 -0.00728396 -0.374761
FixedParameters: 0 0 0

#Transform 79
Transform: AffineTransform_float_3_3
Parameters: 0.999998 -0.00051935 0.00222756 0.000525652 0.999996 -0.00298584 -0.00222644 0.00298717 0.999993 0.0473452 -0.00807491 -0.370702
FixedParameters: 0 0 0

#Transform 80
Transform: AffineTransform_float_3_3
Parameters: 0.999995 -0.000892979 0.00278291 0.000902023 0.999995 -0.0032425 -0.00278009 0.0032445 0.999991 0.0426574 0.00283336 -0.369803
FixedParameters: 0 0 0

#Transform 81
Transform: AffineTransform_float_3_3
Parameters: 0.999996 -0.000518407 0.00250958 0.000525594 0.999996 -0.00302569 -0.00250842 0.00302731 0.999993 0.0429335 0.0749666 -0.394775
FixedParameters: 0 0 0

#Transform 82
Transform: AffineTransform_float_3_3
Parameters: 0.999997 -0.000862111 0.00224727 0.000867889 0.999996 -0.00262106 -0.00224473 0.00262294 0.999994 0.0496307 0.0195978 -0.395233
FixedParameters: 0 0 0

#Transform 83
Transform: AffineTransform_float_3_3
Parameters: 0.999997 -0.000885326 0.00256132 0.000891674 0.999996 -0.00260573 -0.00255869 0.00260828 0.999994 0.0491859 -0.0401514 -0.418215
FixedParameters: 0 0 0

#Transform 84
Transform: AffineTransform_float_3_3
Parameters: 0.999997 -0.000517753 0.00264363 0.000526248 0.999995 -0.00311962 -0.00264237 0.00312138 0.999991 0.0365888 0.0224999 -0.432481
FixedParameters: 0 0 0

#Transform 85
Transform: AffineTransform_float_3_3
Parameters: 0.999997 -0.000681586 0.00264445 0.000691418 0.999994 -0.00356119 -0.00264256 0.00356282 0.99999 0.0453687 -0.00637247 -0.410454
FixedParameters: 0 0 0

#Transform 86
Transform: AffineTransform_float_3_3
Parameters: 0.999995 -0.000178866 0.00311048 0.000187134 0.999996 -0.00261543 -0.00310952 0.00261557 0.999991 0.0356945 0.0398142 -0.355949
FixedParameters: 0 0 0

#Transform 87
Transform: AffineTransform_float_3_3
Parameters: 0.999995 -0.000347699 0.00319214 0.0003583 0.999994 -0.00322687 -0.00319086 0.00322812 0.999989 0.0382493 0.0130772 -0.365941
FixedParameters: 0 0 0

#Transform 88
Transform: AffineTransform_float_3_3
Parameters: 0.999993 -0.000421438 0.00352353 0.000434564 0.999993 -0.00356549 -0.00352247 0.00356651 0.999988 0.0385873 0.0255862 -0.369517
FixedParameters: 0 0 0

#Transform 89
Transform: AffineTransform_float_3_3
Parameters: 0.999995 -0.000299856 0.00320896 0.000310141 0.999995 -0.00316102 -0.00320703 0.00316198 0.99999 0.0373526 -0.0177357 -0.376137
FixedParameters: 0 0 0

#Transform 90
Transform: AffineTransform_float_3_3
Parameters: 0.999995 -0.000299476 0.00310903 0.000310524 0.999994 -0.00338505 -0.00310797 0.00338595 0.99999 0.041732 -0.0130239 -0.423579
FixedParameters: 0 0 0

#Transform 91
Transform: AffineTransform_float_3_3
Parameters: 0.999994 -0.000245662 0.00339499 0.000259339 0.999992 -0.00392915 -0.00339401 0.00392986 0.999987 0.0356572 0.0627781 -0.475774
FixedParameters: 0 0 0

#Transform 92
Transform: AffineTransform_float_3_3
Parameters: 0.999995 -0.000444265 0.00305958 0.000454735 0.999993 -0.00350963 -0.00305742 0.00351037 0.999989 0.0440242 -0.00745076 -0.471114
FixedParameters: 0 0 0

#Transform 93
Transform: AffineTransform_float_3_3
Parameters: 0.999996 -0.000298691 0.00305913 0.000310309 0.999993 -0.00369707 -0.00305788 0.00369793 0.999989 0.0535262 -0.0219021 -0.474505
FixedParameters: 0 0 0

#Transform 94
Transform: AffineTransform_float_3_3
Parameters: 0.999994 -0.000348476 0.00343451 0.000362525 0.999991 -0.00422878 -0.0034335 0.00423022 0.999985 0.0372645 -0.0128571 -0.496361
FixedParameters: 0 0 0

#Transform 95
Transform: AffineTransform_float_3_3
Parameters: 0.999994 -0.000299229 0.00325801 0.000310771 0.999994 -0.003306 -0.00325699 0.00330699 0.999989 0.056865 0.00971546 -0.48836
FixedParameters: 0 0 0

#Transform 96
Transform: AffineTransform_float_3_3
Parameters: 0.999994 -0.000245092 0.00323784 0.000255909 0.999995 -0.00336919 -0.00323716 0.00336981 0.999989 0.0514246 -0.0242075 -0.493871
FixedParameters: 0 0 0

#Transform 97
Transform: AffineTransform_float_3_3
Parameters: 0.999992 2.40174e-06 0.00384001 1.14016e-05 0.999994 -0.00348998 -0.00383998 0.00349001 0.999986 0.0299234 -0.0365752 -0.527017
FixedParameters: 0 0 0

#Transform 98
Transform: AffineTransform_float_3_3
Parameters: 0.999994 0.000161956 0.00325352 -0.000152044 0.999996 -0.00305951 -0.00325448 0.00305949 0.99999 0.0466026 0.0219918 -0.552678
FixedParameters: 0 0 0

#Transform 99
Transform: AffineTransform_float_3_3
Parameters: 0.999996 0.000105176 0.00305873 -9.68225e-05 0.999997 -0.00267331 -0.00305927 0.00267269 0.999991 0.0474175 0.00578497 -0.573919
FixedParameters: 0 0 0

#Transform 100
Transform: AffineTransform_float_3_3
Parameters: 0.999994 0.000162759 0.0034025 -0.000151245 0.999995 -0.00316153 -0.0034025 0.00316147 0.999989 0.0281933 -0.00450272 -0.608745
FixedParameters: 0 0 0

#Transform 101
Transform: AffineTransform_float_3_3
Parameters: 0.999993 0.000287226 0.00353126 -0.000277771 0.999996 -0.002613 -0.00353274 0.002612 0.999991 0.0439571 -0.0279191 -0.596461
FixedParameters: 0 0 0

#Transform 102
Transform: AffineTransform_float_3_3
Parameters: 0.999995 0.000241592 0.00322637 -0.00023341 0.999997 -0.00266277 -0.00322663 0.00266224 0.999992 0.0494418 0.0169782 -0.578979
FixedParameters: 0 0 0

#Transform 103
Transform: AffineTransform_float_3_3
Parameters: 0.999993 0.000202996 0.00375442 -0.000192003 0.999995 -0.00292874 -0.00375558 0.00292826 0.999988 0.0265522 0.0801372 -0.628414
FixedParameters: 0 0 0

#Transform 104
Transform: AffineTransform_float_3_3
Parameters: 0.999994 0.000185325 0.00361944 -0.000174675 0.999995 -0.00312865 -0.00362056 0.00312835 0.999988 0.0485577 0.0334658 -0.636494
FixedParameters: 0 0 0

#Transform 105
Transform: AffineTransform_float_3_3
Parameters: 0.999994 0.000252771 0.00351731 -0.000243228 0.999996 -0.00277787 -0.00351869 0.00277713 0.99999 0.0458682 0.0486271 -0.633584
FixedParameters: 0 0 0

#Transform 106
Transform: AffineTransform_float_3_3
Parameters: 0.999992 0.000378299 0.00404378 -0.000364702 0.999995 -0.0032885 -0.00404522 0.0032875 0.999987 0.0266179 0.00694359 -0.674625
FixedParameters: 0 0 0

#Transform 107
Transform: AffineTransform_float_3_3
Parameters: 0.999992 0.000287395 0.00413616 -0.000275605 0.999996 -0.00299717 -0.00413685 0.00299584 0.999987 0.0432751 0.0631183 -0.668943
FixedParameters: 0 0 0

#Transform 108
Transform: AffineTransform_float_3_3
Parameters: 0.999993 0.000159802 0.00360554 -0.000149195 0.999995 -0.00299656 -0.00360646 0.00299544 0.999989 0.0431108 0.0415636 -0.676891
FixedParameters: 0 0 0

#Transform 109
Transform: AffineTransform_float_3_3
Parameters: 0.999991 0.000194309 0.00436535 -0.000179693 0.999994 -0.00350682 -0.00436566 0.00350619 0.999985 0.0329655 -0.00897085 -0.679698
FixedParameters: 0 0 0

#Transform 110
Transform: AffineTransform_float_3_3
Parameters: 0.999991 0.000390264 0.00427964 -0.000374739 0.999993 -0.00356664 -0.00428036 0.00356536 0.999985 0.045517 0.07313 -0.658718
FixedParameters: 0 0 0

#Transform 111
Transform: AffineTransform_float_3_3
Parameters: 0.99999 0.000171864 0.00442252 -0.000159138 0.999996 -0.00290873 -0.00442248 0.00290827 0.999986 0.0459262 0.0407478 -0.645529
FixedParameters: 0 0 0

#Transform 112
Transform: AffineTransform_float_3_3
Parameters: 0.999991 0.000119698 0.00406464 -0.000107303 0.999995 -0.00312346 -0.00406535 0.00312354 0.999987 0.0269962 0.0347568 -0.651805
FixedParameters: 0 0 0

#Transform 113
Transform: AffineTransform_float_3_3
Parameters: 0.99999 0.000185174 0.00448036 -0.000168829 0.999993 -0.00360979 -0.00448064 0.00360921 0.999984 0.0375754 0.0886987 -0.676954
FixedParameters: 0 0 0

#Transform 114
Transform: AffineTransform_float_3_3
Parameters: 0.99999 0.000252007 0.00444123 -0.000237994 0.999995 -0.00315409 -0.00444177 0.00315291 0.999985 0.0446387 0.0818226 -0.68915
FixedParameters: 0 0 0

#Transform 115
Transform: AffineTransform_float_3_3
Parameters: 0.99999 9.25111e-05 0.00445471 -7.74941e-05 0.999994 -0.00348138 -0.0044543 0.00348162 0.999984 0.0494239 0.0527343 -0.694775
FixedParameters: 0 0 0

#Transform 116
Transform: AffineTransform_float_3_3
Parameters: 0.999988 0.000241418 0.00492613 -0.000222582 0.999993 -0.00373914 -0.00492687 0.00373786 0.999981 0.0412658 0.00829721 -0.734885
FixedParameters: 0 0 0

#Transform 117
Transform: AffineTransform_float_3_3
Parameters: 0.999985 0.00019893 0.00534633 -0.000180071 0.999993 -0.00354101 -0.00534667 0.00353999 0.99998 0.0447401 0.0458168 -0.724798
FixedParameters: 0 0 0

#Transform 118
Transform: AffineTransform_float_3_3
Parameters: 0.99999 -0.000156325 0.00442658 0.000172678 0.999993 -0.00354127 -0.00442642 0.00354173 0.999984 0.0556648 0.0393363 -0.734805
FixedParameters: 0 0 0

#Transform 119
Transform: AffineTransform_float_3_3
Parameters: 0.999988 0.000326656 0.00492774 -0.000306345 0.999992 -0.00398856 -0.00492926 0.00398744 0.99998 0.0348569 -0.0157095 -0.73917
FixedParameters: 0 0 0

#Transform 120
Transform: AffineTransform_float_3_3
Parameters: 0.999985 0.000141809 0.00547843 -0.000117189 0.99999 -0.0043467 -0.00547856 0.00434528 0.999975 0.0390783 0.0549147 -0.741288
FixedParameters: 0 0 0

#Transform 121
Transform: AffineTransform_float_3_3
Parameters: 0.999989 0.000324963 0.00480582 -0.000307034 0.999993 -0.00373852 -0.00480719 0.00373648 0.999982 0.0453167 0.00800772 -0.73567
FixedParameters: 0 0 0

#Transform 122
Transform: AffineTransform_float_3_3
Parameters: 0.999986 0.000330554 0.00525657 -0.000306441 0.99999 -0.00448167 -0.00525843 0.00447932 0.999976 0.038079 -0.0130366 -0.745344
FixedParameters: 0 0 0

#Transform 123
Transform: AffineTransform_float_3_3
Parameters: 0.999987 0.000329248 0.00523265 -0.000306747 0.999991 -0.00425266 -0.00523435 0.00425034 0.999978 0.0398916 -0.00696794 -0.757002
FixedParameters: 0 0 0

#Transform 124
Transform: AffineTransform_float_3_3
Parameters: 0.999984 0.000327942 0.00562582 -0.000307053 0.999993 -0.00372379 -0.00562718 0.00372121 0.999977 0.0415005 0.0295585 -0.728607
FixedParameters: 0 0 0

#Transform 125
Transform: AffineTransform_float_3_3
Parameters: 0.999986 0.000329012 0.00540071 -0.000306989 0.999991 -0.00407572 -0.0054023 0.00407428 0.999977 0.0412304 -0.0358442 -0.751353
FixedParameters: 0 0 0

#Transform 126
Transform: AffineTransform_float_3_3
Parameters: 0.999988 0.000324558 0.00486686 -0.000306439 0.999994 -0.00360853 -0.00486814 0.00360646 0.999981 0.0418663 -0.00236272 -0.748534
FixedParameters: 0 0 0

#Transform 127
Transform: AffineTransform_float_3_3
Parameters: 0.999985 0.0003288 0.00544773 -0.000307199 0.999992 -0.00400273 -0.00544827 0.00400027 0.999977 0.040216 0.0529615 -0.770493
FixedParameters: 0 0 0

#Transform 128
Transform: AffineTransform_float_3_3
Parameters: 0.999984 -3.24139e-05 0.00556018 5.55839e-05 0.999991 -0.00406175 -0.00555982 0.00406224 0.999977 0.0551091 -0.00171102 -0.811995
FixedParameters: 0 0 0

#Transform 129
Transform: AffineTransform_float_3_3
Parameters: 0.999987 7.49965e-05 0.00511072 -5.30006e-05 0.99999 -0.00430432 -0.00511127 0.00430367 0.999977 0.061045 0.0110374 -0.845044
FixedParameters: 0 0 0

#Transform 130
Transform: AffineTransform_float_3_3
Parameters: 0.999987 0.000159452 0.00520336 -0.000136546 0.99999 -0.00431477 -0.00520464 0.00431423 0.999977 0.0556152 0.0328989 -0.904678
FixedParameters: 0 0 0

#Transform 131
Transform: AffineTransform_float_3_3
Parameters: 0.999986 0.000539909 0.00525919 -0.000522088 0.999994 -0.00340679 -0.00526081 0.00340321 0.999981 0.0530165 0.0537335 -0.886646
FixedParameters: 0 0 0

#Transform 132
Transform: AffineTransform_float_3_3
Parameters: 0.999988 0.00147778 0.0045316 -0.00145822 0.99999 -0.00436566 -0.0045374 0.00435935 0.99998 0.0224814 0.0643701 -0.937764
FixedParameters: 0 0 0

#Transform 133
Transform: AffineTransform_float_3_3
Parameters: 0.99999 0.00123782 0.00443552 -0.00121819 0.99999 -0.00446745 -0.00444049 0.00446255 0.99998 0.0265771 -0.0022394 -0.970165
FixedParameters: 0 0 0

#Transform 134
Transform: AffineTransform_float_3_3
Parameters: 0.999988 0.00126912 0.00477744 -0.00124788 0.99999 -0.00442102 -0.00478356 0.00441498 0.999979 0.0253287 0.0874214 -0.939373
FixedParameters: 0 0 0

#Transform 135
Transform: AffineTransform_float_3_3
Parameters: 0.999986 0.000651945 0.00513953 -0.000624051 0.999985 -0.00543728 -0.00514347 0.00543372 0.999972 0.0347765 0.0744518 -0.944847
FixedParameters: 0 0 0

#Transform 136
Transform: AffineTransform_float_3_3
Parameters: 0.99999 0.000552771 0.00447448 -0.000532229 0.999989 -0.00464143 -0.00447752 0.00463957 0.999979 0.0416367 0.0161657 -0.888682
FixedParameters: 0 0 0

#Transform 137
Transform: AffineTransform_float_3_3
Parameters: 0.999991 0.000404146 0.00419793 -0.000381855 0.999986 -0.00527465 -0.00420007 0.00527335 0.999978 0.0416486 -0.00217042 -0.930244
FixedParameters: 0 0 0

#Transform 138
Transform: AffineTransform_float_3_3
Parameters: 0.99999 5.88311e-05 0.00449975 -3.51719e-05 0.999986 -0.00529621 -0.00449925 0.00529579 0.999976 0.0415698 -0.0268568 -0.904579
FixedParameters: 0 0 0

#Transform 139
Transform: AffineTransform_float_3_3
Parameters: 0.999988 9.19933e-05 0.00485959 -6.70027e-05 0.999987 -0.00514339 -0.00486041 0.00514261 0.999975 0.04529 0.0287461 -0.91669
FixedParameters: 0 0 0

#Transform 140
Transform: AffineTransform_float_3_3
Parameters: 0.99999 0.000257659 0.00449865 -0.000233344 0.999985 -0.0054811 -0.00449935 0.0054799 0.999975 0.0434231 0.0290139 -0.924866
FixedParameters: 0 0 0

#Transform 141
Transform: AffineTransform_float_3_3
Parameters: 0.99999 0.00022294 0.00449874 -0.000196064 0.999982 -0.00598794 -0.00449925 0.00598706 0.999972 0.044068 0.0724378 -0.937991
FixedParameters: 0 0 0

#Transform 142
Transform: AffineTransform_float_3_3
Parameters: 0.999986 0.000190347 0.00517691 -0.000157653 0.99998 -0.0062479 -0.00517808 0.0062471 0.999967 0.0423962 0.0631647 -0.988451
FixedParameters: 0 0 0

#Transform 143
Transform: AffineTransform_float_3_3
Parameters: 0.99999 0.000192698 0.00460993 -0.000165302 0.999982 -0.00600783 -0.00461108 0.00600718 0.999972 0.0592532 0.0663884 -0.945444
FixedParameters: 0 0 0

#Transform 144
Transform: AffineTransform_float_3_3
Parameters: 0.999989 -0.00011176 0.00466682 0.000141243 0.999979 -0.00648041 -0.00466618 0.00648059 0.999968 0.0621588 0.0469952 -0.973563
FixedParameters: 0 0 0

#Transform 145
Transform: AffineTransform_float_3_3
Parameters: 0.999988 -0.000240289 0.00503678 0.000275704 0.999976 -0.0068917 -0.00503422 0.0068933 0.999963 0.0564863 0.0332352 -1.02272
FixedParameters: 0 0 0

#Transform 146
Transform: AffineTransform_float_3_3
Parameters: 0.99999 0.000199354 0.00449883 -0.000171652 0.99998 -0.00630184 -0.00449917 0.00630117 0.99997 0.065528 0.0466575 -1.00177
FixedParameters: 0 0 0

#Transform 147
Transform: AffineTransform_float_3_3
Parameters: 0.999989 0.000179164 0.00480391 -0.000146831 0.999977 -0.00669578 -0.00480509 0.00669421 0.999966 0.053181 0.0188273 -0.979302
FixedParameters: 0 0 0

#Transform 148
Transform: AffineTransform_float_3_3
Parameters: 0.999986 0.000152401 0.00519508 -0.000116601 0.999977 -0.0068137 -0.00519591 0.0068133 0.999964 0.0535297 0.00558698 -0.992278
FixedParameters: 0 0 0

#Transform 149
Transform: AffineTransform_float_3_3
Parameters: 0.999989 0.000133034 0.00456622 -0.00010297 0.999979 -0.00657654 -0.00456677 0.00657646 0.999968 0.0515789 0.0294202 -0.978837
FixedParameters: 0 0 0

#Transform 150
Transform: AffineTransform_float_3_3
Parameters: 0.999988 6.59706e-06 0.00494006 2.55964e-05 0.999979 -0.00639595 -0.00493994 0.00639604 0.999968 0.052394 -0.0319014 -0.973623
FixedParameters: 0 0 0

#Transform 151
Transform: AffineTransform_float_3_3
Parameters: 0.999969 0.000152561 0.00789889 -7.64388e-05 0.999953 -0.0096919 -0.00790011 0.0096911 0.999922 0.117371 -0.040595 -1.17824
FixedParameters: 0 0 0

#Transform 152
Transform: AffineTransform_float_3_3
Parameters: 0.999974 -0.000137856 0.00718708 0.000221141 0.999933 -0.0115687 -0.00718493 0.0115703 0.999907 0.146353 0.0321368 -1.26101
FixedParameters: 0 0 0

#Transform 153
Transform: AffineTransform_float_3_3
Parameters: 0.999977 -0.000440388 0.00678679 0.000522619 0.999927 -0.0120287 -0.0067812 0.0120313 0.999904 0.111158 0.00137715 -1.1929
FixedParameters: 0 0 0

#Transform 154
Transform: AffineTransform_float_3_3
Parameters: 0.999975 -0.000623402 0.00695361 0.000712604 0.999916 -0.0128904 -0.00694539 0.0128946 0.999892 0.108396 -0.0533121 -1.23183
FixedParameters: 0 0 0

#Transform 155
Transform: AffineTransform_float_3_3
Parameters: 0.999974 -0.000947874 0.00722699 0.00104913 0.999902 -0.0140018 -0.00721302 0.0140092 0.999876 0.115613 0.0236653 -1.30433
FixedParameters: 0 0 0

#Transform 156
Transform: AffineTransform_float_3_3
Parameters: 0.999975 -0.000716756 0.00696258 0.000813254 0.999904 -0.0138307 -0.00695241 0.0138353 0.99988 0.104538 -3.1349e-05 -1.36431
FixedParameters: 0 0 0

#Transform 157
Transform: AffineTransform_float_3_3
Parameters: 0.999977 -0.000294048 0.0067855 0.000383963 0.999912 -0.0132597 -0.0067815 0.0132613 0.999889 0.106024 -0.00999637 -1.37681
FixedParameters: 0 0 0

#Transform 158
Transform: AffineTransform_float_3_3
Parameters: 0.999974 -0.00079768 0.00719683 0.000897322 0.999903 -0.0139469 -0.00718518 0.0139531 0.999877 0.116632 -0.0628109 -1.37218
FixedParameters: 0 0 0

#Transform 159
Transform: AffineTransform_float_3_3
Parameters: 0.999974 -0.000841982 0.00718036 0.00094901 0.999889 -0.0149136 -0.00716664 0.0149204 0.999863 0.11124 -0.0195567 -1.40325
FixedParameters: 0 0 0

#Transform 160
Transform: AffineTransform_float_3_3
Parameters: 0.999972 -0.000821619 0.00747009 0.000932383 0.999889 -0.0149195 -0.00745691 0.0149255 0.999861 0.116224 -0.00473458 -1.34543
FixedParameters: 0 0 0

#Transform 161
Transform: AffineTransform_float_3_3
Parameters: 0.99997 -0.000743481 0.00772711 0.000814517 0.999958 -0.00912699 -0.00771989 0.00913302 0.999929 0.0981393 -0.0635949 -0.940167
FixedParameters: 0 0 0

#Transform 162
Transform: AffineTransform_float_3_3
Parameters: 0.999988 -0.0013003 0.00474856 0.0013067 0.999999 -0.00119681 -0.00474743 0.00120319 0.999988 0.20201 -0.341191 -0.366326
FixedParameters: 0 0 0

#Transform 163
Transform: AffineTransform_float_3_3
Parameters: 0.999967 -0.00183698 0.0079106 0.00188202 0.999982 -0.0056883 -0.00789941 0.0057027 0.999953 0.190662 -0.0769369 -0.618459
FixedParameters: 0 0 0

#Transform 164
Transform: AffineTransform_float_3_3
Parameters: 0.999963 -0.00223691 0.00824343 0.00231808 0.999949 -0.00984025 -0.00822056 0.00985874 0.999917 0.225407 0.140605 -0.860498
FixedParameters: 0 0 0

#Transform 165
Transform: AffineTransform_float_3_3
Parameters: 0.999958 -0.00155143 0.0089685 0.00164356 0.999946 -0.0103227 -0.00895149 0.0103373 0.999906 0.139473 0.11374 -1.05301
FixedParameters: 0 0 0

#Transform 166
Transform: AffineTransform_float_3_3
Parameters: 0.999947 -0.00239298 0.0100013 0.00252401 0.999911 -0.0131074 -0.00996874 0.0131325 0.999864 0.193599 0.0847355 -1.41879
FixedParameters: 0 0 0

#Transform 167
Transform: AffineTransform_float_3_3
Parameters: 0.999946 -0.00302099 0.00987937 0.00315001 0.999909 -0.0130696 -0.00983862 0.0130994 0.999866 0.278059 -0.041309 -1.55113
FixedParameters: 0 0 0

#Transform 168
Transform: AffineTransform_float_3_3
Parameters: 0.99996 -0.00249218 0.00857967 0.00260182 0.999915 -0.0128132 -0.00854634 0.0128348 0.999881 0.226815 -0.0312549 -1.18119
FixedParameters: 0 0 0

#Transform 169
Transform: AffineTransform_float_3_3
Parameters: 0.999952 -0.00292621 0.00936743 0.00307978 0.99986 -0.0164449 -0.00931757 0.0164731 0.999821 0.254551 -0.0684574 -1.18834
FixedParameters: 0 0 0

#Transform 170
Transform: AffineTransform_float_3_3
Parameters: 0.999947 -0.00316349 0.0098056 0.00332851 0.999853 -0.0168073 -0.00975038 0.0168387 0.99981 0.259043 -0.120079 -1.19847
FixedParameters: 0 0 0

#Transform 171
Transform: AffineTransform_float_3_3
Parameters: 0.999946 -0.00360231 0.00976479 0.00378069 0.999824 -0.0183431 -0.00969721 0.0183789 0.999784 0.272519 -0.0303839 -1.3115
FixedParameters: 0 0 0

#Transform 172
Transform: AffineTransform_float_3_3
Parameters: 0.999949 -0.00347218 0.00955917 0.00364382 0.999831 -0.0180161 -0.00949484 0.0180499 0.999792 0.277283 -0.0733543 -1.36785
FixedParameters: 0 0 0

#Transform 173
Transform: AffineTransform_float_3_3
Parameters: 0.999948 -0.00348882 0.00956152 0.00366619 0.99982 -0.0185759 -0.00949547 0.0186101 0.999781 0.271083 -0.112757 -1.35882
FixedParameters: 0 0 0

#Transform 174
Transform: AffineTransform_float_3_3
Parameters: 0.999948 -0.00353259 0.00956165 0.00370841 0.999824 -0.0183895 -0.00949535 0.0184245 0.999785 0.271859 -0.0718139 -1.33533
FixedParameters: 0 0 0

#Transform 175
Transform: AffineTransform_float_3_3
Parameters: 0.999949 -0.00320887 0.00955349 0.00337814 0.999837 -0.0177406 -0.00949552 0.0177714 0.999797 0.266194 -0.0545492 -1.33187
FixedParameters: 0 0 0

#Transform 176
Transform: AffineTransform_float_3_3
Parameters: 0.999949 -0.00305651 0.00955158 0.00322749 0.999833 -0.0179901 -0.00949542 0.0180199 0.999792 0.26321 -0.0495274 -1.37905
FixedParameters: 0 0 0

#Transform 177
Transform: AffineTransform_float_3_3
Parameters: 0.999947 -0.00303986 0.00977351 0.00322714 0.999808 -0.0192915 -0.0097135 0.0193225 0.999766 0.251967 -0.0504253 -1.4255
FixedParameters: 0 0 0

#Transform 178
Transform: AffineTransform_float_3_3
Parameters: 0.999946 -0.00314719 0.00983578 0.00334079 0.999802 -0.0196482 -0.00977119 0.0196798 0.999758 0.263737 -0.0867531 -1.43688
FixedParameters: 0 0 0

#Transform 179
Transform: AffineTransform_float_3_3
Parameters: 0.999943 -0.00302501 0.0102567 0.00322799 0.9998 -0.019734 -0.0101952 0.019766 0.999752 0.260341 -0.0854594 -1.44566
FixedParameters: 0 0 0

#Transform 180
Transform: AffineTransform_float_3_3
Parameters: 0.999946 -0.00313481 0.00985555 0.00332818 0.999801 -0.0196472 -0.00979145 0.0196787 0.999759 0.257919 -0.12125 -1.44702
FixedParameters: 0 0 0

#Transform 181
Transform: AffineTransform_float_3_3
Parameters: 0.999949 -0.00304038 0.00960542 0.00322763 0.999803 -0.019578 -0.0095446 0.019608 0.999762 0.262559 -0.0369991 -1.42909
FixedParameters: 0 0 0

#Transform 182
Transform: AffineTransform_float_3_3
Parameters: 0.999947 -0.0032218 0.00971591 0.0034162 0.999792 -0.0201409 -0.00964909 0.0201731 0.99975 0.26511 -0.0748424 -1.47109
FixedParameters: 0 0 0

#Transform 183
Transform: AffineTransform_float_3_3
Parameters: 0.999946 -0.00302902 0.00989212 0.00322797 0.999791 -0.0201611 -0.00982886 0.0201918 0.999748 0.260936 -0.0539381 -1.5019
FixedParameters: 0 0 0

#Transform 184
Transform: AffineTransform_float_3_3
Parameters: 0.999949 -0.00319833 0.00957738 0.00338467 0.999804 -0.0195386 -0.00951263 0.0195704 0.999763 0.270176 -0.135119 -1.47106
FixedParameters: 0 0 0

#Transform 185
Transform: AffineTransform_float_3_3
Parameters: 0.999949 -0.00325588 0.00948847 0.00344812 0.999786 -0.0204073 -0.00942053 0.0204397 0.999746 0.261324 -0.105343 -1.52799
FixedParameters: 0 0 0

#Transform 186
Transform: AffineTransform_float_3_3
Parameters: 0.999947 -0.00278126 0.00991283 0.00298275 0.999787 -0.0203955 -0.00985417 0.0204235 0.999743 0.255166 -0.0556444 -1.53388
FixedParameters: 0 0 0

#Transform 187
Transform: AffineTransform_float_3_3
Parameters: 0.999948 -0.00296291 0.00968416 0.00316208 0.999782 -0.0206074 -0.00962083 0.0206376 0.99974 0.258368 -0.155769 -1.54229
FixedParameters: 0 0 0

#Transform 188
Transform: AffineTransform_float_3_3
Parameters: 0.999947 -0.00302801 0.00983978 0.003228 0.999787 -0.0203733 -0.00977622 0.0204037 0.999744 0.250529 -0.156628 -1.55346
