#Insight Transform File V1.0
#Transform 0
Transform: AffineTransform_float_3_3
Parameters: 0.999992 -0.00357376 0.00188789 0.00356923 0.999991 0.00199375 -0.00189511 -0.00198624 0.999996 0.294024 -0.0827316 1.2209
FixedParameters: 0 0 0

#Transform 1
Transform: AffineTransform_float_3_3
Parameters: 0.999993 -0.00332443 0.00203817 0.00331957 0.999991 0.00266279 -0.00204683 -0.00265522 0.999995 0.294054 -0.0954671 1.20158
FixedParameters: 0 0 0

#Transform 2
Transform: AffineTransform_float_3_3
Parameters: 0.999994 -0.00317956 0.00178892 0.00317544 0.999991 0.0025477 -0.00179709 -0.0025423 0.999995 0.291027 -0.10096 1.21576
FixedParameters: 0 0 0

#Transform 3
Transform: AffineTransform_float_3_3
Parameters: 0.999992 -0.00329559 0.00236885 0.0032894 0.99999 0.00278182 -0.00237815 -0.00277419 0.999994 0.28413 -0.13905 1.23676
FixedParameters: 0 0 0

#Transform 4
Transform: AffineTransform_float_3_3
Parameters: 0.999994 -0.00321181 0.00124512 0.00320519 0.999984 0.00463902 -0.00125988 -0.00463498 0.999988 0.276328 -0.111452 1.37977
FixedParameters: 0 0 0

#Transform 5
Transform: AffineTransform_float_3_3
Parameters: 0.999993 -0.00338784 0.00163596 0.00338216 0.999988 0.00355956 -0.00164804 -0.00355444 0.999993 0.278086 -0.163942 1.34857
FixedParameters: 0 0 0

#Transform 6
Transform: AffineTransform_float_3_3
Parameters: 0.999992 -0.00331737 0.00197132 0.00331063 0.99999 0.00322555 -0.00198268 -0.00321945 0.999993 0.280131 -0.162031 1.28887
FixedParameters: 0 0 0

#Transform 7
Transform: AffineTransform_float_3_3
Parameters: 0.999992 -0.00326261 0.00220733 0.0032544 0.999987 0.00389121 -0.00221967 -0.00388379 0.99999 0.263545 -0.128843 1.32854
FixedParameters: 0 0 0

#Transform 8
Transform: AffineTransform_float_3_3
Parameters: 0.999993 -0.00332163 0.00166286 0.00331338 0.999984 0.00456754 -0.00167714 -0.00456246 0.999988 0.272622 -0.138988 1.3677
FixedParameters: 0 0 0

#Transform 9
Transform: AffineTransform_float_3_3
Parameters: 0.999993 -0.00334322 0.00152964 0.00333878 0.999988 0.00340313 -0.00154136 -0.00339787 0.999993 0.270289 -0.15855 1.36563
FixedParameters: 0 0 0

#Transform 10
Transform: AffineTransform_float_3_3
Parameters: 0.999994 -0.00333671 0.000726141 0.00333328 0.999981 0.00505645 -0.000743862 -0.00505455 0.999987 0.267624 -0.172633 1.38861
FixedParameters: 0 0 0

#Transform 11
Transform: AffineTransform_float_3_3
Parameters: 0.999994 -0.00333757 0.00139613 0.00333243 0.999989 0.00326267 -0.00140687 -0.00325833 0.999993 0.273893 -0.197524 1.36001
FixedParameters: 0 0 0

#Transform 12
Transform: AffineTransform_float_3_3
Parameters: 0.999981 0.00368132 -0.00495468 -0.00370567 0.999981 -0.00477773 0.00493632 0.00479626 0.999977 -0.0212731 -0.193932 0.893993
FixedParameters: 0 0 0

#Transform 13
Transform: AffineTransform_float_3_3
Parameters: 0.999987 0.00164142 -0.00487437 -0.00172859 0.999836 -0.0180178 0.00484463 0.0180262 0.999826 -0.0420961 0.185678 -1.036
FixedParameters: 0 0 0

#Transform 14
Transform: AffineTransform_float_3_3
Parameters: 0.999992 0.000990704 -0.00371133 -0.00105731 0.999839 -0.0179042 0.00369366 0.0179078 0.999833 -0.00232098 0.116959 -1.63209
FixedParameters: 0 0 0

#Transform 15
Transform: AffineTransform_float_3_3
Parameters: 0.999989 0.000987406 -0.00474603 -0.00106559 0.999862 -0.0165861 0.00472898 0.0165909 0.999851 -0.0104014 0.0126681 -1.50779
FixedParameters: 0 0 0

#Transform 16
Transform: AffineTransform_float_3_3
Parameters: 0.999989 0.000880332 -0.00475762 -0.000951673 0.999889 -0.0148716 0.00474437 0.0148764 0.999878 -0.00865992 -6.60236e-05 -1.36163
FixedParameters: 0 0 0

#Transform 17
Transform: AffineTransform_float_3_3
Parameters: 0.999988 0.00323765 -0.00368425 -0.00328434 0.999914 -0.0126431 0.00364275 0.0126559 0.999914 -0.0423858 -0.0396971 -0.995987
FixedParameters: 0 0 0

#Transform 18
Transform: AffineTransform_float_3_3
Parameters: 0.999999 0.00091732 0.000249826 -0.000917679 0.999999 -0.00128023 -0.000251175 0.00127977 0.999999 -0.0520435 0.0459659 -0.203613
FixedParameters: 0 0 0

#Transform 19
Transform: AffineTransform_float_3_3
Parameters: 1 -4.70117e-05 6.79919e-05 4.69883e-05 1 0.000172003 -6.80081e-05 -0.000171997 1 0.0251549 -0.0695807 -0.0737674
FixedParameters: 0 0 0

#Transform 20
Transform: AffineTransform_float_3_3
Parameters: 1 0.000137004 6.79927e-05 -0.000136996 1 -5.30093e-05 -6.80073e-05 5.29907e-05 1 0.00525121 -0.0140762 -0.012378
FixedParameters: 0 0 0

#Transform 21
Transform: AffineTransform_float_3_3
Parameters: 1 0.000565438 -0.000815696 -0.000564562 0.999999 0.00053746 0.000816303 -0.000536538 0.999999 -0.0093885 0.0219675 -0.00655355
FixedParameters: 0 0 0

#Transform 22
Transform: AffineTransform_float_3_3
Parameters: 0.999998 0.000902355 -0.00141113 -0.000900644 0.999999 0.000961272 0.00141186 -0.000959727 0.999998 -0.0221432 0.0415093 0.00265704
FixedParameters: 0 0 0

#Transform 23
Transform: AffineTransform_float_3_3
Parameters: 0.999998 0.000663964 -0.00152458 -0.000663035 0.999999 0.000633011 0.00152442 -0.000631988 0.999998 -0.0189598 0.0168206 -0.0392372
FixedParameters: 0 0 0

#Transform 24
Transform: AffineTransform_float_3_3
Parameters: 0.999999 0.00104415 -0.00152421 -0.00104385 0.999999 0.000756592 0.00152479 -0.000755409 0.999998 -0.044777 0.0596016 -0.052596
FixedParameters: 0 0 0

#Transform 25
Transform: AffineTransform_float_3_3
Parameters: 0.999996 0.00104375 -0.00266671 -0.00104325 1 0.000282783 0.00266729 -0.000279217 0.999997 -0.0184963 0.0376447 -0.0870862
FixedParameters: 0 0 0

#Transform 26
Transform: AffineTransform_float_3_3
Parameters: 0.999998 0.00104469 -0.00209016 -0.00104332 0.999999 0.000807183 0.00209084 -0.000805818 0.999998 -0.0321163 -0.0373061 0.0256897
FixedParameters: 0 0 0

#Transform 27
Transform: AffineTransform_float_3_3
Parameters: 0.999999 0.000339532 -0.000911692 -0.000335471 0.999993 0.00387131 0.000912305 -0.00387169 0.999992 -0.0729971 -0.00872036 -0.0385091
FixedParameters: 0 0 0

#Transform 28
Transform: AffineTransform_float_3_3
Parameters: 1 0.000102201 -0.000428715 -0.000100798 0.999996 0.00280104 0.000429284 -0.00280096 0.999996 -0.0423628 -0.011796 0.17343
FixedParameters: 0 0 0

#Transform 29
Transform: AffineTransform_float_3_3
Parameters: 1 8.26503e-05 -0.000451881 -8.23495e-05 0.999999 0.00143904 0.000452119 -0.00143896 0.999999 -0.0526912 -0.0196628 0.148167
FixedParameters: 0 0 0

#Transform 30
Transform: AffineTransform_float_3_3
Parameters: 0.999999 0.000432237 -0.000933427 -0.000430762 0.999999 0.0013254 0.000934571 -0.0013246 0.999998 -0.060341 0.00665389 0.154073
FixedParameters: 0 0 0

#Transform 31
Transform: AffineTransform_float_3_3
Parameters: 0.999988 0.0024835 -0.00438582 -0.0024985 0.99999 -0.00353309 0.00437719 0.00354391 0.999984 0.0755283 0.00854746 -0.0256575
FixedParameters: 0 0 0

#Transform 32
Transform: AffineTransform_float_3_3
Parameters: 0.999814 -0.00366609 0.0189715 0.00316193 0.999643 0.0265329 -0.0190615 -0.0264681 0.999468 1.07567 0.641254 2.30153
FixedParameters: 0 0 0

#Transform 33
Transform: AffineTransform_float_3_3
Parameters: 0.999988 -0.00182472 0.0043806 0.00176029 0.99989 0.0147319 -0.0044064 -0.0147241 0.999882 0.354225 0.170053 1.18657
FixedParameters: 0 0 0

#Transform 34
Transform: AffineTransform_float_3_3
Parameters: 0.99999 -0.0013064 0.00441442 0.00124861 0.999915 0.0129806 -0.00443058 -0.0129753 0.999906 0.304747 0.109255 1.07303
FixedParameters: 0 0 0

#Transform 35
Transform: AffineTransform_float_3_3
Parameters: 0.999991 -0.00146237 0.00394492 0.00140663 0.999901 0.0140017 -0.00396508 -0.0139953 0.999894 0.300105 0.123238 1.10293
FixedParameters: 0 0 0

#Transform 36
Transform: AffineTransform_float_3_3
Parameters: 0.999993 -0.00153727 0.00346715 0.00148674 0.999895 0.0144533 -0.00348885 -0.0144487 0.999889 0.29954 0.143289 1.11924
FixedParameters: 0 0 0

#Transform 37
Transform: AffineTransform_float_3_3
Parameters: 0.999997 2.59857e-05 0.00247129 -4.60117e-05 0.999967 0.00809891 -0.00247071 -0.00809909 0.999964 0.276514 0.107448 0.782119
FixedParameters: 0 0 0

#Transform 38
Transform: AffineTransform_float_3_3
Parameters: 0.99966 0.0260622 -0.000979523 -0.0260767 0.999443 -0.0207955 0.00043647 0.0208145 0.999784 -0.535752 -0.187507 0.22526
FixedParameters: 0 0 0

#Transform 39
Transform: AffineTransform_float_3_3
Parameters: 0.999948 0.00720916 -0.00729761 -0.00723885 0.999966 -0.00407239 0.0072674 0.00412461 0.999965 0.069822 -0.160041 0.316161
FixedParameters: 0 0 0

#Transform 40
Transform: AffineTransform_float_3_3
Parameters: 0.999966 0.00777924 0.00270958 -0.00783275 0.99976 0.0204305 -0.00254943 -0.0204505 0.999787 0.102476 0.306251 1.57573
FixedParameters: 0 0 0

#Transform 41
Transform: AffineTransform_float_3_3
Parameters: 0.999984 0.00545834 0.000878404 -0.00546466 0.999955 0.00776132 -0.000836601 -0.00776569 0.99997 0.0242154 0.122886 0.643733
FixedParameters: 0 0 0

#Transform 42
Transform: AffineTransform_float_3_3
Parameters: 0.999984 0.00561128 -0.000963526 -0.00560472 0.999957 0.00739852 0.00100448 -0.00739348 0.999972 0.00374311 0.0557655 0.533056
FixedParameters: 0 0 0

#Transform 43
Transform: AffineTransform_float_3_3
Parameters: 0.999982 0.00587556 -0.00139731 -0.00586543 0.999955 0.00744733 0.0014417 -0.00743867 0.999972 -0.0236284 0.0902172 0.540966
FixedParameters: 0 0 0

#Transform 44
Transform: AffineTransform_float_3_3
Parameters: 0.999983 0.00570464 -0.00168582 -0.00569237 0.999957 0.00740673 0.00172818 -0.00739728 0.999971 0.00367645 0.0960699 0.513941
FixedParameters: 0 0 0

#Transform 45
Transform: AffineTransform_float_3_3
Parameters: 0.999981 0.00570894 -0.00225457 -0.00569206 0.999956 0.00744897 0.00229743 -0.00743602 0.999969 0.005202 0.0957829 0.48006
FixedParameters: 0 0 0

#Transform 46
Transform: AffineTransform_float_3_3
Parameters: 0.999982 0.00534605 -0.00278586 -0.00532595 0.99996 0.00715597 0.00282415 -0.00714104 0.999971 0.00792669 0.0916017 0.442845
FixedParameters: 0 0 0

#Transform 47
Transform: AffineTransform_float_3_3
Parameters: 0.999983 0.00525792 -0.00277371 -0.00523709 0.999958 0.00749466 0.00281329 -0.00748034 0.999968 0.0150541 0.14962 0.45204
FixedParameters: 0 0 0

#Transform 48
Transform: AffineTransform_float_3_3
Parameters: 0.999983 0.00525663 -0.00272649 -0.00523738 0.99996 0.0071554 0.00276351 -0.00714159 0.99997 0.022982 0.0957625 0.423634
FixedParameters: 0 0 0

#Transform 49
Transform: AffineTransform_float_3_3
Parameters: 0.999982 0.00525777 -0.00281252 -0.00523724 0.99996 0.00733986 0.00285148 -0.00732514 0.999969 0.0183843 0.0836217 0.412261
FixedParameters: 0 0 0

#Transform 50
Transform: AffineTransform_float_3_3
Parameters: 0.99998 0.00563895 -0.00293927 -0.00561705 0.999956 0.00742366 0.00298073 -0.00740634 0.999968 0.00915015 0.11184 0.399097
FixedParameters: 0 0 0

#Transform 51
Transform: AffineTransform_float_3_3
Parameters: 0.999982 0.00576435 -0.00194702 -0.00575065 0.999957 0.00729733 0.00198899 -0.00728666 0.999971 0.00313587 0.0817816 0.404636
FixedParameters: 0 0 0

#Transform 52
Transform: AffineTransform_float_3_3
Parameters: 0.99998 0.00563981 -0.0030257 -0.0056182 0.999959 0.00716715 0.0030663 -0.00714986 0.999969 0.0091557 0.0562003 0.425357
FixedParameters: 0 0 0

#Transform 53
Transform: AffineTransform_float_3_3
Parameters: 0.999982 0.00525744 -0.00313801 -0.00523657 0.999966 0.00648556 0.00317198 -0.00646845 0.999974 0.0196872 0.10759 0.345443
FixedParameters: 0 0 0

#Transform 54
Transform: AffineTransform_float_3_3
Parameters: 0.999982 0.00524798 -0.00314676 -0.00523702 0.99998 0.00348855 0.00316424 -0.00347146 0.999989 -0.0292376 0.152999 -0.0637149
FixedParameters: 0 0 0

#Transform 55
Transform: AffineTransform_float_3_3
Parameters: 0.99998 0.00553922 -0.00325964 -0.00552578 0.999976 0.00405109 0.00328136 -0.0040329 0.999986 -0.0547453 0.0979301 -0.31669
FixedParameters: 0 0 0

#Transform 56
Transform: AffineTransform_float_3_3
Parameters: 0.999981 0.00524958 -0.00327894 -0.00523742 0.999979 0.00383425 0.00329907 -0.00381776 0.999988 -0.058754 0.0807014 -0.125868
FixedParameters: 0 0 0

#Transform 57
Transform: AffineTransform_float_3_3
Parameters: 0.99998 0.00533833 -0.00359587 -0.00532167 0.999975 0.00453623 0.00362013 -0.00451677 0.999983 -0.0623875 0.16919 -0.124104
FixedParameters: 0 0 0

#Transform 58
Transform: AffineTransform_float_3_3
Parameters: 0.999974 0.00595187 -0.00410017 -0.00593412 0.999973 0.00435844 0.00412583 -0.00433356 0.999982 -0.0616922 0.100877 -0.071021
FixedParameters: 0 0 0

#Transform 59
Transform: AffineTransform_float_3_3
Parameters: 0.99997 0.00633594 -0.00446365 -0.00631806 0.999972 0.00402032 0.00448935 -0.00399268 0.999982 -0.107781 0.131009 -0.119445
FixedParameters: 0 0 0

#Transform 60
Transform: AffineTransform_float_3_3
Parameters: 0.999965 0.00653602 -0.00507734 -0.00651598 0.999971 0.00394922 0.00510366 -0.00391578 0.99998 -0.110722 0.147969 -0.165421
FixedParameters: 0 0 0

#Transform 61
Transform: AffineTransform_float_3_3
Parameters: 0.999966 0.00653555 -0.00499653 -0.00651546 0.999971 0.00391869 0.00502147 -0.00388631 0.99998 -0.118193 0.204475 -0.137414
FixedParameters: 0 0 0

#Transform 62
Transform: AffineTransform_float_3_3
Parameters: 0.999965 0.00653346 -0.0050987 -0.00651553 0.999973 0.00343434 0.00512129 -0.00340066 0.999981 -0.129864 0.201551 -0.0956358
FixedParameters: 0 0 0

#Transform 63
Transform: AffineTransform_float_3_3
Parameters: 0.99997 0.00653291 -0.00416257 -0.00651608 0.99997 0.00406524 0.00418943 -0.00403775 0.999983 -0.152068 0.176746 -0.0679352
FixedParameters: 0 0 0

#Transform 64
Transform: AffineTransform_float_3_3
Parameters: 0.999969 0.00600257 -0.004955 -0.00598643 0.999977 0.00335177 0.004975 -0.00332224 0.999982 -0.147465 0.0880302 0.0072206
FixedParameters: 0 0 0

#Transform 65
Transform: AffineTransform_float_3_3
Parameters: 0.999973 0.00566749 -0.00452342 -0.00565151 0.999978 0.00364866 0.00454458 -0.00362334 0.999983 -0.119928 0.222127 -0.0617472
FixedParameters: 0 0 0

#Transform 66
Transform: AffineTransform_float_3_3
Parameters: 0.999974 0.00583249 -0.00427164 -0.00581851 0.999978 0.00316394 0.00428936 -0.00313906 0.999986 -0.122821 0.169622 -0.0453584
FixedParameters: 0 0 0

#Transform 67
Transform: AffineTransform_float_3_3
Parameters: 0.999974 0.00594042 -0.00411338 -0.00592357 0.999974 0.00399347 0.00413762 -0.00396952 0.999983 -0.130032 0.139327 -0.0239447
FixedParameters: 0 0 0

#Transform 68
Transform: AffineTransform_float_3_3
Parameters: 0.999973 0.00594023 -0.00429364 -0.00592378 0.999976 0.00378154 0.00431536 -0.00375647 0.999983 -0.128773 0.147548 -0.0607546
FixedParameters: 0 0 0

#Transform 69
Transform: AffineTransform_float_3_3
Parameters: 0.999973 0.00594064 -0.0043745 -0.00592337 0.999975 0.00380602 0.0043965 -0.00377999 0.999983 -0.13123 0.183911 0.015334
FixedParameters: 0 0 0

#Transform 70
Transform: AffineTransform_float_3_3
Parameters: 0.999972 0.00581281 -0.004734 -0.00579419 0.999976 0.00397754 0.00475701 -0.00395046 0.999981 -0.13925 0.183806 -0.00775395
FixedParameters: 0 0 0

#Transform 71
Transform: AffineTransform_float_3_3
Parameters: 0.999973 0.00541928 -0.00482354 -0.00540072 0.999978 0.00379515 0.00484346 -0.00376885 0.999981 -0.130347 0.164673 -0.0232938
FixedParameters: 0 0 0

#Transform 72
Transform: AffineTransform_float_3_3
Parameters: 0.999974 0.00568533 -0.00445926 -0.00566867 0.999977 0.00366538 0.00448074 -0.00364062 0.999984 -0.120009 0.136483 -0.0145235
FixedParameters: 0 0 0

#Transform 73
Transform: AffineTransform_float_3_3
Parameters: 0.999973 0.00594169 -0.00447662 -0.00592331 0.999974 0.00395463 0.00449939 -0.00392837 0.999982 -0.125001 0.184545 -0.0231789
FixedParameters: 0 0 0

#Transform 74
Transform: AffineTransform_float_3_3
Parameters: 0.999975 0.00593881 -0.00371442 -0.00592418 0.999974 0.0039861 0.00373758 -0.0039639 0.999985 -0.129895 0.166566 -0.035625
FixedParameters: 0 0 0

#Transform 75
Transform: AffineTransform_float_3_3
Parameters: 0.999974 0.0055236 -0.00462927 -0.0055074 0.999979 0.00359059 0.00464974 -0.00356541 0.999983 -0.126716 0.183198 -0.0241565
FixedParameters: 0 0 0

#Transform 76
Transform: AffineTransform_float_3_3
Parameters: 0.999975 0.00558351 -0.00435291 -0.00556649 0.999978 0.00379533 0.00437409 -0.00377067 0.999984 -0.132662 0.149272 0.00796956
FixedParameters: 0 0 0

#Transform 77
Transform: AffineTransform_float_3_3
Parameters: 0.999976 0.00547958 -0.00440925 -0.00546243 0.999977 0.00398819 0.00443076 -0.00396382 0.999983 -0.129613 0.15239 -0.0226556
FixedParameters: 0 0 0

#Transform 78
Transform: AffineTransform_float_3_3
Parameters: 0.999975 0.00549557 -0.00439762 -0.00547943 0.999978 0.00354418 0.00441638 -0.00351982 0.999984 -0.129829 0.209512 -0.0293693
FixedParameters: 0 0 0

#Transform 79
Transform: AffineTransform_float_3_3
Parameters: 0.999975 0.00601557 -0.00371472 -0.00600243 0.999977 0.00338538 0.00373527 -0.00336262 0.999988 -0.145235 0.183869 -0.0155545
FixedParameters: 0 0 0

#Transform 80
Transform: AffineTransform_float_3_3
Parameters: 0.999975 0.00577149 -0.00403738 -0.00575752 0.999977 0.00358934 0.00405863 -0.00356667 0.999986 -0.135843 0.159111 -0.0298704
FixedParameters: 0 0 0

#Transform 81
Transform: AffineTransform_float_3_3
Parameters: 0.999978 0.00527851 -0.00385577 -0.00526048 0.999974 0.00479738 0.00388122 -0.00477661 0.999981 -0.125704 0.170814 -0.0695892
FixedParameters: 0 0 0

#Transform 82
Transform: AffineTransform_float_3_3
Parameters: 0.999979 0.00502149 -0.00405723 -0.00500251 0.999977 0.00455439 0.00407978 -0.00453361 0.999982 -0.106447 0.187514 -0.0425433
FixedParameters: 0 0 0

#Transform 83
Transform: AffineTransform_float_3_3
Parameters: 0.999979 0.00502201 -0.00392379 -0.00500299 0.999976 0.00483973 0.00394721 -0.00482027 0.99998 -0.105485 0.197891 -0.014165
FixedParameters: 0 0 0

#Transform 84
Transform: AffineTransform_float_3_3
Parameters: 0.999982 0.00501844 -0.00323618 -0.00500256 0.999976 0.00476128 0.00325982 -0.00474573 0.999984 -0.101586 0.12708 -0.0297379
FixedParameters: 0 0 0

#Transform 85
Transform: AffineTransform_float_3_3
Parameters: 0.999982 0.00475282 -0.00365251 -0.00473719 0.99998 0.00432638 0.00367349 -0.00430862 0.999984 -0.0885221 0.130147 -0.0472832
FixedParameters: 0 0 0

#Transform 86
Transform: AffineTransform_float_3_3
Parameters: 0.99998 0.00501985 -0.00382196 -0.00500214 0.999978 0.0044072 0.00384403 -0.00438779 0.999983 -0.0998977 0.143463 -0.033107
FixedParameters: 0 0 0

#Transform 87
Transform: AffineTransform_float_3_3
Parameters: 0.999982 0.00481087 -0.00365389 -0.00479413 0.999978 0.0046116 0.00367611 -0.0045944 0.999982 -0.0949482 0.162737 -0.01213
FixedParameters: 0 0 0

#Transform 88
Transform: AffineTransform_float_3_3
Parameters: 0.99998 0.00502197 -0.00365305 -0.00500202 0.999974 0.00518537 0.00367894 -0.00516662 0.99998 -0.100567 0.125646 -0.00549762
FixedParameters: 0 0 0

#Transform 89
Transform: AffineTransform_float_3_3
Parameters: 0.999983 0.00461803 -0.00368778 -0.00460097 0.999979 0.00461204 0.00370922 -0.00459495 0.999982 -0.0896293 0.191024 -0.0285624
FixedParameters: 0 0 0

#Transform 90
Transform: AffineTransform_float_3_3
Parameters: 0.999982 0.00462039 -0.00385085 -0.00460061 0.999977 0.00502881 0.00387414 -0.00501119 0.99998 -0.0892736 0.18666 -0.0173069
FixedParameters: 0 0 0

#Transform 91
Transform: AffineTransform_float_3_3
Parameters: 0.999981 0.00480793 -0.00382786 -0.00478707 0.999973 0.00545742 0.00385414 -0.00543957 0.999978 -0.101488 0.128861 0.0222101
FixedParameters: 0 0 0

#Transform 92
Transform: AffineTransform_float_3_3
Parameters: 0.999981 0.00461949 -0.0039002 -0.00460151 0.999978 0.00473704 0.0039218 -0.00471897 0.999981 -0.0896694 0.111349 0.0224431
FixedParameters: 0 0 0

#Transform 93
Transform: AffineTransform_float_3_3
Parameters: 0.999981 0.00469652 -0.00382458 -0.00467847 0.999978 0.00457898 0.00384642 -0.00456102 0.999982 -0.102743 0.171483 0.0298204
FixedParameters: 0 0 0

#Transform 94
Transform: AffineTransform_float_3_3
Parameters: 0.999983 0.00444825 -0.0038009 -0.00443075 0.99998 0.00453492 0.00382109 -0.00451808 0.999982 -0.108615 0.144925 0.0271213
FixedParameters: 0 0 0

#Transform 95
Transform: AffineTransform_float_3_3
Parameters: 0.99998 0.00462015 -0.00417892 -0.00460085 0.999979 0.00458031 0.00420007 -0.00456168 0.999981 -0.104852 0.173113 0.00158975
FixedParameters: 0 0 0

#Transform 96
Transform: AffineTransform_float_3_3
Parameters: 0.999981 0.00462053 -0.00412121 -0.00460147 0.999978 0.00473606 0.0041428 -0.00471695 0.999981 -0.098459 0.17131 -0.0112631
FixedParameters: 0 0 0

#Transform 97
Transform: AffineTransform_float_3_3
Parameters: 0.99998 0.00461855 -0.00419174 -0.00460144 0.99998 0.00418837 0.00421026 -0.00416864 0.999983 -0.105087 0.177665 0.00923798
FixedParameters: 0 0 0

#Transform 98
Transform: AffineTransform_float_3_3
Parameters: 0.999982 0.00472869 -0.00370654 -0.00471131 0.999977 0.00476755 0.00372846 -0.00475045 0.999982 -0.103693 0.139521 0.0402228
FixedParameters: 0 0 0

#Transform 99
Transform: AffineTransform_float_3_3
Parameters: 0.999985 0.00461103 -0.00315539 -0.00460097 0.999985 0.00317857 0.00316961 -0.00316344 0.99999 -0.111131 0.306887 -0.404407
FixedParameters: 0 0 0

#Transform 100
Transform: AffineTransform_float_3_3
Parameters: 0.999991 0.00393159 -0.00168379 -0.00392241 0.999977 0.00565966 0.00170621 -0.00565334 0.999982 -0.150394 0.195431 -0.162073
FixedParameters: 0 0 0

#Transform 101
Transform: AffineTransform_float_3_3
Parameters: 0.999991 0.00392709 -0.00148072 -0.00391891 0.999977 0.00542685 0.00150228 -0.00542115 0.999984 -0.154972 0.12987 -0.0748119
FixedParameters: 0 0 0

#Transform 102
Transform: AffineTransform_float_3_3
Parameters: 0.999989 0.00351212 -0.00291928 -0.00349888 0.999984 0.00448826 0.00293471 -0.00447774 0.999985 -0.128589 0.218814 -0.0980219
FixedParameters: 0 0 0

#Transform 103
Transform: AffineTransform_float_3_3
Parameters: 0.999989 0.00351617 -0.00310567 -0.00349884 0.999978 0.00551592 0.00312433 -0.00550507 0.99998 -0.115662 0.255034 -0.149575
FixedParameters: 0 0 0

#Transform 104
Transform: AffineTransform_float_3_3
Parameters: 0.999989 0.00351817 -0.00312958 -0.00349883 0.999975 0.00611102 0.00315042 -0.00609999 0.999977 -0.10891 0.225458 -0.164148
FixedParameters: 0 0 0

#Transform 105
Transform: AffineTransform_float_3_3
Parameters: 0.99999 0.00326123 -0.00327397 -0.00324077 0.999975 0.00616567 0.00329402 -0.00615432 0.999975 -0.104935 0.215614 -0.208265
FixedParameters: 0 0 0

#Transform 106
Transform: AffineTransform_float_3_3
Parameters: 0.99999 0.00311745 -0.00340339 -0.00309756 0.999977 0.00599661 0.00342162 -0.0059864 0.999976 -0.0887166 0.240101 -0.234724
FixedParameters: 0 0 0

#Transform 107
Transform: AffineTransform_float_3_3
Parameters: 0.999988 0.00352285 -0.00353842 -0.00349916 0.999972 0.00672347 0.00356159 -0.00671054 0.999971 -0.0914329 0.223883 -0.238792
FixedParameters: 0 0 0

#Transform 108
Transform: AffineTransform_float_3_3
Parameters: 0.999977 0.00491466 -0.00482705 -0.00489234 0.999978 0.00448872 0.00484896 -0.00446528 0.999979 -0.103542 0.234302 -0.377934
FixedParameters: 0 0 0

#Transform 109
Transform: AffineTransform_float_3_3
Parameters: 0.999967 0.00462506 -0.00666054 -0.00459394 0.999978 0.00467075 0.00668246 -0.00464024 0.999967 -0.12798 0.296692 -0.7569
FixedParameters: 0 0 0

#Transform 110
Transform: AffineTransform_float_3_3
Parameters: 0.999973 0.00453567 -0.00577304 -0.00450533 0.999975 0.00531415 0.00579697 -0.00528785 0.999969 -0.0784849 0.223686 -0.534496
FixedParameters: 0 0 0

#Transform 111
Transform: AffineTransform_float_3_3
Parameters: 0.999973 0.00411739 -0.00600123 -0.00408361 0.999976 0.00556465 0.00602476 -0.00554034 0.999966 -0.0819728 0.241637 -0.512562
FixedParameters: 0 0 0

#Transform 112
Transform: AffineTransform_float_3_3
Parameters: 0.999974 0.00379243 -0.00616316 -0.00375956 0.999979 0.00526531 0.00618384 -0.00524169 0.999967 -0.0581843 0.257522 -0.528031
FixedParameters: 0 0 0

#Transform 113
Transform: AffineTransform_float_3_3
Parameters: 0.999974 0.00411018 -0.00592449 -0.00407882 0.999978 0.0052653 0.00594551 -0.0052407 0.999968 -0.0670218 0.277016 -0.517092
FixedParameters: 0 0 0

#Transform 114
Transform: AffineTransform_float_3_3
Parameters: 0.999972 0.00411453 -0.00635715 -0.00407947 0.999976 0.0055911 0.00638086 -0.00556491 0.999964 -0.0799181 0.251546 -0.504592
FixedParameters: 0 0 0

#Transform 115
Transform: AffineTransform_float_3_3
Parameters: 0.99997 0.00411677 -0.00664174 -0.00407924 0.999976 0.00568927 0.00666526 -0.00566174 0.999962 -0.081054 0.229429 -0.503272
FixedParameters: 0 0 0

#Transform 116
Transform: AffineTransform_float_3_3
Parameters: 0.99996 0.00454909 -0.00762758 -0.0045129 0.999978 0.00474261 0.00764941 -0.00470838 0.999959 -0.120285 0.265501 -0.520444
FixedParameters: 0 0 0

#Transform 117
Transform: AffineTransform_float_3_3
Parameters: 0.999964 0.00447407 -0.00723036 -0.00443392 0.999975 0.00554926 0.00725465 -0.00551674 0.999959 -0.132043 0.230679 -0.488637
FixedParameters: 0 0 0

#Transform 118
Transform: AffineTransform_float_3_3
Parameters: 0.999961 0.00413783 -0.00777297 -0.00407917 0.999963 0.007569 0.00780404 -0.007537 0.999941 -0.110435 0.310597 -0.423205
FixedParameters: 0 0 0

#Transform 119
Transform: AffineTransform_float_3_3
Parameters: 0.999969 0.00426326 -0.00663248 -0.00421673 0.999967 0.00697418 0.00666251 -0.00694581 0.999953 -0.11519 0.237504 -0.361773
FixedParameters: 0 0 0

#Transform 120
Transform: AffineTransform_float_3_3
Parameters: 0.999968 0.00429628 -0.00674525 -0.00425472 0.999972 0.0062699 0.00677275 -0.0062411 0.999957 -0.108911 0.175559 -0.344039
FixedParameters: 0 0 0

#Transform 121
Transform: AffineTransform_float_3_3
Parameters: 0.999966 0.00429854 -0.00700989 -0.00425446 0.999971 0.00635604 0.00703712 -0.00632596 0.999955 -0.116205 0.209206 -0.345517
FixedParameters: 0 0 0

#Transform 122
Transform: AffineTransform_float_3_3
Parameters: 0.99997 0.00429368 -0.0065602 -0.00425432 0.999972 0.00605109 0.00658581 -0.00602291 0.99996 -0.109089 0.224401 -0.356099
FixedParameters: 0 0 0

#Transform 123
Transform: AffineTransform_float_3_3
Parameters: 0.999967 0.00413563 -0.00690989 -0.00408936 0.99997 0.00660547 0.0069371 -0.00657652 0.999955 -0.104307 0.227302 -0.321976
FixedParameters: 0 0 0

#Transform 124
Transform: AffineTransform_float_3_3
Parameters: 0.999941 0.0059305 -0.00909557 -0.00588251 0.999969 0.00534882 0.00912744 -0.00529519 0.999945 -0.0922587 0.227856 -0.340483
FixedParameters: 0 0 0

#Transform 125
Transform: AffineTransform_float_3_3
Parameters: 0.999902 0.00841508 -0.0111324 -0.00841691 0.999964 -0.000125311 0.0111305 0.000218686 0.999938 -0.31042 0.314149 -0.863977
FixedParameters: 0 0 0

#Transform 126
Transform: AffineTransform_float_3_3
Parameters: 0.999935 0.00605724 -0.00964501 -0.00600675 0.999967 0.00533328 0.009677 -0.00527473 0.99994 -0.30576 0.245032 -0.946018
FixedParameters: 0 0 0

#Transform 127
Transform: AffineTransform_float_3_3
Parameters: 0.999946 0.00585796 -0.00856277 -0.00581505 0.999971 0.00503306 0.00859223 -0.00498294 0.99995 -0.285121 0.147229 -0.780288
FixedParameters: 0 0 0

#Transform 128
Transform: AffineTransform_float_3_3
Parameters: 0.99995 0.00548837 -0.0084333 -0.00544464 0.999972 0.00527519 0.00846172 -0.00522883 0.999951 -0.276397 0.244088 -0.666963
FixedParameters: 0 0 0

#Transform 129
Transform: AffineTransform_float_3_3
Parameters: 0.999948 0.00553412 -0.00863127 -0.00547788 0.999964 0.00651262 0.00866672 -0.00646437 0.999941 -0.276654 0.302946 -0.635055
FixedParameters: 0 0 0

#Transform 130
Transform: AffineTransform_float_3_3
Parameters: 0.999945 0.00587061 -0.00861535 -0.00581138 0.99996 0.00681243 0.00865564 -0.00676255 0.999939 -0.28594 0.206253 -0.626795
FixedParameters: 0 0 0

#Transform 131
Transform: AffineTransform_float_3_3
Parameters: 0.999948 0.00541775 -0.00864779 -0.00536625 0.999967 0.00599571 0.0086802 -0.00594928 0.999944 -0.27341 0.329977 -0.668673
FixedParameters: 0 0 0

#Transform 132
Transform: AffineTransform_float_3_3
Parameters: 0.999949 0.00569949 -0.00842037 -0.00563951 0.999959 0.00718986 0.00846163 -0.00714214 0.999938 -0.281096 0.282956 -0.679234
FixedParameters: 0 0 0

#Transform 133
Transform: AffineTransform_float_3_3
Parameters: 0.999947 0.00553685 -0.0087523 -0.00548014 0.999964 0.00650632 0.00878871 -0.00645769 0.999941 -0.275932 0.278655 -0.707012
FixedParameters: 0 0 0

#Transform 134
Transform: AffineTransform_float_3_3
Parameters: 0.999947 0.00542564 -0.00874428 -0.00536637 0.999963 0.00682929 0.00878073 -0.00678172 0.999939 -0.273195 0.289208 -0.687137
FixedParameters: 0 0 0

#Transform 135
Transform: AffineTransform_float_3_3
Parameters: 0.999949 0.00542776 -0.00858024 -0.00536623 0.999959 0.00720541 0.00861977 -0.00715858 0.999937 -0.274093 0.226827 -0.665685
FixedParameters: 0 0 0

#Transform 136
Transform: AffineTransform_float_3_3
Parameters: 0.99995 0.0054256 -0.00845506 -0.0053654 0.99996 0.00705572 0.00849295 -0.00701027 0.99994 -0.274488 0.258488 -0.641244
FixedParameters: 0 0 0

#Transform 137
Transform: AffineTransform_float_3_3
Parameters: 0.99995 0.00542822 -0.00832475 -0.00536577 0.999957 0.00747904 0.00836524 -0.00743396 0.999938 -0.275343 0.277573 -0.581273
FixedParameters: 0 0 0

#Transform 138
Transform: AffineTransform_float_3_3
Parameters: 0.999952 0.00568495 -0.00791788 -0.00562304 0.999953 0.00782489 0.00796211 -0.0077801 0.999938 -0.267955 0.183886 -0.516223
FixedParameters: 0 0 0

#Transform 139
Transform: AffineTransform_float_3_3
Parameters: 0.999954 0.00542366 -0.00792284 -0.00536634 0.999959 0.00728085 0.00796217 -0.00723815 0.999942 -0.2483 0.250334 -0.512621
FixedParameters: 0 0 0

#Transform 140
Transform: AffineTransform_float_3_3
Parameters: 0.999959 0.00542386 -0.00724504 -0.00536614 0.999953 0.0079822 0.00728796 -0.00794279 0.999942 -0.253964 0.285374 -0.47175
FixedParameters: 0 0 0

#Transform 141
Transform: AffineTransform_float_3_3
Parameters: 0.999956 0.00519825 -0.0078156 -0.00513674 0.999956 0.00783749 0.00785639 -0.0077965 0.999938 -0.254924 0.238964 -0.489554
FixedParameters: 0 0 0

#Transform 142
Transform: AffineTransform_float_3_3
Parameters: 0.999957 0.00528742 -0.00769856 -0.00523059 0.99996 0.00732959 0.00773744 -0.00728941 0.999943 -0.268531 0.287625 -0.452123
FixedParameters: 0 0 0

#Transform 143
Transform: AffineTransform_float_3_3
Parameters: 0.999959 0.00542295 -0.00715921 -0.00536605 0.999954 0.00795074 0.00720178 -0.00791126 0.999943 -0.265315 0.250806 -0.470635
FixedParameters: 0 0 0

#Transform 144
Transform: AffineTransform_float_3_3
Parameters: 0.999959 0.00542247 -0.00727927 -0.00536552 0.999955 0.00775538 0.00732073 -0.00771562 0.999944 -0.260378 0.225411 -0.453622
FixedParameters: 0 0 0

#Transform 145
Transform: AffineTransform_float_3_3
Parameters: 0.999957 0.0054241 -0.00752345 -0.00536591 0.999956 0.0077207 0.00756455 -0.0076803 0.999942 -0.255594 0.286244 -0.485893
FixedParameters: 0 0 0

#Transform 146
Transform: AffineTransform_float_3_3
Parameters: 0.999955 0.00553238 -0.00779369 -0.00546762 0.999951 0.00825799 0.0078393 -0.008215 0.999935 -0.26032 0.267528 -0.479237
FixedParameters: 0 0 0

#Transform 147
Transform: AffineTransform_float_3_3
Parameters: 0.999955 0.00542719 -0.0078591 -0.00536582 0.999956 0.00778553 0.0079009 -0.00774347 0.999939 -0.253356 0.304727 -0.493184
FixedParameters: 0 0 0

#Transform 148
Transform: AffineTransform_float_3_3
Parameters: 0.999955 0.00542662 -0.00768656 -0.00536638 0.999955 0.0078856 0.00772944 -0.00784341 0.99994 -0.258418 0.274108 -0.482887
FixedParameters: 0 0 0

#Transform 149
Transform: AffineTransform_float_3_3
Parameters: 0.999954 0.00543354 -0.00797541 -0.00536546 0.99995 0.00846519 0.0080216 -0.00842181 0.999933 -0.259588 0.2865 -0.454472
FixedParameters: 0 0 0

#Transform 150
Transform: AffineTransform_float_3_3
Parameters: 0.999958 0.00542766 -0.00737602 -0.00536634 0.99995 0.00835393 0.00742098 -0.00831407 0.999938 -0.263177 0.265494 -0.472172
FixedParameters: 0 0 0

#Transform 151
Transform: AffineTransform_float_3_3
Parameters: 0.999954 0.00543018 -0.00791132 -0.00536581 0.999952 0.00811182 0.00795567 -0.00806917 0.999936 -0.264141 0.252682 -0.463499
FixedParameters: 0 0 0

#Transform 152
Transform: AffineTransform_float_3_3
Parameters: 0.999956 0.00543254 -0.00766125 -0.00536547 0.999948 0.00867849 0.00770774 -0.00863751 0.999933 -0.278162 0.309122 -0.42552
FixedParameters: 0 0 0

#Transform 153
Transform: AffineTransform_float_3_3
Parameters: 0.999957 0.00515395 -0.00763086 -0.00508804 0.99995 0.00863719 0.00767513 -0.0085978 0.999933 -0.271255 0.269552 -0.437382
FixedParameters: 0 0 0

#Transform 154
Transform: AffineTransform_float_3_3
Parameters: 0.999957 0.00507104 -0.00767477 -0.00500497 0.999951 0.00859878 0.00771822 -0.00856022 0.999933 -0.263888 0.294229 -0.438211
FixedParameters: 0 0 0

#Transform 155
Transform: AffineTransform_float_3_3
Parameters: 0.999956 0.00530267 -0.00764417 -0.00523632 0.999949 0.00871641 0.00768982 -0.0086756 0.999933 -0.275024 0.288622 -0.412807
FixedParameters: 0 0 0

#Transform 156
Transform: AffineTransform_float_3_3
Parameters: 0.999961 0.00520519 -0.00722821 -0.00514083 0.999948 0.00886951 0.00727379 -0.00883249 0.999934 -0.274337 0.256698 -0.359611
FixedParameters: 0 0 0

#Transform 157
Transform: AffineTransform_float_3_3
Parameters: 0.999959 0.00542556 -0.00722969 -0.00536645 0.999951 0.00823113 0.00727432 -0.00819287 0.99994 -0.279738 0.301944 -0.375008
FixedParameters: 0 0 0

#Transform 158
Transform: AffineTransform_float_3_3
Parameters: 0.999957 0.00543338 -0.00751373 -0.00536562 0.999946 0.0089587 0.00756226 -0.0089173 0.999931 -0.279215 0.268533 -0.359139
FixedParameters: 0 0 0

#Transform 159
Transform: AffineTransform_float_3_3
Parameters: 0.999958 0.00515251 -0.00766336 -0.00508649 0.99995 0.00854434 0.00770664 -0.00850465 0.999934 -0.271532 0.262669 -0.381706
FixedParameters: 0 0 0

#Transform 160
Transform: AffineTransform_float_3_3
Parameters: 0.999957 0.0049428 -0.00787609 -0.00487719 0.999953 0.00835178 0.00791791 -0.00831323 0.999934 -0.265388 0.288796 -0.389732
FixedParameters: 0 0 0

#Transform 161
Transform: AffineTransform_float_3_3
Parameters: 0.999958 0.00464453 -0.00784347 -0.00458347 0.999959 0.00771727 0.00787953 -0.00768172 0.99994 -0.25815 0.296672 -0.365945
FixedParameters: 0 0 0

#Transform 162
Transform: AffineTransform_float_3_3
Parameters: 0.999961 0.00511215 -0.00717412 -0.00505085 0.99995 0.00865457 0.00721789 -0.00861843 0.999937 -0.272145 0.265533 -0.339262
FixedParameters: 0 0 0

#Transform 163
Transform: AffineTransform_float_3_3
Parameters: 0.999958 0.00493853 -0.00763455 -0.00487646 0.999955 0.00805756 0.00767445 -0.00801943 0.999939 -0.251304 0.261697 -0.322871
FixedParameters: 0 0 0

#Transform 164
Transform: AffineTransform_float_3_3
Parameters: 0.999959 0.00493807 -0.00765294 -0.00487694 0.999957 0.00797766 0.00769206 -0.00794035 0.999939 -0.257229 0.285232 -0.317235
FixedParameters: 0 0 0

#Transform 165
Transform: AffineTransform_float_3_3
Parameters: 0.999964 0.00493095 -0.00682634 -0.00487704 0.999957 0.00789857 0.00686464 -0.00786443 0.999945 -0.269532 0.240956 -0.262801
FixedParameters: 0 0 0

#Transform 166
Transform: AffineTransform_float_3_3
Parameters: 0.999963 0.00493469 -0.0071435 -0.00487632 0.999956 0.00807014 0.0071835 -0.00803486 0.999942 -0.270522 0.25884 -0.263317
FixedParameters: 0 0 0

#Transform 167
Transform: AffineTransform_float_3_3
Parameters: 0.999962 0.00493773 -0.00728521 -0.00487727 0.999954 0.00832986 0.00732679 -0.00829414 0.999939 -0.255512 0.284295 -0.290033
FixedParameters: 0 0 0

#Transform 168
Transform: AffineTransform_float_3_3
Parameters: 0.999961 0.00475974 -0.00741726 -0.00470226 0.999958 0.00778318 0.00745374 -0.00774782 0.999942 -0.262776 0.295092 -0.303764
FixedParameters: 0 0 0

#Transform 169
Transform: AffineTransform_float_3_3
Parameters: 0.999964 0.00493228 -0.00690284 -0.00487672 0.999956 0.00800195 0.00694216 -0.00796805 0.999944 -0.268853 0.272478 -0.300106
FixedParameters: 0 0 0

#Transform 170
Transform: AffineTransform_float_3_3
Parameters: 0.999962 0.00482377 -0.00716478 -0.00476423 0.999955 0.00819644 0.00720421 -0.00816255 0.99994 -0.265546 0.266389 -0.268059
FixedParameters: 0 0 0

#Transform 171
Transform: AffineTransform_float_3_3
Parameters: 0.99996 0.00470587 -0.00759301 -0.00464414 0.999956 0.00814459 0.007631 -0.00810941 0.999938 -0.260916 0.24803 -0.314431
FixedParameters: 0 0 0

#Transform 172
Transform: AffineTransform_float_3_3
Parameters: 0.999957 0.00493675 -0.00787184 -0.00487726 0.99996 0.00759172 0.00790816 -0.00755329 0.99994 -0.266191 0.28755 -0.300176
FixedParameters: 0 0 0

#Transform 173
Transform: AffineTransform_float_3_3
Parameters: 0.999956 0.00466841 -0.0081117 -0.00460259 0.999957 0.00806468 0.00814829 -0.00802631 0.999934 -0.259008 0.278389 -0.228482
FixedParameters: 0 0 0

#Transform 174
Transform: AffineTransform_float_3_3
Parameters: 0.999959 0.00493868 -0.00751985 -0.00487632 0.999955 0.00819901 0.00756014 -0.008162 0.999938 -0.267333 0.295898 -0.268748
FixedParameters: 0 0 0

#Transform 175
Transform: AffineTransform_float_3_3
Parameters: 0.99996 0.00485807 -0.00754312 -0.00479394 0.999953 0.0084875 0.00758387 -0.0084515 0.999935 -0.29401 0.328288 -0.339014
FixedParameters: 0 0 0

#Transform 176
Transform: AffineTransform_float_3_3
Parameters: 0.999973 0.00372871 -0.0064273 -0.00367029 0.999951 0.00912184 0.00646171 -0.00909815 0.999937 -0.238924 0.225856 -0.365126
FixedParameters: 0 0 0

#Transform 177
Transform: AffineTransform_float_3_3
Parameters: 0.999969 0.0038554 -0.00694884 -0.00379461 0.999955 0.00868364 0.00698217 -0.00865736 0.999938 -0.22451 0.170864 -0.420143
FixedParameters: 0 0 0

#Transform 178
Transform: AffineTransform_float_3_3
Parameters: 0.999939 0.00538153 -0.00964058 -0.00530347 0.999952 0.00815363 0.00968343 -0.00810138 0.999921 -0.27121 0.312907 -0.369779
FixedParameters: 0 0 0

#Transform 179
Transform: AffineTransform_float_3_3
Parameters: 0.999919 0.00615767 -0.0111235 -0.00606032 0.999943 0.00879313 0.0111775 -0.00872488 0.9999 -0.329498 0.243841 -0.259267
FixedParameters: 0 0 0

#Transform 180
Transform: AffineTransform_float_3_3
Parameters: 0.999927 0.00616304 -0.0103328 -0.00606095 0.999933 0.00987834 0.0103932 -0.00981465 0.999898 -0.309188 0.275819 -0.165687
FixedParameters: 0 0 0

#Transform 181
Transform: AffineTransform_float_3_3
Parameters: 0.999931 0.00571779 -0.0102844 -0.00562421 0.999942 0.00912547 0.0103356 -0.00906753 0.999906 -0.297919 0.227617 -0.203478
FixedParameters: 0 0 0

#Transform 182
Transform: AffineTransform_float_3_3
Parameters: 0.999929 0.00571606 -0.0103848 -0.00562393 0.999945 0.00887302 0.0104351 -0.00881397 0.999906 -0.289285 0.268865 -0.254479
FixedParameters: 0 0 0

#Transform 183
Transform: AffineTransform_float_3_3
Parameters: 0.999926 0.00572201 -0.010674 -0.00562398 0.999942 0.0091907 0.010726 -0.00912929 0.999901 -0.295734 0.285396 -0.27894
FixedParameters: 0 0 0

#Transform 184
Transform: AffineTransform_float_3_3
Parameters: 0.99993 0.00572443 -0.0104134 -0.00562357 0.999937 0.00964724 0.0104686 -0.00958875 0.999899 -0.279963 0.233971 -0.263155
FixedParameters: 0 0 0

#Transform 185
Transform: AffineTransform_float_3_3
Parameters: 0.99993 0.00572028 -0.0103433 -0.00562372 0.999941 0.00931382 0.0103957 -0.00925518 0.999903 -0.2659 0.235776 -0.255872
FixedParameters: 0 0 0

#Transform 186
Transform: AffineTransform_float_3_3
Parameters: 0.999928 0.00572503 -0.0104764 -0.00562396 0.999937 0.0096476 0.0105316 -0.00958838 0.999898 -0.280899 0.211954 -0.226583
FixedParameters: 0 0 0

#Transform 187
Transform: AffineTransform_float_3_3
Parameters: 0.99993 0.00557054 -0.0104984 -0.00547346 0.999942 0.00920211 0.0105487 -0.00914389 0.999903 -0.275372 0.208388 -0.194826
FixedParameters: 0 0 0

#Transform 188
Transform: AffineTransform_float_3_3
Parameters: 0.99993 0.00529384 -0.0105646 -0.00519217 0.99994 0.00964352 0.0106144 -0.00958848 0.999897 -0.265183 0.255254 -0.183591
FixedParameters: 0 0 0

#Transform 189
