# transform file /out/sourcedata/freesurfer/sub-v2s2x29087_ses-1/mri/transforms/cc_up.lta
# created by oesteban on Fri Mar 13 00:14:53 2026

type      = 0 # LINEAR_VOX_TO_VOX
nxforms   = 1
mean      = 128.0000 138.0000 122.0000
sigma     = 10000.0000
1 4 4
9.982740879058838e-01 -3.049936331808567e-02 -5.018668994307518e-02 1.128619670867920e+01 
3.046089410781860e-02 9.995349049568176e-01 -1.531374524347484e-03 7.384194374084473e+00 
5.021005123853683e-02 1.164153218269348e-10 9.987387061119080e-01 3.801162481307983e+00 
0.000000000000000e+00 0.000000000000000e+00 0.000000000000000e+00 1.000000000000000e+00 
src volume info
valid = 1  # volume info valid
filename = /out/sourcedata/freesurfer/sub-v2s2x29087_ses-1/mri/norm.mgz
volume = 256 256 256
voxelsize = 8.984375000000000e-01 8.984375000000000e-01 8.984375000000000e-01
xras   = -1.000000000000000e+00 0.000000000000000e+00 0.000000000000000e+00
yras   = 0.000000000000000e+00 0.000000000000000e+00 -9.999999403953552e-01
zras   = 0.000000000000000e+00 9.999999403953552e-01 0.000000000000000e+00
cras   = 6.754814147949219e+00 -1.846073150634766e+01 1.857032012939453e+01
dst volume info
valid = 1  # volume info valid
filename = /out/sourcedata/freesurfer/sub-v2s2x29087_ses-1/mri/norm.mgz
volume = 256 256 256
voxelsize = 8.984375000000000e-01 8.984375000000000e-01 8.984375000000000e-01
xras   = -1.000000000000000e+00 0.000000000000000e+00 0.000000000000000e+00
yras   = 0.000000000000000e+00 0.000000000000000e+00 -9.999999403953552e-01
zras   = 0.000000000000000e+00 9.999999403953552e-01 0.000000000000000e+00
cras   = 6.754814147949219e+00 -1.846073150634766e+01 1.857032012939453e+01
