#Insight Transform File V1.0
#Transform 0
Transform: AffineTransform_float_3_3
Parameters: 0.998787 0.0490486 0.0043643 -0.0490744 0.998776 0.00615629 -0.00405772 -0.00636274 0.999971 -2.80167 -0.425724 0.504931
FixedParameters: 0 0 0

#Transform 1
Transform: AffineTransform_float_3_3
Parameters: 0.998473 0.0547849 0.00711614 -0.0548411 0.998463 0.00794387 -0.00666985 -0.00832211 0.999943 -3.13072 -0.395693 0.522637
FixedParameters: 0 0 0

#Transform 2
Transform: AffineTransform_float_3_3
Parameters: 0.998451 0.0552156 0.00674936 -0.0552754 0.998431 0.0089608 -0.00624367 -0.00931918 0.999937 -3.14287 -0.347236 0.515849
FixedParameters: 0 0 0

#Transform 3
Transform: AffineTransform_float_3_3
Parameters: 0.999769 0.0215024 0.000306434 -0.0214916 0.99957 -0.0199372 -0.000734554 0.0199258 0.999801 -1.52416 0.0206563 0.149219
FixedParameters: 0 0 0

#Transform 4
Transform: AffineTransform_float_3_3
Parameters: 0.99995 0.00964196 0.00235483 -0.00960303 0.999826 -0.0160324 -0.00250917 0.0160086 0.999868 -0.626489 -0.113765 0.12541
FixedParameters: 0 0 0

#Transform 5
Transform: AffineTransform_float_3_3
Parameters: 0.999694 0.0247206 -0.000767523 -0.0247254 0.999661 -0.00814151 0.00056547 0.00815847 0.999966 -1.46209 -0.114422 0.0898342
FixedParameters: 0 0 0

#Transform 6
Transform: AffineTransform_float_3_3
Parameters: 0.999675 0.0254528 -0.00143617 -0.0254612 0.999658 -0.00599838 0.00128284 0.00603261 0.999981 -1.5298 -0.213344 0.138221
FixedParameters: 0 0 0

#Transform 7
Transform: AffineTransform_float_3_3
Parameters: 0.999665 0.02587 -0.000991143 -0.0258749 0.999651 -0.00536515 0.000851861 0.00538884 0.999985 -1.54638 -0.214611 0.0431784
FixedParameters: 0 0 0

#Transform 8
Transform: AffineTransform_float_3_3
Parameters: 0.999621 0.0274766 -0.00124371 -0.0274844 0.999601 -0.00641324 0.00106727 0.00644576 0.999978 -1.62714 -0.240221 0.0591616
FixedParameters: 0 0 0

#Transform 9
Transform: AffineTransform_float_3_3
Parameters: 0.999608 0.0279628 -0.00141191 -0.0279712 0.999589 -0.00616292 0.00123911 0.00619908 0.99998 -1.67341 -0.175074 0.127206
FixedParameters: 0 0 0

#Transform 10
Transform: AffineTransform_float_3_3
Parameters: 0.99954 0.0302625 -0.00200866 -0.0302875 0.999449 -0.0135664 0.00159732 0.0136216 0.999906 -1.79493 -0.27518 -0.236459
FixedParameters: 0 0 0

#Transform 11
Transform: AffineTransform_float_3_3
Parameters: 0.999543 0.0301591 -0.0020004 -0.0301789 0.999486 -0.0108216 0.00167362 0.0108764 0.999939 -1.79298 -0.31034 -0.0812872
FixedParameters: 0 0 0

#Transform 12
Transform: AffineTransform_float_3_3
Parameters: 0.999543 0.0301642 -0.00155617 -0.0301788 0.999489 -0.0105879 0.00123583 0.0106301 0.999942 -1.79052 -0.246967 -0.0852397
FixedParameters: 0 0 0

#Transform 13
Transform: AffineTransform_float_3_3
Parameters: 0.999543 0.0301644 -0.00155134 -0.0301796 0.99949 -0.0104279 0.00123565 0.0104701 0.999945 -1.7897 -0.220661 -0.0994914
FixedParameters: 0 0 0

#Transform 14
Transform: AffineTransform_float_3_3
Parameters: 0.99954 0.0302862 -0.0016557 -0.0303018 0.999485 -0.0105607 0.00133433 0.0106053 0.999943 -1.79312 -0.201081 -0.116995
FixedParameters: 0 0 0

#Transform 15
Transform: AffineTransform_float_3_3
Parameters: 0.999536 0.0304234 -0.00155319 -0.0304375 0.999482 -0.0103995 0.0012358 0.0104424 0.999944 -1.79672 -0.178308 -0.0981988
FixedParameters: 0 0 0

#Transform 16
Transform: AffineTransform_float_3_3
Parameters: 0.999535 0.0304477 -0.0015497 -0.0304623 0.999483 -0.0102766 0.00123532 0.0103184 0.999946 -1.80187 -0.201795 -0.101761
FixedParameters: 0 0 0

#Transform 17
Transform: AffineTransform_float_3_3
Parameters: 0.999541 0.0301427 -0.00303278 -0.0301793 0.999464 -0.0127443 0.0026472 0.0128307 0.999914 -1.82627 -0.126743 0.0456654
FixedParameters: 0 0 0

#Transform 18
Transform: AffineTransform_float_3_3
Parameters: 0.999813 -0.0182776 -0.00630278 0.0181804 0.999719 -0.0152094 0.00657822 0.0150916 0.999865 0.655552 0.390442 0.572702
FixedParameters: 0 0 0

#Transform 19
Transform: AffineTransform_float_3_3
Parameters: 0.999991 -0.00429702 -0.000802253 0.00429798 0.99999 0.00122056 0.000796746 -0.00122444 0.999999 0.206376 0.188932 0.112434
FixedParameters: 0 0 0

#Transform 20
Transform: AffineTransform_float_3_3
Parameters: 1 0.00121 -1.78028e-05 -0.00121 1 0.000163022 1.81972e-05 -0.000162978 1 -0.0549238 0.0188246 0.00927035
FixedParameters: 0 0 0

#Transform 21
Transform: AffineTransform_float_3_3
Parameters: 0.999969 0.007616 -0.00194974 -0.007619 0.99997 -0.00153419 0.00193826 0.00154881 0.999997 -0.498265 0.017012 -0.00251703
FixedParameters: 0 0 0

#Transform 22
Transform: AffineTransform_float_3_3
Parameters: 0.99997 0.00761769 -0.00155338 -0.00762031 0.99997 -0.00148821 0.00154262 0.0014998 0.999997 -0.485017 0.0260653 -0.000534068
FixedParameters: 0 0 0

#Transform 23
Transform: AffineTransform_float_3_3
Parameters: 0.999963 0.0083746 -0.00190616 -0.0083764 0.999964 -0.00072806 0.00189984 0.000743937 0.999998 -0.536089 -0.0508318 0.000385386
FixedParameters: 0 0 0

#Transform 24
Transform: AffineTransform_float_3_3
Parameters: 0.999927 0.0120306 -0.00109625 -0.0120344 0.999922 -0.00317204 0.00105775 0.00318496 0.999995 -0.733336 0.00474232 -0.10241
FixedParameters: 0 0 0

#Transform 25
Transform: AffineTransform_float_3_3
Parameters: 0.999771 0.0214115 -0.000756219 -0.0214075 0.999755 0.00550945 0.000873795 -0.00549255 0.999984 -1.27578 -0.147892 0.340065
FixedParameters: 0 0 0

#Transform 26
Transform: AffineTransform_float_3_3
Parameters: 0.999771 0.0214111 -0.000960246 -0.0214069 0.999762 0.00406249 0.00104674 -0.00404052 0.999992 -1.27493 -0.0941197 0.182643
FixedParameters: 0 0 0

#Transform 27
Transform: AffineTransform_float_3_3
Parameters: 0.999708 0.0241641 0.000446056 -0.0241649 0.999705 0.00214885 -0.00039394 -0.00215915 0.999997 -1.38892 -0.0362429 -0.0597542
FixedParameters: 0 0 0

#Transform 28
Transform: AffineTransform_float_3_3
Parameters: 0.999619 0.0274561 0.00262601 -0.0274698 0.999608 0.00538992 -0.00247698 -0.00546009 0.999982 -1.46843 -0.10659 -0.316386
FixedParameters: 0 0 0

#Transform 29
Transform: AffineTransform_float_3_3
Parameters: 0.999593 0.0282636 0.00368964 -0.0282804 0.99959 0.00446247 -0.00356137 -0.00456451 0.999983 -1.56555 -0.0921378 -0.14931
FixedParameters: 0 0 0

#Transform 30
Transform: AffineTransform_float_3_3
Parameters: 0.999629 0.0270514 0.00337985 -0.0270626 0.999628 0.00342281 -0.00328618 -0.0035122 0.999989 -1.50453 -0.0583427 -0.137157
FixedParameters: 0 0 0

#Transform 31
Transform: AffineTransform_float_3_3
Parameters: 0.999627 0.0268626 0.005063 -0.0268864 0.999628 0.0046206 -0.00493698 -0.00475539 0.999976 -1.49596 -0.149834 0.0325597
FixedParameters: 0 0 0

#Transform 32
Transform: AffineTransform_float_3_3
Parameters: 0.999649 0.0262376 0.00360294 -0.0262485 0.999652 0.00288444 -0.00352605 -0.00297856 0.99999 -1.47467 -0.0636775 -0.0861514
FixedParameters: 0 0 0

#Transform 33
Transform: AffineTransform_float_3_3
Parameters: 0.999639 0.0266356 0.00330564 -0.0266384 0.999645 0.000693193 -0.00328637 -0.000780816 0.999995 -1.49549 0.0589353 -0.455309
FixedParameters: 0 0 0

#Transform 34
Transform: AffineTransform_float_3_3
Parameters: 0.999648 0.0263486 0.00327106 -0.0263525 0.999652 0.00132527 -0.00323595 -0.00141076 0.999994 -1.47068 0.120884 -0.482212
FixedParameters: 0 0 0

#Transform 35
Transform: AffineTransform_float_3_3
Parameters: 0.999652 0.0262373 0.00294193 -0.0262417 0.999655 0.00121622 -0.00290908 -0.00129278 0.999995 -1.47526 0.0496987 -0.504159
FixedParameters: 0 0 0

#Transform 36
Transform: AffineTransform_float_3_3
Parameters: 0.999657 0.0259562 0.00329903 -0.0259568 0.999663 0.000189433 -0.00329295 -0.000275567 0.999994 -1.45264 0.0198854 -0.565298
FixedParameters: 0 0 0

#Transform 37
Transform: AffineTransform_float_3_3
Parameters: 0.99965 0.0261843 0.00373713 -0.0261817 0.999657 -0.000655074 -0.00375387 0.000556902 0.999993 -1.46913 0.0736088 -0.595615
FixedParameters: 0 0 0

#Transform 38
Transform: AffineTransform_float_3_3
Parameters: 0.999656 0.0259044 0.00394001 -0.0259016 0.999665 -0.000668282 -0.00395598 0.000565717 0.999992 -1.45661 0.0748048 -0.597541
FixedParameters: 0 0 0

#Transform 39
Transform: AffineTransform_float_3_3
Parameters: 0.999655 0.0258894 0.00429826 -0.0258855 0.999665 -0.00108864 -0.00432472 0.000976372 0.99999 -1.45037 0.073748 -0.613515
FixedParameters: 0 0 0

#Transform 40
Transform: AffineTransform_float_3_3
Parameters: 0.999637 0.0262115 0.00611812 -0.0262035 0.999656 -0.00129679 -0.00614989 0.00113621 0.999981 -1.46473 0.206309 -0.664106
FixedParameters: 0 0 0

#Transform 41
Transform: AffineTransform_float_3_3
Parameters: 0.999637 0.0264656 0.00517591 -0.0264634 0.999649 -0.000374108 -0.00518408 0.000236886 0.999986 -1.49533 0.0383918 -0.597164
FixedParameters: 0 0 0

#Transform 42
Transform: AffineTransform_float_3_3
Parameters: 0.999538 0.0281475 0.0114784 -0.0281555 0.999604 0.000493047 -0.0114595 -0.000816935 0.999934 -1.5951 -0.0425002 -0.713047
FixedParameters: 0 0 0

#Transform 43
Transform: AffineTransform_float_3_3
Parameters: 0.999473 0.031658 0.0070891 -0.031731 0.999442 0.0104286 -0.00675488 -0.0106485 0.999921 -1.6324 0.0529008 -0.167276
FixedParameters: 0 0 0

#Transform 44
Transform: AffineTransform_float_3_3
Parameters: 0.999495 0.0317315 0.00195237 -0.0317316 0.999497 0.000264182 -0.00194264 -0.000325808 0.999998 -1.7974 -0.0575127 -0.400077
FixedParameters: 0 0 0

#Transform 45
Transform: AffineTransform_float_3_3
Parameters: 0.999482 0.0320741 0.00235716 -0.0320759 0.999485 0.000777794 -0.00233083 -0.000853201 0.999997 -1.80677 -0.0192345 -0.476525
FixedParameters: 0 0 0

#Transform 46
Transform: AffineTransform_float_3_3
Parameters: 0.999406 0.034213 0.00412613 -0.034219 0.999414 0.00139464 -0.00407585 -0.00153536 0.99999 -1.8387 0.0750137 -0.560068
FixedParameters: 0 0 0

#Transform 47
Transform: AffineTransform_float_3_3
Parameters: 0.999405 0.0342063 0.00457701 -0.0342187 0.99941 0.002728 -0.00448099 -0.00288299 0.999986 -1.86406 0.0475952 -0.504407
FixedParameters: 0 0 0

#Transform 48
Transform: AffineTransform_float_3_3
Parameters: 0.999415 0.0339847 0.0036581 -0.0339973 0.999416 0.00364777 -0.00353188 -0.00377023 0.999986 -1.89401 -0.0480333 -0.467985
FixedParameters: 0 0 0

#Transform 49
Transform: AffineTransform_float_3_3
Parameters: 0.999407 0.0342121 0.00392269 -0.0342189 0.999413 0.00170678 -0.00386133 -0.00183919 0.999991 -1.89667 0.0713738 -0.59163
FixedParameters: 0 0 0

#Transform 50
Transform: AffineTransform_float_3_3
Parameters: 0.999431 0.0335552 0.00360542 -0.0335628 0.999435 0.0021272 -0.00353156 -0.00224778 0.999991 -1.86339 -0.0613668 -0.479559
FixedParameters: 0 0 0

#Transform 51
Transform: AffineTransform_float_3_3
Parameters: 0.999414 0.034052 0.00354153 -0.034053 0.99942 0.000219529 -0.00353145 -0.000340453 0.999993 -1.89343 0.0335663 -0.590064
FixedParameters: 0 0 0

#Transform 52
Transform: AffineTransform_float_3_3
Parameters: 0.999431 0.0336008 0.00317973 -0.0336062 0.999434 0.00160505 -0.00312427 -0.00171095 0.999993 -1.86251 0.0405109 -0.532799
FixedParameters: 0 0 0

#Transform 53
Transform: AffineTransform_float_3_3
Parameters: 0.999424 0.0337674 0.00339743 -0.0337725 0.999428 0.001288 -0.00335157 -0.00140198 0.999994 -1.86546 0.0132551 -0.58497
FixedParameters: 0 0 0

#Transform 54
Transform: AffineTransform_float_3_3
Parameters: 0.999457 0.0325626 0.00492858 -0.0325714 0.999468 0.00162635 -0.00487243 -0.00178563 0.999986 -1.78482 0.14946 -0.676953
FixedParameters: 0 0 0

#Transform 55
Transform: AffineTransform_float_3_3
Parameters: 0.999449 0.0328719 0.00459484 -0.0328821 0.999457 0.00214009 -0.00452216 -0.00228991 0.999987 -1.80839 0.0462825 -0.635946
FixedParameters: 0 0 0

#Transform 56
Transform: AffineTransform_float_3_3
Parameters: 0.99947 0.0324726 0.00196138 -0.0324774 0.99947 0.00225849 -0.0018866 -0.00232149 0.999995 -1.86339 0.0469701 -0.577285
FixedParameters: 0 0 0

#Transform 57
Transform: AffineTransform_float_3_3
Parameters: 0.99952 0.0309484 0.00141614 -0.0309526 0.999516 0.00334277 -0.00131185 -0.00338523 0.999994 -1.81328 -0.0940937 -0.106099
FixedParameters: 0 0 0

#Transform 58
Transform: AffineTransform_float_3_3
Parameters: 0.999391 0.0348821 -0.000678458 -0.0348869 0.999345 -0.00960418 0.000342549 0.0096218 0.999953 -2.03152 -0.33146 -0.0128968
FixedParameters: 0 0 0

#Transform 59
Transform: AffineTransform_float_3_3
Parameters: 0.999369 0.035501 0.000439147 -0.035497 0.999345 -0.00704603 -0.000688852 0.00702597 0.999975 -2.02321 0.0164972 -0.444403
FixedParameters: 0 0 0

#Transform 60
Transform: AffineTransform_float_3_3
Parameters: 0.999376 0.0353123 0.000495854 -0.0353088 0.999362 -0.00550694 -0.000690146 0.00548605 0.999984 -2.03035 -0.0326401 -0.375993
FixedParameters: 0 0 0

#Transform 61
Transform: AffineTransform_float_3_3
Parameters: 0.999377 0.0353115 0.000312544 -0.0353086 0.999359 -0.0058807 -0.000520463 0.00586628 0.999982 -2.03136 -0.0529717 -0.435946
FixedParameters: 0 0 0

#Transform 62
Transform: AffineTransform_float_3_3
Parameters: 0.999364 0.0356359 0.000668512 -0.035631 0.999344 -0.00636786 -0.000894456 0.00633915 0.999979 -2.03987 -0.0165382 -0.470297
FixedParameters: 0 0 0

#Transform 63
Transform: AffineTransform_float_3_3
Parameters: 0.999363 0.0357001 0.000706902 -0.0356959 0.999343 -0.00626223 -0.000930096 0.00623277 0.99998 -2.04306 0.00864181 -0.48901
FixedParameters: 0 0 0

#Transform 64
Transform: AffineTransform_float_3_3
Parameters: 0.999364 0.0356402 0.00108311 -0.0356318 0.999341 -0.00683494 -0.00132589 0.00679206 0.999976 -2.04043 0.0093733 -0.51173
FixedParameters: 0 0 0

#Transform 65
Transform: AffineTransform_float_3_3
Parameters: 0.999364 0.0356527 0.000947342 -0.0356453 0.999338 -0.00718834 -0.00120365 0.00714963 0.999973 -2.05204 -0.0535525 -0.499843
FixedParameters: 0 0 0

#Transform 66
Transform: AffineTransform_float_3_3
Parameters: 0.999359 0.0357808 0.00102962 -0.0357712 0.999332 -0.00757569 -0.00129935 0.00753334 0.999971 -2.04992 0.0332619 -0.526281
FixedParameters: 0 0 0

#Transform 67
Transform: AffineTransform_float_3_3
Parameters: 0.99936 0.0357739 0.0011055 -0.0357642 0.999329 -0.00791761 -0.00138752 0.00787341 0.999968 -2.05815 -0.0666223 -0.538637
FixedParameters: 0 0 0

#Transform 68
Transform: AffineTransform_float_3_3
Parameters: 0.999357 0.0358138 0.00120793 -0.0358032 0.999327 -0.00801039 -0.00149409 0.0079626 0.999967 -2.05387 -0.00968773 -0.552124
FixedParameters: 0 0 0

#Transform 69
Transform: AffineTransform_float_3_3
Parameters: 0.999362 0.0356912 0.0011642 -0.0356798 0.999327 -0.00853398 -0.0014678 0.00848702 0.999963 -2.05405 -0.0568991 -0.56384
FixedParameters: 0 0 0

#Transform 70
Transform: AffineTransform_float_3_3
Parameters: 0.99936 0.0357293 0.00131664 -0.0357167 0.999327 -0.00843142 -0.00161738 0.00837957 0.999963 -2.05469 -0.0135199 -0.556315
FixedParameters: 0 0 0

#Transform 71
Transform: AffineTransform_float_3_3
Parameters: 0.999351 0.0359385 0.00216083 -0.0359174 0.999315 -0.00889438 -0.00247919 0.00881162 0.999958 -2.06572 0.0759413 -0.649785
FixedParameters: 0 0 0

#Transform 72
Transform: AffineTransform_float_3_3
Parameters: 0.999254 0.0383671 0.00426214 -0.0384069 0.999215 0.00971654 -0.00388588 -0.00987245 0.999943 -2.14437 -0.0654346 0.0101808
FixedParameters: 0 0 0

#Transform 73
Transform: AffineTransform_float_3_3
Parameters: 0.999066 0.0375358 0.0214082 -0.0376291 0.999284 0.00396513 -0.0212438 -0.00476686 0.999763 -2.05132 -0.0426128 -0.652145
FixedParameters: 0 0 0

#Transform 74
Transform: AffineTransform_float_3_3
Parameters: 0.999103 0.0361135 0.0221414 -0.0361365 0.999346 0.000661482 -0.0221027 -0.00146052 0.999754 -1.84209 0.0427121 -1.02947
FixedParameters: 0 0 0

#Transform 75
Transform: AffineTransform_float_3_3
Parameters: 0.999115 0.036124 0.0215793 -0.0361481 0.999346 0.000724593 -0.0215397 -0.00150443 0.999767 -1.83563 0.0398971 -1.05618
FixedParameters: 0 0 0

#Transform 76
Transform: AffineTransform_float_3_3
Parameters: 0.999112 0.0365279 0.020966 -0.0365801 0.999328 0.00210593 -0.020875 -0.00287107 0.999778 -1.895 0.0919057 -1.0505
FixedParameters: 0 0 0

#Transform 77
Transform: AffineTransform_float_3_3
Parameters: 0.999158 0.0365413 0.018658 -0.0365817 0.999329 0.00184601 -0.018578 -0.00252699 0.999824 -1.89274 0.0395379 -1.0179
FixedParameters: 0 0 0

#Transform 78
Transform: AffineTransform_float_3_3
Parameters: 0.998989 0.0431686 -0.0125983 -0.0432444 0.999048 -0.00577504 0.0123377 0.00631399 0.999904 -2.51298 -0.155197 -0.545689
FixedParameters: 0 0 0

#Transform 79
Transform: AffineTransform_float_3_3
Parameters: 0.999081 0.0415952 -0.0102813 -0.0416558 0.999116 -0.00577503 0.0100327 0.006198 0.99993 -2.39834 -0.119996 -0.583679
FixedParameters: 0 0 0

#Transform 80
Transform: AffineTransform_float_3_3
Parameters: 0.999076 0.0419212 -0.00949048 -0.0419697 0.999107 -0.00489021 0.00927648 0.00528477 0.999943 -2.40653 -0.0342965 -0.564206
FixedParameters: 0 0 0

#Transform 81
Transform: AffineTransform_float_3_3
Parameters: 0.999067 0.0422588 -0.00882673 -0.0422961 0.999097 -0.00406445 0.00864724 0.00443456 0.999953 -2.42936 -0.00522869 -0.55626
FixedParameters: 0 0 0

#Transform 82
Transform: AffineTransform_float_3_3
Parameters: 0.999071 0.0421663 -0.00882416 -0.0422027 0.999101 -0.00401332 0.00864785 0.00438172 0.999953 -2.41987 0.0396314 -0.583497
FixedParameters: 0 0 0

#Transform 83
Transform: AffineTransform_float_3_3
Parameters: 0.999073 0.0423939 -0.00744976 -0.0424161 0.999095 -0.00297276 0.00731723 0.00328625 0.999968 -2.43051 0.00355174 -0.554428
FixedParameters: 0 0 0

#Transform 84
Transform: AffineTransform_float_3_3
Parameters: 0.99909 0.042085 -0.00690606 -0.042133 0.999088 -0.00695635 0.00660696 0.00724064 0.999952 -2.41566 0.0588876 -0.879366
FixedParameters: 0 0 0

#Transform 85
Transform: AffineTransform_float_3_3
Parameters: 0.999117 0.0414715 -0.00680832 -0.0415016 0.99913 -0.0042532 0.00662569 0.00453178 0.999968 -2.38323 0.0916151 -0.919796
FixedParameters: 0 0 0

#Transform 86
Transform: AffineTransform_float_3_3
Parameters: 0.999116 0.0416686 -0.00546235 -0.0416923 0.999121 -0.004237 0.00528065 0.00446098 0.999976 -2.39922 0.0809162 -0.774337
FixedParameters: 0 0 0

#Transform 87
Transform: AffineTransform_float_3_3
Parameters: 0.999129 0.0414867 -0.00451021 -0.0415083 0.999127 -0.00473091 0.00430979 0.00491408 0.999978 -2.36168 -0.108487 -0.63153
FixedParameters: 0 0 0

#Transform 88
Transform: AffineTransform_float_3_3
Parameters: 0.999132 0.0415009 -0.00355571 -0.0415081 0.999137 -0.0019431 0.00347229 0.00208892 0.999992 -2.34765 0.0150575 -0.416835
FixedParameters: 0 0 0

#Transform 89
Transform: AffineTransform_float_3_3
Parameters: 0.999142 0.0412508 -0.00351127 -0.0412591 0.999145 -0.00257634 0.00340174 0.00271865 0.99999 -2.33997 -0.175368 -0.332554
FixedParameters: 0 0 0

#Transform 90
Transform: AffineTransform_float_3_3
Parameters: 0.99889 0.047093 -0.00112703 -0.0470631 0.998711 0.0190352 0.00202196 -0.0189608 0.999818 -2.53118 -0.0357148 0.163895
FixedParameters: 0 0 0

#Transform 91
Transform: AffineTransform_float_3_3
Parameters: 0.993391 0.114746 -0.00300688 -0.114554 0.99271 0.037457 0.00728312 -0.0368649 0.999293 -6.45399 -0.201165 0.917227
FixedParameters: 0 0 0

#Transform 92
Transform: AffineTransform_float_3_3
Parameters: 0.995355 0.0960702 -0.00614332 -0.0958647 0.995003 0.0279105 0.00879364 -0.0271915 0.999591 -5.45545 -0.213753 0.648025
FixedParameters: 0 0 0

#Transform 93
Transform: AffineTransform_float_3_3
Parameters: 0.995415 0.0954675 -0.00592792 -0.0952605 0.99504 0.028643 0.00863306 -0.027947 0.999572 -5.42566 -0.214728 0.595267
FixedParameters: 0 0 0

#Transform 94
Transform: AffineTransform_float_3_3
Parameters: 0.995434 0.0953048 -0.00531193 -0.0951092 0.995031 0.0294577 0.0080931 -0.0288183 0.999552 -5.41304 -0.148218 0.611934
FixedParameters: 0 0 0

#Transform 95
Transform: AffineTransform_float_3_3
Parameters: 0.995519 0.0944462 -0.00466753 -0.0942909 0.995193 0.0264798 0.00714649 -0.0259212 0.999639 -5.3632 -0.130621 0.472879
FixedParameters: 0 0 0

#Transform 96
Transform: AffineTransform_float_3_3
Parameters: 0.996069 0.0885833 -0.000943697 -0.0885378 0.995806 0.0230773 0.00298427 -0.0229027 0.999733 -5.01174 -0.305695 0.0994576
FixedParameters: 0 0 0

#Transform 97
Transform: AffineTransform_float_3_3
Parameters: 0.996469 0.0839353 0.00200176 -0.0839578 0.996296 0.0186137 -0.000432217 -0.0187164 0.999824 -4.78768 -0.233692 -0.229809
FixedParameters: 0 0 0

#Transform 98
Transform: AffineTransform_float_3_3
Parameters: 0.996952 0.0779226 0.0038132 -0.0779774 0.996807 0.017184 -0.0024618 -0.017429 0.999845 -4.48531 0.0504884 0.1037
FixedParameters: 0 0 0

#Transform 99
Transform: AffineTransform_float_3_3
Parameters: 0.996906 0.0784179 0.00542755 -0.0784971 0.996776 0.0165913 -0.0041094 -0.0169667 0.999847 -4.4382 -0.00313262 -0.0222635
FixedParameters: 0 0 0

#Transform 100
Transform: AffineTransform_float_3_3
Parameters: 0.996908 0.0783788 0.00554967 -0.0784602 0.996783 0.0163541 -0.00425034 -0.0167389 0.999851 -4.51912 -0.0870624 -0.143987
FixedParameters: 0 0 0

#Transform 101
Transform: AffineTransform_float_3_3
Parameters: 0.996942 0.0779127 0.00590524 -0.0779761 0.99689 0.0113573 -0.00500178 -0.0117827 0.999918 -4.52385 -0.0263367 -0.345501
FixedParameters: 0 0 0

#Transform 102
Transform: AffineTransform_float_3_3
Parameters: 0.997113 0.0758071 0.00447549 -0.075885 0.996894 0.0210612 -0.00286553 -0.0213399 0.999768 -4.30423 -0.251052 0.383835
FixedParameters: 0 0 0

#Transform 103
Transform: AffineTransform_float_3_3
Parameters: 0.99728 0.0735836 0.00438518 -0.0736544 0.997103 0.0189646 -0.00297785 -0.0192354 0.99981 -4.1361 -0.20902 0.114143
FixedParameters: 0 0 0

#Transform 104
Transform: AffineTransform_float_3_3
Parameters: 0.997249 0.0740005 0.00429956 -0.0740715 0.997054 0.0199444 -0.0028104 -0.0202086 0.999792 -4.14902 -0.147687 0.170832
FixedParameters: 0 0 0

#Transform 105
Transform: AffineTransform_float_3_3
Parameters: 0.997268 0.0738196 0.00285256 -0.0738664 0.996998 0.0231916 -0.0011324 -0.0233394 0.999727 -4.15847 -0.121319 0.342542
FixedParameters: 0 0 0

#Transform 106
Transform: AffineTransform_float_3_3
Parameters: 0.997451 0.071311 0.00254166 -0.0713499 0.997204 0.0222203 -0.000950362 -0.0223447 0.99975 -4.14099 -0.168663 0.280968
FixedParameters: 0 0 0

#Transform 107
Transform: AffineTransform_float_3_3
Parameters: 0.997694 0.0678107 0.00306217 -0.0678452 0.997611 0.0129752 -0.00217484 -0.0131528 0.999911 -3.73181 -0.016565 -0.167724
FixedParameters: 0 0 0

#Transform 108
Transform: AffineTransform_float_3_3
Parameters: 0.99757 0.0695779 0.00374094 -0.0696422 0.997345 0.0212712 -0.00225108 -0.0214798 0.999766 -3.91193 -0.228151 0.558889
FixedParameters: 0 0 0

#Transform 109
Transform: AffineTransform_float_3_3
Parameters: 0.997546 0.0696944 0.00659432 -0.0698316 0.997279 0.0236515 -0.00492772 -0.0240534 0.999698 -3.87401 0.0785927 0.172888
FixedParameters: 0 0 0

#Transform 110
Transform: AffineTransform_float_3_3
Parameters: 0.997603 0.0689149 0.00622333 -0.0690481 0.99731 0.0245752 -0.00451268 -0.0249458 0.999678 -3.83059 0.0664304 0.248185
FixedParameters: 0 0 0

#Transform 111
Transform: AffineTransform_float_3_3
Parameters: 0.99764 0.0683895 0.00599777 -0.0685254 0.997293 0.0266639 -0.00415724 -0.0270121 0.999627 -3.79253 -0.147266 0.518368
FixedParameters: 0 0 0

#Transform 112
Transform: AffineTransform_float_3_3
Parameters: 0.997642 0.0684 0.00577675 -0.068526 0.997322 0.0255304 -0.00401429 -0.0258656 0.999658 -3.79232 -0.0271033 0.285283
FixedParameters: 0 0 0

#Transform 113
Transform: AffineTransform_float_3_3
Parameters: 0.997544 0.0700078 0.00199849 -0.0700342 0.997337 0.020343 -0.000568506 -0.020433 0.999791 -3.8907 -0.166091 0.136276
FixedParameters: 0 0 0

#Transform 114
Transform: AffineTransform_float_3_3
Parameters: 0.997491 0.0705389 0.00600894 -0.0706441 0.99731 0.0195746 -0.0046121 -0.0199494 0.999791 -3.92971 -0.0789563 0.0340793
FixedParameters: 0 0 0

#Transform 115
Transform: AffineTransform_float_3_3
Parameters: 0.998333 0.0576709 -0.00224056 -0.057615 0.998139 0.0199513 0.00338748 -0.0197896 0.999799 -3.23057 -0.00363095 0.0763958
FixedParameters: 0 0 0

#Transform 116
Transform: AffineTransform_float_3_3
Parameters: 0.998292 0.0584051 -0.00177705 -0.05836 0.998109 0.0193017 0.00290097 -0.0191653 0.999812 -3.26105 0.00999435 0.0595752
FixedParameters: 0 0 0

#Transform 117
Transform: AffineTransform_float_3_3
Parameters: 0.998106 0.0615125 -0.000424156 -0.0614945 0.997934 0.0185933 0.00156684 -0.0185317 0.999827 -3.45511 -0.0719861 0.0212965
FixedParameters: 0 0 0

#Transform 118
Transform: AffineTransform_float_3_3
Parameters: 0.998017 0.0629336 0.000528873 -0.0629334 0.997859 0.0178401 0.000594875 -0.0178379 0.99984 -3.52331 -0.0364847 -0.0137767
FixedParameters: 0 0 0

#Transform 119
Transform: AffineTransform_float_3_3
Parameters: 0.998017 0.0629463 0.000570745 -0.0629467 0.997875 0.0168164 0.000489774 -0.0168195 0.999859 -3.52483 -0.00567181 -0.0442912
FixedParameters: 0 0 0

#Transform 120
Transform: AffineTransform_float_3_3
Parameters: 0.997991 0.0633402 0.000874101 -0.0633458 0.997856 0.0164387 0.00016912 -0.0164614 0.999865 -3.54347 -0.0416839 -0.0612626
FixedParameters: 0 0 0

#Transform 121
Transform: AffineTransform_float_3_3
Parameters: 0.998006 0.0631179 0.00125486 -0.0631301 0.99787 0.0164326 -0.000215109 -0.0164795 0.999864 -3.544 -0.0106975 -0.0639945
FixedParameters: 0 0 0

#Transform 122
Transform: AffineTransform_float_3_3
Parameters: 0.998068 0.0620931 0.0022652 -0.0621218 0.997934 0.0163549 -0.00124479 -0.0164641 0.999863 -3.49201 0.274044 -0.692141
FixedParameters: 0 0 0

#Transform 123
Transform: AffineTransform_float_3_3
Parameters: 0.998164 0.0602603 0.00610828 -0.0603827 0.997924 0.0224293 -0.00474374 -0.0227566 0.99973 -3.38233 0.463001 -0.830027
FixedParameters: 0 0 0

#Transform 124
Transform: AffineTransform_float_3_3
Parameters: 0.998135 0.0607143 0.00645497 -0.0608508 0.997866 0.0236714 -0.00500407 -0.0240196 0.999699 -3.35785 0.18101 -0.774214
FixedParameters: 0 0 0

#Transform 125
Transform: AffineTransform_float_3_3
Parameters: 0.99817 0.0602825 0.00484907 -0.0603826 0.99788 0.0242987 -0.00337399 -0.0245463 0.999693 -3.33597 0.099471 -0.548893
FixedParameters: 0 0 0

#Transform 126
Transform: AffineTransform_float_3_3
Parameters: 0.998147 0.0606234 0.0050999 -0.0607465 0.997726 0.0291852 -0.00331812 -0.0294407 0.999561 -3.40042 0.026076 -0.30944
FixedParameters: 0 0 0

#Transform 127
Transform: AffineTransform_float_3_3
Parameters: 0.997996 0.0629805 0.00602776 -0.0631554 0.997368 0.0356126 -0.00376929 -0.0359213 0.999347 -3.54047 0.250282 -0.25336
FixedParameters: 0 0 0

#Transform 128
Transform: AffineTransform_float_3_3
Parameters: 0.998031 0.0624677 0.00555153 -0.0626302 0.99735 0.0370242 -0.00322351 -0.0372988 0.999299 -3.48686 0.114989 0.124806
FixedParameters: 0 0 0

#Transform 129
Transform: AffineTransform_float_3_3
Parameters: 0.998047 0.0621843 0.00598307 -0.0623497 0.997497 0.0333541 -0.00389394 -0.0336619 0.999425 -3.47036 -0.175644 0.152891
FixedParameters: 0 0 0

#Transform 130
Transform: AffineTransform_float_3_3
Parameters: 0.998069 0.061795 0.00627721 -0.06197 0.997526 0.033169 -0.0042118 -0.0334939 0.99943 -3.42856 0.147415 0.0944224
FixedParameters: 0 0 0

#Transform 131
Transform: AffineTransform_float_3_3
Parameters: 0.99809 0.0614298 0.00662569 -0.0616103 0.997596 0.0317234 -0.00466133 -0.0320706 0.999474 -3.40392 0.0547204 -0.015836
FixedParameters: 0 0 0

#Transform 132
Transform: AffineTransform_float_3_3
Parameters: 0.998088 0.0614444 0.00678115 -0.0616336 0.997565 0.0326415 -0.0047589 -0.0329965 0.999444 -3.40713 0.096269 0.0250467
FixedParameters: 0 0 0

#Transform 133
Transform: AffineTransform_float_3_3
Parameters: 0.998177 0.0598165 0.0080595 -0.0600695 0.997541 0.0361217 -0.0058785 -0.0365403 0.999315 -3.28928 -0.130227 0.907257
FixedParameters: 0 0 0

#Transform 134
Transform: AffineTransform_float_3_3
Parameters: 0.998171 0.05982 0.00874653 -0.060087 0.997601 0.0343623 -0.00667043 -0.0348257 0.999371 -3.27566 -0.0224714 0.831651
FixedParameters: 0 0 0

#Transform 135
Transform: AffineTransform_float_3_3
Parameters: 0.998152 0.0602594 0.0078523 -0.0604947 0.997577 0.0343725 -0.00576275 -0.0347836 0.999378 -3.30871 -0.0469353 0.92528
FixedParameters: 0 0 0

#Transform 136
Transform: AffineTransform_float_3_3
Parameters: 0.998158 0.060039 0.0086529 -0.0603049 0.997576 0.0347261 -0.00654711 -0.0351839 0.99936 -3.29746 -0.017458 0.869426
FixedParameters: 0 0 0

#Transform 137
Transform: AffineTransform_float_3_3
Parameters: 0.99824 0.0584441 0.010112 -0.058742 0.997753 0.0322237 -0.00820605 -0.0327603 0.99943 -3.24297 -0.246841 0.333907
FixedParameters: 0 0 0

#Transform 138
Transform: AffineTransform_float_3_3
Parameters: 0.998267 0.0582205 0.00849388 -0.0584894 0.997645 0.0358102 -0.0063891 -0.0362447 0.999322 -3.22678 -0.317097 0.695342
FixedParameters: 0 0 0

#Transform 139
Transform: AffineTransform_float_3_3
Parameters: 0.998048 0.0617948 0.00896292 -0.0621061 0.997266 0.0400425 -0.0064641 -0.0405205 0.999158 -3.43209 -0.377433 1.31314
FixedParameters: 0 0 0

#Transform 140
Transform: AffineTransform_float_3_3
Parameters: 0.998086 0.0612818 0.00829478 -0.0615282 0.997536 0.0336861 -0.00620916 -0.0341328 0.999398 -3.35343 -0.0759157 1.14276
FixedParameters: 0 0 0

#Transform 141
Transform: AffineTransform_float_3_3
Parameters: 0.998004 0.0631005 0.0027674 -0.0631336 0.997908 0.0139081 -0.00188454 -0.014056 0.9999 -3.48112 -0.240283 0.472922
FixedParameters: 0 0 0

#Transform 142
Transform: AffineTransform_float_3_3
Parameters: 0.998564 0.0525734 0.0103596 -0.0526336 0.998598 0.00566988 -0.0100474 -0.00620714 0.999931 -3.12223 -0.241683 0.0817823
FixedParameters: 0 0 0

#Transform 143
Transform: AffineTransform_float_3_3
Parameters: 0.99931 0.0300508 0.0217989 -0.0299913 0.999546 -0.00306289 -0.0218811 0.00240712 0.999757 -1.54665 -0.117451 -0.372459
FixedParameters: 0 0 0

#Transform 144
Transform: AffineTransform_float_3_3
Parameters: 0.999195 0.035831 0.0179999 -0.035841 0.999358 0.000233053 -0.0179801 -0.000877951 0.999838 -1.89697 -0.114299 -0.221926
FixedParameters: 0 0 0

#Transform 145
Transform: AffineTransform_float_3_3
Parameters: 0.999048 0.0402945 0.0167526 -0.0404215 0.999156 0.00728178 -0.0164445 -0.0079512 0.999833 -2.17358 -0.043263 -0.171382
FixedParameters: 0 0 0

#Transform 146
Transform: AffineTransform_float_3_3
Parameters: 0.998926 0.0426739 0.018017 -0.0428431 0.999041 0.00910788 -0.017611 -0.00987013 0.999796 -2.34587 -0.113283 -0.240205
FixedParameters: 0 0 0

#Transform 147
Transform: AffineTransform_float_3_3
Parameters: 0.998925 0.0429694 0.0173801 -0.0431307 0.999029 0.0090341 -0.0169749 -0.00977391 0.999808 -2.3291 -0.162835 -0.115496
FixedParameters: 0 0 0

#Transform 148
Transform: AffineTransform_float_3_3
Parameters: 0.998843 0.044677 0.0177664 -0.0448569 0.998944 0.00986245 -0.0173066 -0.0106475 0.999793 -2.45783 -0.131145 -0.11605
FixedParameters: 0 0 0

#Transform 149
Transform: AffineTransform_float_3_3
Parameters: 0.998809 0.0471973 0.012377 -0.0472876 0.998856 0.00713722 -0.012026 -0.00771378 0.999898 -2.53194 -0.220405 0.240738
FixedParameters: 0 0 0

#Transform 150
Transform: AffineTransform_float_3_3
Parameters: 0.998867 0.0468275 0.00847861 -0.0467905 0.998895 -0.00456489 -0.00868339 0.0041631 0.999953 -2.65477 -0.569999 0.9957
FixedParameters: 0 0 0

#Transform 151
Transform: AffineTransform_float_3_3
Parameters: 0.999551 0.0292535 0.00650309 -0.0291455 0.999447 -0.0160497 -0.00696991 0.0158532 0.99985 -1.87859 -0.398264 1.11089
FixedParameters: 0 0 0

#Transform 152
Transform: AffineTransform_float_3_3
Parameters: 0.99985 0.0137637 0.0105676 -0.0135353 0.999679 -0.0214193 -0.0108584 0.0212727 0.999714 -0.832931 -0.382478 1.08505
FixedParameters: 0 0 0

#Transform 153
Transform: AffineTransform_float_3_3
Parameters: 0.999784 0.0182619 0.00986847 -0.0180021 0.999504 -0.0258142 -0.0103345 0.0256308 0.999618 -0.999834 -0.239851 0.714834
FixedParameters: 0 0 0

#Transform 154
Transform: AffineTransform_float_3_3
Parameters: 0.999709 0.021928 0.00999531 -0.02177 0.999641 -0.0156552 -0.0103347 0.0154329 0.999828 -1.08812 -0.268524 1.5097
FixedParameters: 0 0 0

#Transform 155
Transform: AffineTransform_float_3_3
Parameters: 0.999597 0.0264047 0.0103577 -0.0263073 0.99961 -0.00936726 -0.0106003 0.00909076 0.999903 -1.38257 -0.281803 1.35363
FixedParameters: 0 0 0

#Transform 156
Transform: AffineTransform_float_3_3
Parameters: 0.999586 0.0265668 0.0110996 -0.0264823 0.99962 -0.00762511 -0.0112984 0.00732788 0.99991 -1.41303 -0.338149 1.46826
FixedParameters: 0 0 0

#Transform 157
Transform: AffineTransform_float_3_3
Parameters: 0.999595 0.026541 0.0103204 -0.026476 0.999629 -0.00638583 -0.0104857 0.00611018 0.999927 -1.44677 -0.283133 1.56327
FixedParameters: 0 0 0

#Transform 158
Transform: AffineTransform_float_3_3
Parameters: 0.999549 0.0279723 0.0109789 -0.0279557 0.999607 -0.0017307 -0.0110231 0.0014223 0.999938 -1.48294 -0.193315 1.3939
FixedParameters: 0 0 0

#Transform 159
Transform: AffineTransform_float_3_3
Parameters: 0.999486 0.0308399 0.00874305 -0.0308721 0.999517 0.00356092 -0.00862896 -0.00382909 0.999956 -1.68003 -0.168767 0.503931
FixedParameters: 0 0 0

#Transform 160
Transform: AffineTransform_float_3_3
Parameters: 0.999513 0.0299729 0.00859904 -0.0300001 0.999546 0.00304051 -0.00850397 -0.00329649 0.999959 -1.63794 -0.108226 0.416656
FixedParameters: 0 0 0

#Transform 161
Transform: AffineTransform_float_3_3
Parameters: 0.999504 0.0305499 0.0076772 -0.0305551 0.999533 0.000543693 -0.00765683 -0.000777301 0.999971 -1.68599 -0.141753 0.277095
FixedParameters: 0 0 0

#Transform 162
Transform: AffineTransform_float_3_3
Parameters: 0.999512 0.0302551 0.0076938 -0.0302739 0.999539 0.00235523 -0.0076192 -0.00258678 0.999967 -1.69199 -0.157645 0.258305
FixedParameters: 0 0 0

#Transform 163
Transform: AffineTransform_float_3_3
Parameters: 0.999526 0.0295973 0.00846108 -0.0296127 0.99956 0.00173527 -0.00840592 -0.00198473 0.999962 -1.64755 -0.152251 0.445298
FixedParameters: 0 0 0

#Transform 164
Transform: AffineTransform_float_3_3
Parameters: 0.999512 0.0299802 0.00883652 -0.0299998 0.999547 0.00211894 -0.00876848 -0.00238304 0.999958 -1.67603 -0.133235 0.502208
FixedParameters: 0 0 0

#Transform 165
Transform: AffineTransform_float_3_3
Parameters: 0.99951 0.0299794 0.00898805 -0.0299996 0.999547 0.00216742 -0.00891897 -0.00243558 0.999958 -1.68983 -0.170175 0.473416
FixedParameters: 0 0 0

#Transform 166
Transform: AffineTransform_float_3_3
Parameters: 0.99917 0.0401336 0.00693837 -0.0401594 0.999187 0.00355631 -0.0067896 -0.00383267 0.999969 -2.20651 -0.32926 0.747657
FixedParameters: 0 0 0

#Transform 167
Transform: AffineTransform_float_3_3
Parameters: 0.998762 0.0490359 0.00842704 -0.0491921 0.9986 0.0194395 -0.00746195 -0.0198305 0.999776 -2.71655 -0.0172943 0.728959
FixedParameters: 0 0 0

#Transform 168
Transform: AffineTransform_float_3_3
Parameters: 0.998858 0.0467671 0.00979613 -0.0469109 0.998786 0.0150156 -0.0090819 -0.0154574 0.99984 -2.5988 -0.192705 0.448301
FixedParameters: 0 0 0

#Transform 169
Transform: AffineTransform_float_3_3
Parameters: 0.998731 0.0487765 0.012588 -0.0490886 0.99846 0.0258449 -0.011308 -0.0264291 0.999586 -2.69043 -0.362904 1.0215
FixedParameters: 0 0 0

#Transform 170
Transform: AffineTransform_float_3_3
Parameters: 0.998662 0.0501438 0.0126383 -0.0505112 0.998253 0.0306356 -0.0110797 -0.0312333 0.99945 -2.75407 -0.35604 1.88737
FixedParameters: 0 0 0

#Transform 171
Transform: AffineTransform_float_3_3
Parameters: 0.998758 0.0476573 0.014582 -0.0479307 0.99867 0.0189606 -0.013659 -0.0196363 0.999714 -2.55473 -0.0958619 1.30066
FixedParameters: 0 0 0

#Transform 172
Transform: AffineTransform_float_3_3
Parameters: 0.998703 0.049265 0.0128447 -0.049487 0.99862 0.0175782 -0.0119603 -0.0181908 0.999763 -2.68517 -0.190897 0.757902
FixedParameters: 0 0 0

#Transform 173
Transform: AffineTransform_float_3_3
Parameters: 0.998714 0.049096 0.0126392 -0.04929 0.998664 0.015527 -0.0118598 -0.01613 0.999799 -2.65274 -0.109858 0.497234
FixedParameters: 0 0 0

#Transform 174
Transform: AffineTransform_float_3_3
Parameters: 0.998736 0.0486149 0.0127496 -0.0488121 0.998685 0.0156304 -0.0119724 -0.0162325 0.999796 -2.63127 -0.0273696 0.518933
FixedParameters: 0 0 0

#Transform 175
Transform: AffineTransform_float_3_3
Parameters: 0.998867 0.0453791 0.0142887 -0.0455789 0.998864 0.0139145 -0.0136413 -0.0145495 0.999801 -2.47733 -0.172082 0.786331
FixedParameters: 0 0 0

#Transform 176
Transform: AffineTransform_float_3_3
Parameters: 0.998957 0.0434623 0.0139865 -0.0436697 0.998935 0.0149008 -0.0133245 -0.0154963 0.999791 -2.36288 -0.0211259 0.405028
FixedParameters: 0 0 0

#Transform 177
Transform: AffineTransform_float_3_3
Parameters: 0.998919 0.0446138 0.0130446 -0.0447382 0.998954 0.00939055 -0.0126114 -0.00996441 0.999871 -2.51732 -0.0474334 -0.0280771
FixedParameters: 0 0 0

#Transform 178
Transform: AffineTransform_float_3_3
Parameters: 0.998927 0.0444317 0.0131159 -0.0445604 0.99896 0.00966093 -0.0126731 -0.0102351 0.999868 -2.47022 -0.00835048 -0.167373
FixedParameters: 0 0 0

#Transform 179
Transform: AffineTransform_float_3_3
Parameters: 0.998928 0.04449 0.0128347 -0.044612 0.998961 0.00938148 -0.0124043 -0.00994353 0.999873 -2.50682 -0.0507059 0.0303607
FixedParameters: 0 0 0

#Transform 180
Transform: AffineTransform_float_3_3
Parameters: 0.998947 0.0442077 0.0123311 -0.0443204 0.998977 0.00899195 -0.0119209 -0.00952903 0.999883 -2.49648 0.0120909 0.0649665
FixedParameters: 0 0 0

#Transform 181
Transform: AffineTransform_float_3_3
Parameters: 0.995966 0.084571 0.0299671 -0.085039 0.996269 0.0147019 -0.0286119 -0.0171901 0.999443 -4.5181 -0.206617 -0.0807818
FixedParameters: 0 0 0

#Transform 182
Transform: AffineTransform_float_3_3
Parameters: 0.997373 0.0688948 0.0224062 -0.0688393 0.997623 -0.00325197 -0.0225767 0.00170005 0.999743 -3.95601 -0.186174 -0.341372
FixedParameters: 0 0 0

#Transform 183
Transform: AffineTransform_float_3_3
Parameters: 0.999519 0.0233545 0.0203683 -0.0227166 0.99926 -0.0310326 -0.0210777 0.0305554 0.999311 -1.48505 -0.477398 0.475751
FixedParameters: 0 0 0

#Transform 184
Transform: AffineTransform_float_3_3
Parameters: 0.999464 0.0241631 0.0220934 -0.0237678 0.999556 -0.0179768 -0.0225185 0.0174412 0.999595 -1.2323 -0.708742 1.80675
FixedParameters: 0 0 0

#Transform 185
Transform: AffineTransform_float_3_3
Parameters: 0.999402 0.0275652 0.0208874 -0.0275198 0.999619 -0.00245028 -0.0209466 0.00187372 0.999779 -1.45125 -0.183977 1.62414
FixedParameters: 0 0 0

#Transform 186
Transform: AffineTransform_float_3_3
Parameters: 0.999372 0.028668 0.0208284 -0.028677 0.999588 0.000132788 -0.0208157 -0.000729201 0.999783 -1.49614 -0.279556 1.24017
FixedParameters: 0 0 0

#Transform 187
Transform: AffineTransform_float_3_3
Parameters: 0.999369 0.02904 0.020416 -0.02908 0.999575 0.00166535 -0.020359 -0.00225865 0.99979 -1.54191 -0.217751 1.34473
FixedParameters: 0 0 0

#Transform 188
Transform: AffineTransform_float_3_3
Parameters: 0.999537 0.0259563 0.0159179 -0.0261298 0.9996 0.0108061 -0.0156311 -0.0112179 0.999815 -1.41997 -0.190017 1.48524
FixedParameters: 0 0 0

#Transform 189
Transform: AffineTransform_float_3_3
Parameters: 0.999706 0.0187816 0.0153753 -0.0188204 0.99982 0.00242434 -0.0153267 -0.00271266 0.999879 -1.08565 -0.205106 1.07495
FixedParameters: 0 0 0

#Transform 190
Transform: AffineTransform_float_3_3
Parameters: 0.999568 0.0235769 0.0175623 -0.0237051 0.999693 0.00712276 -0.0173887 -0.00753623 0.999821 -1.29608 -0.0740095 1.13066
FixedParameters: 0 0 0

#Transform 191
Transform: AffineTransform_float_3_3
Parameters: 0.999571 0.0239508 0.0168667 -0.0241322 0.999651 0.0106825 -0.0166053 -0.0110855 0.9998 -1.37356 -0.182649 1.49562
FixedParameters: 0 0 0

#Transform 192
Transform: AffineTransform_float_3_3
