# transform file /out/sourcedata/freesurfer/sub-v2s2x29080_ses-1/mri/transforms/cc_up.lta
# created by oesteban on Fri Mar 13 00:18:03 2026

type      = 0 # LINEAR_VOX_TO_VOX
nxforms   = 1
mean      = 129.0000 139.0000 125.0000
sigma     = 10000.0000
1 4 4
9.994029402732849e-01 2.559774182736874e-02 -2.321047708392143e-02 -2.585107803344727e+00 
-2.559084258973598e-02 9.996724128723145e-01 5.943304859101772e-04 1.227917480468750e+01 
2.321808598935604e-02 5.820766785236131e-11 9.997305274009705e-01 1.102951049804688e+01 
0.000000000000000e+00 0.000000000000000e+00 0.000000000000000e+00 1.000000000000000e+00 
src volume info
valid = 1  # volume info valid
filename = /out/sourcedata/freesurfer/sub-v2s2x29080_ses-1/mri/norm.mgz
volume = 256 256 256
voxelsize = 8.984375000000000e-01 8.984375000000000e-01 8.984375000000000e-01
xras   = -1.000000000000000e+00 0.000000000000000e+00 0.000000000000000e+00
yras   = 0.000000000000000e+00 0.000000000000000e+00 -1.000000000000000e+00
zras   = 0.000000000000000e+00 9.999999403953552e-01 0.000000000000000e+00
cras   = 1.485969543457031e+00 -2.636733245849609e+01 9.023872375488281e+00
dst volume info
valid = 1  # volume info valid
filename = /out/sourcedata/freesurfer/sub-v2s2x29080_ses-1/mri/norm.mgz
volume = 256 256 256
voxelsize = 8.984375000000000e-01 8.984375000000000e-01 8.984375000000000e-01
xras   = -1.000000000000000e+00 0.000000000000000e+00 0.000000000000000e+00
yras   = 0.000000000000000e+00 0.000000000000000e+00 -1.000000000000000e+00
zras   = 0.000000000000000e+00 9.999999403953552e-01 0.000000000000000e+00
cras   = 1.485969543457031e+00 -2.636733245849609e+01 9.023872375488281e+00
