# transform file transforms/talairach.lta
# created by oesteban on Thu Mar 12 22:53:19 2026

type      = 0 # LINEAR_VOX_TO_VOX
nxforms   = 1
mean      = 129.0000 140.0000 125.0000
sigma     = 10000.0000
1 4 4
9.011295437812805e-01 1.774117723107338e-02 -2.760642766952515e-02 1.132030582427979e+01 
-1.619470305740833e-02 1.050735473632812e+00 6.794825196266174e-02 -2.925016021728516e+01 
3.143273293972015e-02 -7.762102782726288e-02 9.155186414718628e-01 2.360031604766846e+00 
0.000000000000000e+00 0.000000000000000e+00 0.000000000000000e+00 1.000000000000000e+00 
src volume info
valid = 1  # volume info valid
filename = nu.mgz
volume = 256 256 256
voxelsize = 8.984375000000000e-01 8.984375000000000e-01 8.984375000000000e-01
xras   = -1.000000000000000e+00 0.000000000000000e+00 0.000000000000000e+00
yras   = 0.000000000000000e+00 0.000000000000000e+00 -1.000000000000000e+00
zras   = 0.000000000000000e+00 9.999999403953552e-01 0.000000000000000e+00
cras   = 1.485969543457031e+00 -2.636733245849609e+01 9.023872375488281e+00
dst volume info
valid = 1  # volume info valid
filename = /opt/freesurfer/average/RB_all_2020-01-02.gca
volume = 256 256 256
voxelsize = 1.000000000000000e+00 1.000000000000000e+00 1.000000000000000e+00
xras   = -1.000000000000000e+00 0.000000000000000e+00 0.000000000000000e+00
yras   = 0.000000000000000e+00 0.000000000000000e+00 -1.000000000000000e+00
zras   = 0.000000000000000e+00 1.000000000000000e+00 0.000000000000000e+00
cras   = 0.000000000000000e+00 0.000000000000000e+00 0.000000000000000e+00
