#Insight Transform File V1.0
#Transform 0
Transform: AffineTransform_float_3_3
Parameters: 0.999985 0.00381764 -0.00392447 -0.00378636 0.99996 0.00803798 0.00395453 -0.00802302 0.99996 -0.249028 -0.786837 1.51472
FixedParameters: 0 0 0

#Transform 1
Transform: AffineTransform_float_3_3
Parameters: 0.999985 0.00324529 -0.00454041 -0.00322972 0.999989 0.00358972 0.0045516 -0.00357429 0.999984 -0.221312 -0.744221 1.05456
FixedParameters: 0 0 0

#Transform 2
Transform: AffineTransform_float_3_3
Parameters: 0.999983 0.00196097 -0.00546995 -0.00194403 0.999994 0.00310669 0.00547606 -0.00309532 0.99998 -0.167535 -0.681908 0.897589
FixedParameters: 0 0 0

#Transform 3
Transform: AffineTransform_float_3_3
Parameters: 0.999994 0.00214245 -0.00291894 -0.00214055 0.999997 0.000500251 0.00292006 -0.000493747 0.999995 -0.159368 -0.556369 0.764381
FixedParameters: 0 0 0

#Transform 4
Transform: AffineTransform_float_3_3
Parameters: 0.999992 0.00154064 -0.00348371 -0.00154936 0.999996 -0.00239962 0.00348029 0.00240438 0.999991 -0.131796 -0.541967 0.623929
FixedParameters: 0 0 0

#Transform 5
Transform: AffineTransform_float_3_3
Parameters: 0.999995 0.00150272 -0.00272881 -0.00150628 0.999998 -0.0011999 0.00272719 0.0012031 0.999995 -0.129537 -0.528286 0.738065
FixedParameters: 0 0 0

#Transform 6
Transform: AffineTransform_float_3_3
Parameters: 0.999995 0.00194107 -0.00246532 -0.00194394 0.999998 -0.00118921 0.00246269 0.00119379 0.999997 -0.13879 -0.490885 0.695369
FixedParameters: 0 0 0

#Transform 7
Transform: AffineTransform_float_3_3
Parameters: 0.999994 0.00154937 -0.00316776 -0.00155564 0.999997 -0.00177708 0.00316524 0.00178192 0.999994 -0.142355 -0.476788 0.636596
FixedParameters: 0 0 0

#Transform 8
Transform: AffineTransform_float_3_3
Parameters: 0.999994 0.00157995 -0.00321697 -0.00158805 0.999995 -0.00250091 0.00321304 0.00250609 0.999991 -0.173158 -0.464277 0.603481
FixedParameters: 0 0 0

#Transform 9
Transform: AffineTransform_float_3_3
Parameters: 0.999994 0.00123411 -0.00317208 -0.00124189 0.999996 -0.00248608 0.00316892 0.00248993 0.999992 -0.141585 -0.415589 0.501433
FixedParameters: 0 0 0

#Transform 10
Transform: AffineTransform_float_3_3
Parameters: 0.999996 0.00127418 -0.00271322 -0.00128182 0.999996 -0.00251353 0.00270979 0.00251646 0.999993 -0.131584 -0.385847 0.462566
FixedParameters: 0 0 0

#Transform 11
Transform: AffineTransform_float_3_3
Parameters: 0.999996 0.000754286 -0.00271244 -0.000762712 0.999994 -0.00321294 0.00270956 0.00321506 0.999991 -0.119995 -0.32645 0.376902
FixedParameters: 0 0 0

#Transform 12
Transform: AffineTransform_float_3_3
Parameters: 0.999999 0.000502053 -0.00136072 -0.000503946 0.999999 -0.00143132 0.00135928 0.00143168 0.999998 -0.0885277 -0.25752 0.349344
FixedParameters: 0 0 0

#Transform 13
Transform: AffineTransform_float_3_3
Parameters: 1 0.000407122 -0.000466767 -0.000407877 0.999998 -0.00188281 0.000465233 0.00188319 0.999998 -0.0838596 -0.282278 0.330596
FixedParameters: 0 0 0

#Transform 14
Transform: AffineTransform_float_3_3
Parameters: 0.999999 0.000178381 -0.000834564 -0.000180617 0.999995 -0.00313885 0.000833437 0.00313915 0.999994 -0.0680024 -0.294233 0.252003
FixedParameters: 0 0 0

#Transform 15
Transform: AffineTransform_float_3_3
Parameters: 1 -0.00055478 -0.000832154 0.000552221 0.999995 -0.00333746 0.000833848 0.00333654 0.999994 -0.00390774 -0.277284 0.13069
FixedParameters: 0 0 0

#Transform 16
Transform: AffineTransform_float_3_3
Parameters: 0.999999 0.000855614 -0.000494667 -0.000856386 1 -0.000779577 0.000494332 0.000780423 0.999999 -0.0271218 -0.10102 0.0426769
FixedParameters: 0 0 0

#Transform 17
Transform: AffineTransform_float_3_3
Parameters: 1 -9.79083e-05 0.000268033 9.80916e-05 1 -0.000341974 -0.000267966 0.000342026 1 0.0438886 -0.0912813 0.0020437
FixedParameters: 0 0 0

#Transform 18
Transform: AffineTransform_float_3_3
Parameters: 1 0.000104849 -0.000285056 -0.000105151 1 -0.00052997 0.000284944 0.00053003 1 0.00721522 -0.0939183 0.0195669
FixedParameters: 0 0 0

#Transform 19
Transform: AffineTransform_float_3_3
Parameters: 1 -0.00024505 -0.000120899 0.00024495 1 -0.00041103 0.000121101 0.00041097 1 0.0286694 0.0024146 -0.00316914
FixedParameters: 0 0 0

#Transform 20
Transform: AffineTransform_float_3_3
Parameters: 0.999999 -0.000801006 -3.38526e-05 0.000800993 0.999999 -0.000184027 3.41474e-05 0.000183973 1 0.0329412 -0.016629 0.00492979
FixedParameters: 0 0 0

#Transform 21
Transform: AffineTransform_float_3_3
Parameters: 1 -0.000479104 -0.000227781 0.000479896 1 -0.000456109 0.000228219 0.000455891 1 0.0278823 -0.0395988 -0.00840966
FixedParameters: 0 0 0

#Transform 22
Transform: AffineTransform_float_3_3
Parameters: 1 -0.000479145 0.000932925 0.000479855 1 0.000156448 -0.000932075 -0.000155553 0.999999 0.0630567 -0.0855364 -0.0998353
FixedParameters: 0 0 0

#Transform 23
Transform: AffineTransform_float_3_3
Parameters: 0.999985 0.00296385 -0.00473837 -0.00320613 0.998645 -0.0519406 0.00457763 0.0519554 0.998639 -0.117442 -1.56177 -2.92145
FixedParameters: 0 0 0

#Transform 24
Transform: AffineTransform_float_3_3
Parameters: 0.999981 0.00190557 -0.00597014 -0.00221648 0.998622 -0.0524298 0.00586284 0.0524422 0.998607 -0.115245 -1.76253 -3.57108
FixedParameters: 0 0 0

#Transform 25
Transform: AffineTransform_float_3_3
Parameters: 0.999989 0.00288307 -0.00382736 -0.00300292 0.999492 -0.0317079 0.00373365 0.0317191 0.99949 -0.0706105 -0.840775 -2.47695
FixedParameters: 0 0 0

#Transform 26
Transform: AffineTransform_float_3_3
Parameters: 0.99999 0.00174271 -0.00429649 -0.0018443 0.999718 -0.0236843 0.00425451 0.0236927 0.99971 -0.00393399 -0.509797 -1.98348
FixedParameters: 0 0 0

#Transform 27
Transform: AffineTransform_float_3_3
Parameters: 0.999988 0.00146106 -0.00451844 -0.00157493 0.999678 -0.0253172 0.00447956 0.0253238 0.99967 0.0082524 -0.371588 -1.98155
FixedParameters: 0 0 0

#Transform 28
Transform: AffineTransform_float_3_3
Parameters: 0.999982 0.000979828 -0.0058936 -0.00115818 0.999535 -0.0304747 0.00586143 0.0304813 0.999518 -0.0171256 -0.604833 -1.67318
FixedParameters: 0 0 0

#Transform 29
Transform: AffineTransform_float_3_3
Parameters: 0.999986 0.00120516 -0.00519798 -0.00135084 0.999603 -0.0281454 0.00516202 0.0281526 0.999591 -0.0159297 -0.576059 -1.65544
FixedParameters: 0 0 0

#Transform 30
Transform: AffineTransform_float_3_3
Parameters: 0.999984 0.00102089 -0.00555982 -0.00116709 0.999653 -0.0263409 0.00553017 0.0263471 0.999637 -0.000525504 -0.545551 -1.60341
FixedParameters: 0 0 0

#Transform 31
Transform: AffineTransform_float_3_3
Parameters: 0.999984 0.00117832 -0.00563491 -0.00132569 0.999654 -0.026277 0.0056021 0.026284 0.999639 -0.0322239 -0.465395 -1.67555
FixedParameters: 0 0 0

#Transform 32
Transform: AffineTransform_float_3_3
Parameters: 0.999987 0.000954065 -0.00500605 -0.00109093 0.999624 -0.0274229 0.00497795 0.0274281 0.999612 -0.0131428 -0.406649 -1.83998
FixedParameters: 0 0 0

#Transform 33
Transform: AffineTransform_float_3_3
Parameters: 0.99998 0.000375253 -0.00643066 -0.000526756 0.999721 -0.0236121 0.00642036 0.0236149 0.999701 -0.00746452 -0.437306 -1.6831
FixedParameters: 0 0 0

#Transform 34
Transform: AffineTransform_float_3_3
Parameters: 0.99989 -0.00193046 -0.0146582 0.00168855 0.999863 -0.0164666 0.0146878 0.0164404 0.999757 0.0311777 -0.735748 -1.49514
FixedParameters: 0 0 0

#Transform 35
Transform: AffineTransform_float_3_3
Parameters: 0.996919 -0.0159019 -0.0768117 0.0152542 0.999843 -0.00901347 0.0769433 0.00781454 0.997005 0.176052 -1.56958 -2.97858
FixedParameters: 0 0 0

#Transform 36
Transform: AffineTransform_float_3_3
Parameters: 0.9973 -0.0156508 -0.0717571 0.0146702 0.999792 -0.014175 0.071964 0.013084 0.997322 0.22656 -1.23589 -3.12239
FixedParameters: 0 0 0

#Transform 37
Transform: AffineTransform_float_3_3
Parameters: 0.999593 -0.00481836 -0.0280966 0.00407564 0.999641 -0.0264553 0.0282134 0.0263298 0.999255 0.383032 -1.206 -2.48689
FixedParameters: 0 0 0

#Transform 38
Transform: AffineTransform_float_3_3
Parameters: 0.999817 0.00024542 -0.0191634 -0.000678574 0.999745 -0.0225701 0.0191526 0.0225788 0.999561 0.00364781 -0.364694 -2.16581
FixedParameters: 0 0 0

#Transform 39
Transform: AffineTransform_float_3_3
Parameters: 0.999752 -0.000263253 -0.0222401 0.00017475 0.999992 -0.00401488 0.0222409 0.00401014 0.999744 -0.0455404 0.161251 -1.40553
FixedParameters: 0 0 0

#Transform 40
Transform: AffineTransform_float_3_3
Parameters: 0.999772 0.000786469 -0.021364 -0.000978535 0.999959 -0.00900315 0.0213561 0.00902186 0.999731 -0.106426 -0.140432 -1.65974
FixedParameters: 0 0 0

#Transform 41
Transform: AffineTransform_float_3_3
Parameters: 0.999726 0.001749 -0.0233334 -0.00200201 0.99994 -0.0108243 0.0233127 0.0108678 0.999669 -0.191947 -0.35326 -2.09084
FixedParameters: 0 0 0

#Transform 42
Transform: AffineTransform_float_3_3
Parameters: 0.999738 0.00191648 -0.0228349 -0.00215051 0.999945 -0.0102496 0.0228141 0.0102964 0.999686 -0.197405 -0.360291 -2.02769
FixedParameters: 0 0 0

#Transform 43
Transform: AffineTransform_float_3_3
Parameters: 0.999794 0.00327301 -0.0200425 -0.00346598 0.999948 -0.00960151 0.0200095 0.00966948 0.999753 -0.333901 -0.146889 -1.86353
FixedParameters: 0 0 0

#Transform 44
Transform: AffineTransform_float_3_3
Parameters: 0.999861 0.00204463 -0.0165362 -0.00222337 0.999939 -0.0108357 0.0165138 0.0108713 0.999804 -0.173696 -0.133345 -1.47334
FixedParameters: 0 0 0

#Transform 45
Transform: AffineTransform_float_3_3
Parameters: 0.999874 0.00191885 -0.0157146 -0.00211813 0.999917 -0.0126653 0.0156884 0.0126977 0.999797 -0.116481 -0.0777977 -1.49709
FixedParameters: 0 0 0

#Transform 46
Transform: AffineTransform_float_3_3
Parameters: 0.999863 0.00221122 -0.0164172 -0.00242477 0.999913 -0.013013 0.0163868 0.013051 0.999781 -0.172543 -0.101828 -1.473
FixedParameters: 0 0 0

#Transform 47
Transform: AffineTransform_float_3_3
Parameters: 0.999884 0.00223347 -0.0150615 -0.00246152 0.999883 -0.0151047 0.0150255 0.0151403 0.999772 -0.170396 -0.125308 -1.57368
FixedParameters: 0 0 0

#Transform 48
Transform: AffineTransform_float_3_3
Parameters: 0.999879 0.00207378 -0.0154562 -0.00230023 0.99989 -0.0146982 0.0154238 0.0147318 0.999772 -0.16073 -0.111654 -1.53569
FixedParameters: 0 0 0

#Transform 49
Transform: AffineTransform_float_3_3
Parameters: 0.999887 0.00261527 -0.0147566 -0.00283473 0.999885 -0.0148888 0.0147164 0.0149292 0.999781 -0.185258 -0.221184 -1.68429
FixedParameters: 0 0 0

#Transform 50
Transform: AffineTransform_float_3_3
Parameters: 0.999895 0.00261352 -0.0142963 -0.0028355 0.999876 -0.0154941 0.0142547 0.0155329 0.999777 -0.223102 -0.325972 -1.96447
FixedParameters: 0 0 0

#Transform 51
Transform: AffineTransform_float_3_3
Parameters: 0.999895 0.00319605 -0.0141422 -0.00342296 0.999866 -0.0160533 0.0140888 0.0160997 0.999771 -0.305718 -0.0975263 -2.23401
FixedParameters: 0 0 0

#Transform 52
Transform: AffineTransform_float_3_3
Parameters: 0.99992 0.00271513 -0.0124081 -0.00293887 0.999832 -0.01806 0.0123569 0.018095 0.99976 -0.227998 0.0456609 -2.6615
FixedParameters: 0 0 0

#Transform 53
Transform: AffineTransform_float_3_3
Parameters: 0.99992 0.00201586 -0.0124302 -0.00223915 0.999836 -0.0179636 0.0123927 0.0179904 0.999762 -0.197849 0.118453 -2.56323
FixedParameters: 0 0 0

#Transform 54
Transform: AffineTransform_float_3_3
Parameters: 0.999927 0.00204997 -0.0118459 -0.00228902 0.999794 -0.0201993 0.0118021 0.0202257 0.999726 -0.175832 0.0492279 -2.62671
FixedParameters: 0 0 0

#Transform 55
Transform: AffineTransform_float_3_3
Parameters: 0.999934 0.00307951 -0.0110764 -0.00332849 0.999739 -0.0225776 0.0110036 0.0226124 0.999683 -0.227123 0.0142694 -2.86119
FixedParameters: 0 0 0

#Transform 56
Transform: AffineTransform_float_3_3
Parameters: 0.99992 0.00377355 -0.0120217 -0.00406546 0.999694 -0.0243961 0.0119263 0.0244429 0.99963 -0.272785 0.0336561 -3.19331
FixedParameters: 0 0 0

#Transform 57
Transform: AffineTransform_float_3_3
Parameters: 0.999924 0.00360102 -0.0117935 -0.00388799 0.999694 -0.024402 0.0117025 0.024446 0.999632 -0.283056 0.208719 -3.14582
FixedParameters: 0 0 0

#Transform 58
Transform: AffineTransform_float_3_3
Parameters: 0.999923 0.00398451 -0.0118088 -0.00428851 0.999658 -0.0257884 0.0117022 0.0258366 0.999597 -0.284691 0.196202 -3.22681
FixedParameters: 0 0 0

#Transform 59
Transform: AffineTransform_float_3_3
Parameters: 0.999923 0.00430038 -0.0116362 -0.00459462 0.999666 -0.0254125 0.0115229 0.0254635 0.99961 -0.300555 0.13873 -3.18774
FixedParameters: 0 0 0

#Transform 60
Transform: AffineTransform_float_3_3
Parameters: 0.999921 0.00441178 -0.0118189 -0.00471323 0.999661 -0.0255813 0.0117021 0.0256347 0.999603 -0.320168 0.19694 -3.19145
FixedParameters: 0 0 0

#Transform 61
Transform: AffineTransform_float_3_3
Parameters: 0.999923 0.00398703 -0.0118058 -0.00428197 0.999676 -0.0250654 0.0117022 0.0251146 0.999616 -0.30333 0.321067 -3.19343
FixedParameters: 0 0 0

#Transform 62
Transform: AffineTransform_float_3_3
Parameters: 0.999927 0.00433648 -0.0112127 -0.00460253 0.999705 -0.0238541 0.0111063 0.0239039 0.999652 -0.330429 0.38941 -3.12866
FixedParameters: 0 0 0

#Transform 63
Transform: AffineTransform_float_3_3
Parameters: 0.999914 0.00521598 -0.0120746 -0.00555802 0.999579 -0.0284684 0.0119204 0.0285326 0.999522 -0.396257 0.142824 -3.24631
FixedParameters: 0 0 0

#Transform 64
Transform: AffineTransform_float_3_3
Parameters: 0.999919 0.00517045 -0.0116304 -0.00551257 0.999546 -0.0296163 0.0114726 0.0296777 0.999493 -0.373346 -0.011638 -3.29823
FixedParameters: 0 0 0

#Transform 65
Transform: AffineTransform_float_3_3
Parameters: 0.999924 0.00488078 -0.0113428 -0.00521322 0.999553 -0.0294461 0.0111942 0.0295029 0.999502 -0.340307 0.0535641 -3.26832
FixedParameters: 0 0 0

#Transform 66
Transform: AffineTransform_float_3_3
Parameters: 0.999937 0.00456027 -0.0102361 -0.00484873 0.999589 -0.0282631 0.0101029 0.0283108 0.999548 -0.322877 0.0487016 -3.10091
FixedParameters: 0 0 0

#Transform 67
Transform: AffineTransform_float_3_3
Parameters: 0.999937 0.0054361 -0.009753 -0.0058279 0.999158 -0.0406147 0.00952401 0.0406683 0.999128 -0.301589 -0.700719 -3.89347
FixedParameters: 0 0 0

#Transform 68
Transform: AffineTransform_float_3_3
Parameters: 0.999939 0.00565343 -0.00946739 -0.00609961 0.998837 -0.0478252 0.00918664 0.0478798 0.998811 -0.272584 -0.854854 -4.14661
FixedParameters: 0 0 0

#Transform 69
Transform: AffineTransform_float_3_3
Parameters: 0.999941 0.0050993 -0.0095684 -0.00539268 0.999507 -0.0309232 0.00940561 0.0309738 0.999476 -0.222769 0.26486 -3.26521
FixedParameters: 0 0 0

#Transform 70
Transform: AffineTransform_float_3_3
Parameters: 0.999935 0.00506712 -0.0102015 -0.00539286 0.999467 -0.0321741 0.0100325 0.0322269 0.99943 -0.240141 0.00886656 -3.4948
FixedParameters: 0 0 0

#Transform 71
Transform: AffineTransform_float_3_3
Parameters: 0.999938 0.00458996 -0.0101976 -0.00491906 0.999461 -0.0324799 0.0100434 0.0325282 0.999421 -0.252446 -0.0522053 -3.37612
FixedParameters: 0 0 0

#Transform 72
Transform: AffineTransform_float_3_3
Parameters: 0.999934 0.00444397 -0.0106581 -0.00479903 0.999426 -0.0335201 0.0105029 0.0335689 0.999381 -0.264422 -0.0839804 -3.53624
FixedParameters: 0 0 0

#Transform 73
Transform: AffineTransform_float_3_3
Parameters: 0.999808 0.00800521 -0.0178537 -0.00893675 0.998568 -0.0527365 0.0174053 0.0528854 0.998449 -0.542647 -1.00292 -4.43903
FixedParameters: 0 0 0

#Transform 74
Transform: AffineTransform_float_3_3
Parameters: 0.99974 0.00851944 -0.0211217 -0.00953057 0.998789 -0.0482632 0.0206853 0.0484518 0.998612 -0.598108 -0.672676 -4.2436
FixedParameters: 0 0 0

#Transform 75
Transform: AffineTransform_float_3_3
Parameters: 0.999788 0.00739179 -0.0192501 -0.00824521 0.998968 -0.0446798 0.0188999 0.0448292 0.998816 -0.561804 -0.272963 -4.14155
FixedParameters: 0 0 0

#Transform 76
Transform: AffineTransform_float_3_3
Parameters: 0.999893 0.00523953 -0.0137108 -0.00570945 0.999391 -0.0344294 0.0135212 0.0345036 0.999313 -0.313908 -0.419935 -3.22933
FixedParameters: 0 0 0

#Transform 77
Transform: AffineTransform_float_3_3
Parameters: 0.999905 0.00474694 -0.0129556 -0.00525008 0.999223 -0.0390757 0.0127604 0.0391403 0.999153 -0.280175 -0.291726 -3.49172
FixedParameters: 0 0 0

#Transform 78
Transform: AffineTransform_float_3_3
Parameters: 0.999917 0.00410529 -0.0122247 -0.00458471 0.99921 -0.0394742 0.0120533 0.0395278 0.999146 -0.247668 -0.262127 -3.58285
FixedParameters: 0 0 0

#Transform 79
Transform: AffineTransform_float_3_3
Parameters: 0.999916 0.00401018 -0.0123832 -0.00450181 0.999191 -0.0399476 0.0122128 0.0400004 0.999125 -0.242977 -0.228243 -3.62848
FixedParameters: 0 0 0

#Transform 80
Transform: AffineTransform_float_3_3
Parameters: 0.999908 0.00404179 -0.0129578 -0.00454422 0.999227 -0.0390437 0.0127902 0.0390983 0.999154 -0.26938 -0.18942 -3.55734
FixedParameters: 0 0 0

#Transform 81
Transform: AffineTransform_float_3_3
Parameters: 0.999901 0.0041479 -0.0133909 -0.0046641 0.999239 -0.0387423 0.0132201 0.0388016 0.999159 -0.278939 -0.188091 -3.61188
FixedParameters: 0 0 0

#Transform 82
Transform: AffineTransform_float_3_3
Parameters: 0.999897 0.00415985 -0.013773 -0.00468215 0.99926 -0.0381715 0.0136041 0.0382326 0.999177 -0.306188 -0.183939 -3.58996
FixedParameters: 0 0 0

#Transform 83
Transform: AffineTransform_float_3_3
Parameters: 0.999903 0.0038163 -0.0134458 -0.00433972 0.999225 -0.0391385 0.0132862 0.0391926 0.999144 -0.295757 -0.148585 -3.61698
FixedParameters: 0 0 0

#Transform 84
Transform: AffineTransform_float_3_3
Parameters: 0.999908 0.00397417 -0.013015 -0.00445884 0.999289 -0.0374374 0.012857 0.0374916 0.999214 -0.312752 -0.11114 -3.51587
FixedParameters: 0 0 0

#Transform 85
Transform: AffineTransform_float_3_3
Parameters: 0.999908 0.0038419 -0.0130643 -0.00433809 0.999262 -0.0381599 0.0129078 0.0382132 0.999186 -0.30645 -0.137299 -3.55535
FixedParameters: 0 0 0

#Transform 86
Transform: AffineTransform_float_3_3
Parameters: 0.999919 0.00426211 -0.012013 -0.00470889 0.999288 -0.0374215 0.011845 0.0374745 0.999228 -0.348323 -0.143359 -3.34982
FixedParameters: 0 0 0

#Transform 87
Transform: AffineTransform_float_3_3
Parameters: 0.999912 0.00374836 -0.0126844 -0.00423863 0.999235 -0.0388777 0.0125286 0.0389274 0.999164 -0.329327 -0.195609 -3.38126
FixedParameters: 0 0 0

#Transform 88
Transform: AffineTransform_float_3_3
Parameters: 0.999923 0.00385568 -0.0117401 -0.00430231 0.999259 -0.0382314 0.0115839 0.0382796 0.9992 -0.304538 -0.161779 -3.42902
FixedParameters: 0 0 0

#Transform 89
Transform: AffineTransform_float_3_3
Parameters: 0.999921 0.00375694 -0.0119767 -0.00422707 0.999212 -0.0394675 0.0118193 0.0395145 0.999149 -0.310895 -0.142336 -3.57755
FixedParameters: 0 0 0

#Transform 90
Transform: AffineTransform_float_3_3
Parameters: 0.999919 0.00388512 -0.0121223 -0.00436192 0.999208 -0.0395644 0.0119597 0.0396137 0.999144 -0.318966 -0.0840317 -3.67806
FixedParameters: 0 0 0

#Transform 91
Transform: AffineTransform_float_3_3
Parameters: 0.999929 0.00372417 -0.0113382 -0.00417483 0.999191 -0.0400025 0.0111799 0.0400465 0.999136 -0.313259 -0.0949833 -3.62884
FixedParameters: 0 0 0

#Transform 92
Transform: AffineTransform_float_3_3
Parameters: 0.999931 0.00395899 -0.0111153 -0.004403 0.999182 -0.0402099 0.0109467 0.0402562 0.99913 -0.331325 -0.135978 -3.64428
FixedParameters: 0 0 0

#Transform 93
Transform: AffineTransform_float_3_3
Parameters: 0.999934 0.00384232 -0.0107766 -0.00426668 0.999207 -0.0395706 0.0106164 0.0396144 0.999158 -0.336429 -0.0868405 -3.52605
FixedParameters: 0 0 0

#Transform 94
Transform: AffineTransform_float_3_3
Parameters: 0.999916 0.00548136 -0.0117306 -0.00594966 0.99917 -0.0402956 0.0115004 0.0403624 0.999119 -0.470348 -0.140404 -3.63164
FixedParameters: 0 0 0

#Transform 95
Transform: AffineTransform_float_3_3
Parameters: 0.999923 0.00489505 -0.0113842 -0.00534694 0.999185 -0.0400142 0.0111789 0.0400718 0.999135 -0.405959 -0.165018 -3.66561
FixedParameters: 0 0 0

#Transform 96
Transform: AffineTransform_float_3_3
Parameters: 0.999934 0.00478946 -0.0104907 -0.00517457 0.999301 -0.0370382 0.0103063 0.0370898 0.999259 -0.382306 -0.0811914 -3.47811
FixedParameters: 0 0 0

#Transform 97
Transform: AffineTransform_float_3_3
Parameters: 0.999934 0.00442164 -0.010672 -0.00481736 0.999288 -0.0374051 0.010499 0.0374539 0.999243 -0.325132 -0.141563 -3.4193
FixedParameters: 0 0 0

#Transform 98
Transform: AffineTransform_float_3_3
Parameters: 0.999937 0.00451827 -0.0103169 -0.00488974 0.999329 -0.0362949 0.0101461 0.0363431 0.999288 -0.298786 -0.0905496 -3.62555
FixedParameters: 0 0 0

#Transform 99
Transform: AffineTransform_float_3_3
Parameters: 0.999948 0.0058534 -0.00837558 -0.00607459 0.999629 -0.0265605 0.00821641 0.0266095 0.999612 -0.404887 -0.469399 -2.94412
FixedParameters: 0 0 0

#Transform 100
Transform: AffineTransform_float_3_3
Parameters: 0.999947 0.00552101 -0.00861273 -0.00580197 0.99944 -0.0329488 0.00842526 0.0329972 0.99942 -0.439327 -0.177613 -3.41994
FixedParameters: 0 0 0

#Transform 101
Transform: AffineTransform_float_3_3
Parameters: 0.999973 0.00552086 -0.00486667 -0.00577216 0.998568 -0.0531974 0.00456632 0.0532247 0.998572 -0.149017 0.619209 -6.84935
FixedParameters: 0 0 0

#Transform 102
Transform: AffineTransform_float_3_3
Parameters: 0.999967 0.00666459 -0.00464181 -0.00692842 0.998205 -0.0594898 0.00423723 0.0595202 0.998218 -0.107822 0.772486 -9.08888
FixedParameters: 0 0 0

#Transform 103
Transform: AffineTransform_float_3_3
Parameters: 0.999979 0.00578228 -0.00314745 -0.00595569 0.998301 -0.0579535 0.00280651 0.0579715 0.998315 -0.00752894 0.627279 -8.86953
FixedParameters: 0 0 0

#Transform 104
Transform: AffineTransform_float_3_3
Parameters: 0.999981 0.00533363 -0.00304066 -0.00550939 0.998127 -0.0609274 0.00271031 0.0609436 0.998137 0.024944 0.600946 -9.14411
FixedParameters: 0 0 0

#Transform 105
Transform: AffineTransform_float_3_3
Parameters: 0.999981 0.0052722 -0.00325905 -0.00546378 0.998085 -0.0616074 0.00292791 0.0616236 0.998095 0.0244593 0.552624 -9.24825
FixedParameters: 0 0 0

#Transform 106
Transform: AffineTransform_float_3_3
Parameters: 0.999978 0.00571799 -0.00330599 -0.00591601 0.997973 -0.0633599 0.00293701 0.0633782 0.997986 -0.000335209 0.56496 -9.30643
FixedParameters: 0 0 0

#Transform 107
Transform: AffineTransform_float_3_3
Parameters: 0.999975 0.00557612 -0.00420324 -0.00581986 0.998171 -0.060177 0.0038597 0.0602 0.998179 -0.068422 0.606852 -8.95429
FixedParameters: 0 0 0

#Transform 108
Transform: AffineTransform_float_3_3
Parameters: 0.99997 0.00587191 -0.00504729 -0.00618314 0.997931 -0.0640067 0.00466171 0.0640353 0.997936 -0.121264 0.499976 -9.09818
FixedParameters: 0 0 0

#Transform 109
Transform: AffineTransform_float_3_3
Parameters: 0.999973 0.00528002 -0.00499713 -0.00558396 0.998003 -0.0629087 0.00465486 0.0629352 0.998007 -0.0985169 0.558543 -8.97195
FixedParameters: 0 0 0

#Transform 110
Transform: AffineTransform_float_3_3
Parameters: 0.999972 0.00509988 -0.0053616 -0.00544214 0.997814 -0.0658597 0.00501439 0.0658874 0.997815 -0.115193 0.512663 -9.14643
FixedParameters: 0 0 0

#Transform 111
Transform: AffineTransform_float_3_3
Parameters: 0.99996 0.00458103 -0.00768669 -0.00505293 0.998029 -0.0625497 0.00738432 0.0625854 0.998013 -0.194683 0.611492 -8.96807
FixedParameters: 0 0 0

#Transform 112
Transform: AffineTransform_float_3_3
Parameters: 0.999959 0.00569528 -0.00701557 -0.00610475 0.998199 -0.0596866 0.00666338 0.0597274 0.998192 -0.152606 0.465828 -8.86606
FixedParameters: 0 0 0

#Transform 113
Transform: AffineTransform_float_3_3
Parameters: 0.999964 0.00573333 -0.0062561 -0.00610466 0.998123 -0.060934 0.00589486 0.06097 0.998122 -0.110007 0.319181 -9.43219
FixedParameters: 0 0 0

#Transform 114
Transform: AffineTransform_float_3_3
Parameters: 0.999988 0.00356269 -0.00343118 -0.00368935 0.999289 -0.0375398 0.00329581 0.0375512 0.99929 0.0155359 0.628899 -8.17609
FixedParameters: 0 0 0

#Transform 115
Transform: AffineTransform_float_3_3
Parameters: 0.999974 0.00548463 -0.00481577 -0.00571438 0.998772 -0.0492028 0.00454026 0.0492292 0.998777 -0.119125 0.791714 -8.77747
FixedParameters: 0 0 0

#Transform 116
Transform: AffineTransform_float_3_3
Parameters: 0.999969 0.0054347 -0.00567822 -0.0057313 0.99855 -0.0535402 0.00537878 0.0535709 0.99855 -0.124384 0.643827 -9.00859
FixedParameters: 0 0 0

#Transform 117
Transform: AffineTransform_float_3_3
Parameters: 0.999975 0.00526605 -0.00457941 -0.00552299 0.998299 -0.0580371 0.00426659 0.0580609 0.998304 -0.101653 0.719038 -9.22605
FixedParameters: 0 0 0

#Transform 118
Transform: AffineTransform_float_3_3
Parameters: 0.999976 0.00589383 -0.00369781 -0.00608512 0.998521 -0.0540128 0.00337318 0.0540342 0.998534 -0.135042 0.780368 -9.13282
FixedParameters: 0 0 0

#Transform 119
Transform: AffineTransform_float_3_3
Parameters: 0.999977 0.00593898 -0.00306791 -0.00608503 0.99873 -0.0500105 0.00276709 0.0500286 0.998744 -0.116405 0.618538 -8.92236
FixedParameters: 0 0 0

#Transform 120
Transform: AffineTransform_float_3_3
Parameters: 0.999974 0.00588164 -0.0043212 -0.00610135 0.998582 -0.052888 0.00400384 0.052913 0.998591 -0.12983 0.674134 -9.10069
FixedParameters: 0 0 0

#Transform 121
Transform: AffineTransform_float_3_3
Parameters: 0.999974 0.00533971 -0.00486146 -0.00558327 0.998658 -0.0514892 0.00457952 0.0515148 0.998661 -0.0258282 0.798485 -9.67233
FixedParameters: 0 0 0

#Transform 122
Transform: AffineTransform_float_3_3
Parameters: 0.999958 0.00612301 -0.0068241 -0.00645998 0.998703 -0.0505061 0.0065059 0.050548 0.998701 -0.108258 0.780806 -9.12631
FixedParameters: 0 0 0

#Transform 123
Transform: AffineTransform_float_3_3
Parameters: 0.999915 0.00983962 -0.00852508 -0.0102284 0.998853 -0.0467798 0.00805491 0.0468632 0.998869 0.162807 1.10485 -10.2411
FixedParameters: 0 0 0

#Transform 124
Transform: AffineTransform_float_3_3
Parameters: 0.999915 0.00748502 -0.0106096 -0.008248 0.99724 -0.0737957 0.0100283 0.0738773 0.997217 -0.196231 0.117907 -10.0372
FixedParameters: 0 0 0

#Transform 125
Transform: AffineTransform_float_3_3
Parameters: 0.999899 0.00789176 -0.011836 -0.00869923 0.997524 -0.0697781 0.011256 0.0698739 0.997493 -0.315989 0.461606 -10.0583
FixedParameters: 0 0 0

#Transform 126
Transform: AffineTransform_float_3_3
Parameters: 0.999915 0.00792641 -0.0103409 -0.0086186 0.997604 -0.0686457 0.00977207 0.0687283 0.997587 -0.30312 0.670413 -10.1106
FixedParameters: 0 0 0

#Transform 127
Transform: AffineTransform_float_3_3
Parameters: 0.999929 0.00798332 -0.00892431 -0.00854865 0.997832 -0.0652564 0.0083837 0.0653286 0.997828 -0.295027 0.782324 -9.84909
FixedParameters: 0 0 0

#Transform 128
Transform: AffineTransform_float_3_3
Parameters: 0.999939 0.00767031 -0.00792592 -0.00815869 0.997951 -0.0634501 0.00742304 0.0635108 0.997953 -0.291004 0.695904 -9.62577
FixedParameters: 0 0 0

#Transform 129
Transform: AffineTransform_float_3_3
Parameters: 0.999931 0.0068421 -0.00948776 -0.00740892 0.998107 -0.0610629 0.00905224 0.0611291 0.998089 -0.345486 0.746043 -9.64525
FixedParameters: 0 0 0

#Transform 130
Transform: AffineTransform_float_3_3
Parameters: 0.99993 0.00733752 -0.00935921 -0.00793248 0.997844 -0.0651493 0.00886076 0.0652186 0.997831 -0.375992 0.686512 -9.99137
FixedParameters: 0 0 0

#Transform 131
Transform: AffineTransform_float_3_3
Parameters: 0.999936 0.00724619 -0.00875387 -0.00777882 0.998018 -0.0624489 0.00828414 0.062513 0.99801 -0.325397 0.805725 -9.81742
FixedParameters: 0 0 0

#Transform 132
Transform: AffineTransform_float_3_3
Parameters: 0.999937 0.00727351 -0.00861363 -0.00777846 0.998157 -0.0601838 0.00815941 0.0602472 0.99815 -0.312756 0.855 -9.6721
FixedParameters: 0 0 0

#Transform 133
Transform: AffineTransform_float_3_3
Parameters: 0.999933 0.00724794 -0.00904164 -0.00777909 0.998159 -0.0601537 0.00858936 0.0602193 0.998148 -0.311099 0.799738 -9.46282
FixedParameters: 0 0 0

#Transform 134
Transform: AffineTransform_float_3_3
Parameters: 0.999933 0.00675642 -0.00939479 -0.0072946 0.998259 -0.0585284 0.00898323 0.0585926 0.998241 -0.309677 0.763208 -9.35783
FixedParameters: 0 0 0

#Transform 135
Transform: AffineTransform_float_3_3
Parameters: 0.999909 0.00718548 -0.0114333 -0.00783655 0.998286 -0.0579987 0.0109977 0.0580833 0.998251 -0.33254 0.770561 -9.33563
FixedParameters: 0 0 0

#Transform 136
Transform: AffineTransform_float_3_3
Parameters: 0.999891 0.00771371 -0.0125779 -0.0083993 0.998431 -0.0553734 0.0121311 0.0554737 0.998387 -0.392665 0.893767 -9.20493
FixedParameters: 0 0 0

#Transform 137
Transform: AffineTransform_float_3_3
Parameters: 0.999905 0.00781013 -0.0113734 -0.00839985 0.998571 -0.0527755 0.0109446 0.0528655 0.998541 -0.374413 1.05781 -9.27652
FixedParameters: 0 0 0

#Transform 138
Transform: AffineTransform_float_3_3
Parameters: 0.999926 0.00752027 -0.00963934 -0.00800672 0.998642 -0.0514927 0.00923868 0.0515663 0.998627 -0.355682 1.09493 -9.2255
FixedParameters: 0 0 0

#Transform 139
Transform: AffineTransform_float_3_3
Parameters: 0.999932 0.0074607 -0.0090246 -0.00796727 0.998311 -0.057549 0.00857944 0.0576169 0.998302 -0.345669 0.981624 -9.52518
FixedParameters: 0 0 0

#Transform 140
Transform: AffineTransform_float_3_3
Parameters: 0.999947 0.00712449 -0.00745048 -0.00748848 0.998716 -0.0500979 0.00708353 0.0501511 0.998716 -0.312758 1.09431 -9.29958
FixedParameters: 0 0 0

#Transform 141
Transform: AffineTransform_float_3_3
Parameters: 0.999922 0.00694578 -0.010403 -0.00748822 0.99856 -0.0531232 0.0100191 0.0531967 0.998534 -0.330365 1.09486 -9.40303
FixedParameters: 0 0 0

#Transform 142
Transform: AffineTransform_float_3_3
Parameters: 0.999935 0.00703887 -0.00890602 -0.00748912 0.998642 -0.0515606 0.00853096 0.0516244 0.99863 -0.321593 1.09393 -9.35183
FixedParameters: 0 0 0

#Transform 143
Transform: AffineTransform_float_3_3
Parameters: 0.999939 0.00705799 -0.00858145 -0.007489 0.998657 -0.0512779 0.00820755 0.0513391 0.998647 -0.319595 1.10446 -9.3372
FixedParameters: 0 0 0

#Transform 144
Transform: AffineTransform_float_3_3
Parameters: 0.999937 0.00678525 -0.00891995 -0.00722176 0.998735 -0.0497637 0.00857103 0.0498243 0.998721 -0.309748 1.14175 -9.2345
FixedParameters: 0 0 0

#Transform 145
Transform: AffineTransform_float_3_3
Parameters: 0.999936 0.00656306 -0.0091618 -0.00699295 0.998836 -0.0477129 0.0088382 0.047773 0.998819 -0.312814 1.184 -9.23388
FixedParameters: 0 0 0

#Transform 146
Transform: AffineTransform_float_3_3
Parameters: 0.999935 0.00674117 -0.00911336 -0.00713785 0.998995 -0.0442358 0.00880665 0.0442982 0.99898 -0.298713 1.11307 -8.99271
FixedParameters: 0 0 0

#Transform 147
Transform: AffineTransform_float_3_3
Parameters: 0.999935 0.00695652 -0.00904052 -0.00730946 0.99919 -0.0395595 0.00875747 0.0396225 0.999177 -0.289461 1.13629 -8.72325
FixedParameters: 0 0 0

#Transform 148
Transform: AffineTransform_float_3_3
Parameters: 0.999939 0.0066697 -0.00881266 -0.00701332 0.999195 -0.0395166 0.00854232 0.0395764 0.99918 -0.290368 1.14294 -8.66682
FixedParameters: 0 0 0

#Transform 149
Transform: AffineTransform_float_3_3
Parameters: 0.999938 0.00699792 -0.00874154 -0.00734509 0.999159 -0.0403243 0.00845247 0.0403867 0.999149 -0.295367 1.25491 -8.81218
FixedParameters: 0 0 0

#Transform 150
Transform: AffineTransform_float_3_3
Parameters: 0.999943 0.00679343 -0.00826174 -0.00717859 0.998842 -0.0475724 0.00792927 0.0476286 0.998833 -0.310877 1.21502 -9.276
FixedParameters: 0 0 0

#Transform 151
Transform: AffineTransform_float_3_3
Parameters: 0.999943 0.00638405 -0.00853627 -0.00682493 0.998589 -0.0526657 0.00818773 0.0527212 0.998575 -0.305187 1.16697 -9.52963
FixedParameters: 0 0 0

#Transform 152
Transform: AffineTransform_float_3_3
Parameters: 0.999931 0.00637822 -0.00992278 -0.0069908 0.997989 -0.062999 0.00950124 0.063064 0.997965 -0.323925 0.952475 -10.0157
FixedParameters: 0 0 0

#Transform 153
Transform: AffineTransform_float_3_3
Parameters: 0.99991 0.00994921 -0.00901562 -0.0104458 0.998329 -0.056844 0.00843539 0.0569331 0.998343 -0.52261 1.19768 -9.8516
FixedParameters: 0 0 0

#Transform 154
Transform: AffineTransform_float_3_3
Parameters: 0.999894 0.00932928 -0.0111205 -0.00979973 0.999024 -0.0430535 0.0107085 0.0431584 0.999011 -0.529657 1.14454 -9.08526
FixedParameters: 0 0 0

#Transform 155
Transform: AffineTransform_float_3_3
Parameters: 0.999893 0.010694 -0.010045 -0.010992 0.999487 -0.0300958 0.00971799 0.0302032 0.999496 -0.557312 1.30905 -8.51875
FixedParameters: 0 0 0

#Transform 156
Transform: AffineTransform_float_3_3
Parameters: 0.999906 0.00973747 -0.00964037 -0.0100105 0.999536 -0.0287442 0.00935566 0.0288378 0.999541 -0.502655 1.5889 -8.3045
FixedParameters: 0 0 0

#Transform 157
Transform: AffineTransform_float_3_3
Parameters: 0.999914 0.00946262 -0.00900988 -0.00976737 0.999362 -0.0343599 0.0086791 0.0344451 0.999369 -0.517464 1.51258 -8.70859
FixedParameters: 0 0 0

#Transform 158
Transform: AffineTransform_float_3_3
Parameters: 0.999919 0.00856506 -0.00936343 -0.00886591 0.999429 -0.0325846 0.00907857 0.0326654 0.999425 -0.483119 1.51298 -8.62943
FixedParameters: 0 0 0

#Transform 159
Transform: AffineTransform_float_3_3
Parameters: 0.999915 0.00814448 -0.0101995 -0.00847053 0.99944 -0.0323894 0.0099305 0.0324737 0.999424 -0.476931 1.52595 -8.4977
FixedParameters: 0 0 0

#Transform 160
Transform: AffineTransform_float_3_3
Parameters: 0.999911 0.00792993 -0.0107974 -0.00825508 0.999503 -0.0304016 0.0105516 0.0304884 0.99948 -0.46791 1.44368 -8.43727
FixedParameters: 0 0 0

#Transform 161
Transform: AffineTransform_float_3_3
Parameters: 0.999913 0.00809699 -0.010482 -0.00844701 0.999394 -0.0337894 0.010202 0.0338756 0.999374 -0.482988 1.39308 -8.59157
FixedParameters: 0 0 0

#Transform 162
Transform: AffineTransform_float_3_3
Parameters: 0.999913 0.00778526 -0.0107129 -0.00818275 0.999263 -0.0375026 0.0104131 0.0375874 0.999239 -0.487452 1.37765 -8.76268
FixedParameters: 0 0 0

#Transform 163
Transform: AffineTransform_float_3_3
Parameters: 0.999912 0.00849604 -0.0102511 -0.00885797 0.99932 -0.0357974 0.0099399 0.0358846 0.999307 -0.4954 1.36873 -8.52286
FixedParameters: 0 0 0

#Transform 164
Transform: AffineTransform_float_3_3
Parameters: 0.9999 0.00871683 -0.0110696 -0.00914114 0.999202 -0.0388647 0.0107214 0.0389613 0.999183 -0.515819 1.32292 -8.61852
FixedParameters: 0 0 0

#Transform 165
Transform: AffineTransform_float_3_3
Parameters: 0.999909 0.00837219 -0.0105823 -0.00874882 0.99931 -0.0360767 0.0102737 0.0361663 0.999293 -0.493626 1.43937 -8.68442
FixedParameters: 0 0 0

#Transform 166
Transform: AffineTransform_float_3_3
Parameters: 0.999897 0.00923305 -0.0110018 -0.00961896 0.999322 -0.0355599 0.0106662 0.0356622 0.999307 -0.553148 1.43746 -8.73925
FixedParameters: 0 0 0

#Transform 167
Transform: AffineTransform_float_3_3
Parameters: 0.999897 0.0090946 -0.0111573 -0.00953144 0.999163 -0.0397978 0.0107867 0.0399003 0.999146 -0.527146 1.38709 -9.01629
FixedParameters: 0 0 0

#Transform 168
Transform: AffineTransform_float_3_3
Parameters: 0.999917 0.00871898 -0.00949368 -0.00908003 0.99921 -0.038673 0.00914931 0.038756 0.999207 -0.474241 1.40912 -9.1703
FixedParameters: 0 0 0

#Transform 169
Transform: AffineTransform_float_3_3
Parameters: 0.999931 0.00830828 -0.00835681 -0.00858874 0.99938 -0.0341376 0.00806822 0.0342064 0.999382 -0.458583 1.46542 -8.82545
FixedParameters: 0 0 0

#Transform 170
Transform: AffineTransform_float_3_3
Parameters: 0.999927 0.00849513 -0.00867696 -0.00877087 0.999441 -0.0322663 0.00839804 0.0323407 0.999441 -0.447643 1.44562 -8.66634
FixedParameters: 0 0 0

#Transform 171
Transform: AffineTransform_float_3_3
Parameters: 0.999919 0.00840996 -0.00956204 -0.00871707 0.999432 -0.0325353 0.00928395 0.0326157 0.999425 -0.461986 1.46711 -8.73243
FixedParameters: 0 0 0

#Transform 172
Transform: AffineTransform_float_3_3
Parameters: 0.999925 0.00842762 -0.00896705 -0.00871638 0.999426 -0.0327373 0.00868597 0.0328137 0.999424 -0.46627 1.48446 -8.745
FixedParameters: 0 0 0

#Transform 173
Transform: AffineTransform_float_3_3
Parameters: 0.999918 0.00884167 -0.00926046 -0.00914731 0.999398 -0.033465 0.00895853 0.033547 0.999397 -0.466898 1.51873 -8.77924
FixedParameters: 0 0 0

#Transform 174
Transform: AffineTransform_float_3_3
Parameters: 0.99992 0.00880848 -0.00913517 -0.00909252 0.999459 -0.0315865 0.00885185 0.0316675 0.99946 -0.474985 1.556 -8.74144
FixedParameters: 0 0 0

#Transform 175
Transform: AffineTransform_float_3_3
Parameters: 0.999917 0.00877901 -0.00949406 -0.009164 0.999105 -0.0412984 0.00912295 0.0413815 0.999102 -0.457247 1.29011 -9.14938
FixedParameters: 0 0 0

#Transform 176
Transform: AffineTransform_float_3_3
Parameters: 0.999901 0.0108462 -0.00903333 -0.0112598 0.998827 -0.047089 0.00851168 0.047186 0.99885 -0.475008 0.83899 -10.3365
FixedParameters: 0 0 0

#Transform 177
Transform: AffineTransform_float_3_3
Parameters: 0.999868 0.00853587 -0.0138767 -0.00881213 0.999762 -0.0199604 0.0137033 0.0200806 0.999705 -0.497122 0.792115 -9.27977
FixedParameters: 0 0 0

#Transform 178
Transform: AffineTransform_float_3_3
Parameters: 0.999865 0.00750571 -0.0146337 -0.00810325 0.999115 -0.041263 0.0143104 0.041376 0.999041 -0.564891 1.80722 -10.1599
FixedParameters: 0 0 0

#Transform 179
Transform: AffineTransform_float_3_3
Parameters: 0.999912 0.00639288 -0.0116327 -0.00708507 0.99814 -0.0605519 0.0112233 0.0606291 0.998098 -0.335481 1.30099 -10.5971
FixedParameters: 0 0 0

#Transform 180
Transform: AffineTransform_float_3_3
Parameters: 0.999918 0.00591598 -0.0112955 -0.00661799 0.997982 -0.0631604 0.0108985 0.0632297 0.99794 -0.320579 1.09078 -10.5497
FixedParameters: 0 0 0

#Transform 181
Transform: AffineTransform_float_3_3
Parameters: 0.999924 0.00599904 -0.0107794 -0.006671 0.997965 -0.0634229 0.0103776 0.0634901 0.997928 -0.316512 1.08355 -10.5753
FixedParameters: 0 0 0

#Transform 182
Transform: AffineTransform_float_3_3
Parameters: 0.999925 0.00584719 -0.010768 -0.0065158 0.997982 -0.0631606 0.010377 0.0632264 0.997946 -0.313086 1.14567 -10.7163
FixedParameters: 0 0 0

#Transform 183
Transform: AffineTransform_float_3_3
Parameters: 0.999927 0.00593578 -0.0105811 -0.00659722 0.997954 -0.0635929 0.0101819 0.0636581 0.99792 -0.31495 1.13211 -10.8087
FixedParameters: 0 0 0

#Transform 184
Transform: AffineTransform_float_3_3
Parameters: 0.999918 0.00578129 -0.0114287 -0.00651973 0.997818 -0.0656929 0.0110243 0.0657621 0.997775 -0.331302 1.09611 -10.9142
FixedParameters: 0 0 0

#Transform 185
Transform: AffineTransform_float_3_3
Parameters: 0.999918 0.0055556 -0.0114807 -0.00630334 0.997791 -0.066124 0.0110873 0.066191 0.997746 -0.312303 1.04203 -10.9294
FixedParameters: 0 0 0

#Transform 186
Transform: AffineTransform_float_3_3
Parameters: 0.999902 0.00596752 -0.0127221 -0.00682454 0.997636 -0.068378 0.0122849 0.0684581 0.997579 -0.343101 1.04147 -11.1253
FixedParameters: 0 0 0

#Transform 187
Transform: AffineTransform_float_3_3
Parameters: 0.999893 0.00552171 -0.0134916 -0.00653324 0.997078 -0.0761009 0.0130314 0.076181 0.997009 -0.285375 1.15597 -12.3305
FixedParameters: 0 0 0

#Transform 188
Transform: AffineTransform_float_3_3
Parameters: 0.999902 0.00479689 -0.0131407 -0.00578214 0.997092 -0.0759855 0.0127383 0.0760536 0.997023 -0.260546 1.19122 -12.8065
FixedParameters: 0 0 0

#Transform 189
Transform: AffineTransform_float_3_3
Parameters: 0.999901 0.00528592 -0.012999 -0.00625414 0.997119 -0.0755971 0.0125629 0.0756708 0.997053 -0.283669 1.17766 -12.763
FixedParameters: 0 0 0

#Transform 190
Transform: AffineTransform_float_3_3
Parameters: 0.999899 0.00495763 -0.0133355 -0.00598241 0.996936 -0.0779841 0.0129086 0.0780559 0.996866 -0.294174 1.10657 -12.9492
FixedParameters: 0 0 0

#Transform 191
Transform: AffineTransform_float_3_3
Parameters: 0.999895 0.00491136 -0.0135791 -0.00593662 0.997048 -0.0765524 0.013163 0.0766256 0.996973 -0.281357 1.13633 -12.8437
FixedParameters: 0 0 0

#Transform 192
Transform: AffineTransform_float_3_3
