# transform file /out/sourcedata/freesurfer/sub-v2s2x29086_ses-1/mri/transforms/cc_up.lta
# created by oesteban on Fri Mar 13 00:28:07 2026

type      = 0 # LINEAR_VOX_TO_VOX
nxforms   = 1
mean      = 127.0000 136.0000 122.0000
sigma     = 10000.0000
1 4 4
9.995589852333069e-01 2.764370990917087e-03 -2.956744655966759e-02 2.902792692184448e+00 
-2.763162367045879e-03 9.999961853027344e-01 8.173570677172393e-05 8.345355033874512e+00 
2.956755831837654e-02 -7.275957614183426e-12 9.995627999305725e-01 4.256875514984131e+00 
0.000000000000000e+00 0.000000000000000e+00 0.000000000000000e+00 1.000000000000000e+00 
src volume info
valid = 1  # volume info valid
filename = /out/sourcedata/freesurfer/sub-v2s2x29086_ses-1/mri/norm.mgz
volume = 256 256 256
voxelsize = 8.984374403953552e-01 8.984374403953552e-01 8.984374403953552e-01
xras   = -1.000000119209290e+00 0.000000000000000e+00 0.000000000000000e+00
yras   = 0.000000000000000e+00 0.000000000000000e+00 -1.000000000000000e+00
zras   = 0.000000000000000e+00 1.000000000000000e+00 0.000000000000000e+00
cras   = 2.856117248535156e+00 -1.352053070068359e+01 2.484568786621094e+01
dst volume info
valid = 1  # volume info valid
filename = /out/sourcedata/freesurfer/sub-v2s2x29086_ses-1/mri/norm.mgz
volume = 256 256 256
voxelsize = 8.984374403953552e-01 8.984374403953552e-01 8.984374403953552e-01
xras   = -1.000000119209290e+00 0.000000000000000e+00 0.000000000000000e+00
yras   = 0.000000000000000e+00 0.000000000000000e+00 -1.000000000000000e+00
zras   = 0.000000000000000e+00 1.000000000000000e+00 0.000000000000000e+00
cras   = 2.856117248535156e+00 -1.352053070068359e+01 2.484568786621094e+01
