# transform file /out/sourcedata/freesurfer/sub-v2s2x29074_ses-1/mri/transforms/cc_up.lta
# created by oesteban on Thu Mar 12 23:22:50 2026

type      = 0 # LINEAR_VOX_TO_VOX
nxforms   = 1
mean      = 127.0000 132.0000 125.0000
sigma     = 10000.0000
1 4 4
9.994889497756958e-01 -3.079998865723610e-02 -8.563022129237652e-03 5.666932582855225e+00 
3.079885803163052e-02 9.995256066322327e-01 -2.638661244418472e-04 6.174342632293701e+00 
8.567086420953274e-03 0.000000000000000e+00 9.999633431434631e-01 1.391612339019775e+01 
0.000000000000000e+00 0.000000000000000e+00 0.000000000000000e+00 1.000000000000000e+00 
src volume info
valid = 1  # volume info valid
filename = /out/sourcedata/freesurfer/sub-v2s2x29074_ses-1/mri/norm.mgz
volume = 256 256 256
voxelsize = 8.984375000000000e-01 8.984375000000000e-01 8.984375000000000e-01
xras   = -1.000000000000000e+00 0.000000000000000e+00 0.000000000000000e+00
yras   = 0.000000000000000e+00 0.000000000000000e+00 -1.000000000000000e+00
zras   = 0.000000000000000e+00 9.999999403953552e-01 0.000000000000000e+00
cras   = 3.620254516601562e+00 -1.898632049560547e+01 1.445706939697266e+01
dst volume info
valid = 1  # volume info valid
filename = /out/sourcedata/freesurfer/sub-v2s2x29074_ses-1/mri/norm.mgz
volume = 256 256 256
voxelsize = 8.984375000000000e-01 8.984375000000000e-01 8.984375000000000e-01
xras   = -1.000000000000000e+00 0.000000000000000e+00 0.000000000000000e+00
yras   = 0.000000000000000e+00 0.000000000000000e+00 -1.000000000000000e+00
zras   = 0.000000000000000e+00 9.999999403953552e-01 0.000000000000000e+00
cras   = 3.620254516601562e+00 -1.898632049560547e+01 1.445706939697266e+01
