# transform file /out/sourcedata/freesurfer/sub-v2s2x29089_ses-1/mri/transforms/cc_up.lta
# created by oesteban on Fri Mar 13 00:04:15 2026

type      = 0 # LINEAR_VOX_TO_VOX
nxforms   = 1
mean      = 128.0000 141.0000 123.0000
sigma     = 10000.0000
1 4 4
9.996023178100586e-01 -2.814054675400257e-02 -1.763800275512040e-03 5.019649028778076e+00 
2.814050205051899e-02 9.996038675308228e-01 -4.965396874467842e-05 -1.483870744705200e+00 
1.764499116688967e-03 -3.637978373410844e-12 9.999983906745911e-01 1.277824020385742e+01 
0.000000000000000e+00 0.000000000000000e+00 0.000000000000000e+00 1.000000000000000e+00 
src volume info
valid = 1  # volume info valid
filename = /out/sourcedata/freesurfer/sub-v2s2x29089_ses-1/mri/norm.mgz
volume = 256 256 256
voxelsize = 8.984375000000000e-01 8.984375000000000e-01 8.984375000000000e-01
xras   = -9.999999403953552e-01 0.000000000000000e+00 0.000000000000000e+00
yras   = 0.000000000000000e+00 0.000000000000000e+00 -1.000000119209290e+00
zras   = 0.000000000000000e+00 9.999999403953552e-01 0.000000000000000e+00
cras   = 2.286193847656250e+00 -1.616056060791016e+01 2.530596542358398e+01
dst volume info
valid = 1  # volume info valid
filename = /out/sourcedata/freesurfer/sub-v2s2x29089_ses-1/mri/norm.mgz
volume = 256 256 256
voxelsize = 8.984375000000000e-01 8.984375000000000e-01 8.984375000000000e-01
xras   = -9.999999403953552e-01 0.000000000000000e+00 0.000000000000000e+00
yras   = 0.000000000000000e+00 0.000000000000000e+00 -1.000000119209290e+00
zras   = 0.000000000000000e+00 9.999999403953552e-01 0.000000000000000e+00
cras   = 2.286193847656250e+00 -1.616056060791016e+01 2.530596542358398e+01
