#Insight Transform File V1.0
#Transform 0
Transform: AffineTransform_float_3_3
Parameters: 0.999998 0.00199906 8.52008e-05 -0.00199994 0.999912 0.0131029 -5.87996e-05 -0.0131031 0.999914 -0.13433 0.0294682 0.433253
FixedParameters: 0 0 0

#Transform 1
Transform: AffineTransform_float_3_3
Parameters: 0.999998 0.00158503 -0.000280063 -0.00158097 0.999902 0.0138575 0.000301936 -0.0138565 0.999904 -0.122403 -0.0114283 0.535406
FixedParameters: 0 0 0

#Transform 2
Transform: AffineTransform_float_3_3
Parameters: 0.999998 0.00157987 9.51613e-05 -0.00158113 0.999909 0.0133889 -7.38383e-05 -0.0133881 0.999911 -0.125413 0.0335063 0.387899
FixedParameters: 0 0 0

#Transform 3
Transform: AffineTransform_float_3_3
Parameters: 0.999998 0.00157562 0.000407412 -0.00158139 0.999906 0.0135654 -0.000386583 -0.0135656 0.999908 -0.144063 0.0230907 0.547188
FixedParameters: 0 0 0

#Transform 4
Transform: AffineTransform_float_3_3
Parameters: 1 0.00104673 -5.32213e-05 -0.00104628 0.999925 0.0122121 6.5782e-05 -0.0122119 0.999926 -0.106499 0.0322942 0.415086
FixedParameters: 0 0 0

#Transform 5
Transform: AffineTransform_float_3_3
Parameters: 0.999999 0.00170536 0.000458525 -0.00171065 0.999919 0.0126002 -0.00043748 -0.0126008 0.999921 -0.125231 -0.00356736 0.498822
FixedParameters: 0 0 0

#Transform 6
Transform: AffineTransform_float_3_3
Parameters: 0.999999 0.00106232 6.19362e-05 -0.00106366 0.999926 0.0121729 -4.80555e-05 -0.0121731 0.999926 -0.0801504 0.0102879 0.460064
FixedParameters: 0 0 0

#Transform 7
Transform: AffineTransform_float_3_3
Parameters: 0.999999 0.000652066 0.000472302 -0.000657943 0.99992 0.0126747 -0.000464697 -0.0126753 0.999919 -0.053894 -0.0229374 0.390729
FixedParameters: 0 0 0

#Transform 8
Transform: AffineTransform_float_3_3
Parameters: 1 0.000975695 0.000389951 -0.000980307 0.999937 0.0111986 -0.000379046 -0.0111984 0.999937 -0.0775557 0.0357157 0.386893
FixedParameters: 0 0 0

#Transform 9
Transform: AffineTransform_float_3_3
Parameters: 0.999999 0.00125149 -0.00138641 -0.00123452 0.999921 0.0125457 0.0014016 -0.0125433 0.999921 -0.0124548 0.0203777 0.465469
FixedParameters: 0 0 0

#Transform 10
Transform: AffineTransform_float_3_3
Parameters: 0.999999 0.00137368 -0.00110239 -0.00136032 0.999934 0.0114175 0.0011186 -0.0114155 0.999934 -0.0475536 0.0900067 0.27262
FixedParameters: 0 0 0

#Transform 11
Transform: AffineTransform_float_3_3
Parameters: 0.999999 0.00137366 -0.00110241 -0.00136034 0.999934 0.0114015 0.00111858 -0.0114005 0.999935 -0.0520578 0.0196485 0.382134
FixedParameters: 0 0 0

#Transform 12
Transform: AffineTransform_float_3_3
Parameters: 0.999999 0.00147884 -0.00103164 -0.00146817 0.999944 0.0104255 0.00104636 -0.0104245 0.999945 -0.0806502 0.0348509 0.331501
FixedParameters: 0 0 0

#Transform 13
Transform: AffineTransform_float_3_3
Parameters: 0.999998 0.00137543 -0.00132013 -0.00136057 0.99994 0.0108708 0.00133487 -0.0108682 0.99994 -0.0808644 0.0509295 0.373298
FixedParameters: 0 0 0

#Transform 14
Transform: AffineTransform_float_3_3
Parameters: 0.999998 0.00104323 -0.00155961 -0.00102576 0.999939 0.0110106 0.00157139 -0.0110094 0.999938 -0.0521788 0.0350277 0.376286
FixedParameters: 0 0 0

#Transform 15
Transform: AffineTransform_float_3_3
Parameters: 0.999998 0.000860385 -0.00139322 -0.000845616 0.999946 0.0102932 0.00140178 -0.0102918 0.999946 -0.0400059 0.0408394 0.290395
FixedParameters: 0 0 0

#Transform 16
Transform: AffineTransform_float_3_3
Parameters: 0.999998 0.000932736 -0.00141274 -0.000917261 0.999938 0.0110983 0.00142327 -0.0110977 0.999938 -0.0504594 0.034573 0.378329
FixedParameters: 0 0 0

#Transform 17
Transform: AffineTransform_float_3_3
Parameters: 1 0.000409772 -0.00100005 -0.00040023 0.999953 0.00975141 0.00100395 -0.0097516 0.999952 -0.0206206 0.0445751 0.289196
FixedParameters: 0 0 0

#Transform 18
Transform: AffineTransform_float_3_3
Parameters: 0.999998 0.000755436 -0.00141487 -0.000739573 0.999941 0.0108791 0.00142213 -0.0108779 0.99994 -0.0231465 0.028837 0.395616
FixedParameters: 0 0 0

#Transform 19
Transform: AffineTransform_float_3_3
Parameters: 0.999999 0.000405747 -0.000754939 -0.000400252 0.999971 0.0075973 0.000758062 -0.00759669 0.999971 -0.0186891 0.0323954 0.225624
FixedParameters: 0 0 0

#Transform 20
Transform: AffineTransform_float_3_3
Parameters: 1 5.79984e-05 -5.80016e-05 -5.80016e-05 1 -2.79966e-05 5.79984e-05 2.80034e-05 1 -0.00417926 0.0314099 -0.00882626
FixedParameters: 0 0 0

#Transform 21
Transform: AffineTransform_float_3_3
Parameters: 1 0.000215085 -0.000357949 -0.000214915 1 0.000236077 0.000358051 -0.000236923 1 -0.040714 0.0123369 0.0117632
FixedParameters: 0 0 0

#Transform 22
Transform: AffineTransform_float_3_3
Parameters: 0.999999 0.000175034 -0.00105266 -0.000172966 0.999998 0.00193118 0.00105334 -0.00193182 0.999997 -0.0147332 -0.000505438 0.0447806
FixedParameters: 0 0 0

#Transform 23
Transform: AffineTransform_float_3_3
Parameters: 0.999999 0.000401666 -0.000782147 -0.000400332 0.999997 0.00212931 0.000783854 -0.00212869 0.999998 -0.0224936 -0.0223358 0.0775409
FixedParameters: 0 0 0

#Transform 24
Transform: AffineTransform_float_3_3
Parameters: 0.999999 -0.000150315 -0.000783132 0.000151685 0.999999 0.000873881 0.000783868 -0.000874118 1 -0.00838942 0.0567467 0.000442501
FixedParameters: 0 0 0

#Transform 25
Transform: AffineTransform_float_3_3
Parameters: 1 -7.39086e-05 -0.00121313 7.60928e-05 0.999998 0.00172391 0.00121387 -0.00172409 0.999998 0.0127658 0.00352026 0.0390161
FixedParameters: 0 0 0

#Transform 26
Transform: AffineTransform_float_3_3
Parameters: 1 -7.39705e-05 -0.00121313 7.60309e-05 0.999998 0.00167291 0.00121387 -0.00167309 0.999998 0.0127676 -0.0167338 0.0421366
FixedParameters: 0 0 0

#Transform 27
Transform: AffineTransform_float_3_3
Parameters: 1 -7.39705e-05 -0.00121313 7.60309e-05 0.999998 0.00167291 0.00121387 -0.00167309 0.999998 0.0264198 0.0460395 0.0380512
FixedParameters: 0 0 0

#Transform 28
Transform: AffineTransform_float_3_3
Parameters: 1 -7.41646e-05 -0.00121311 7.58367e-05 0.999999 0.00151291 0.00121389 -0.00151309 0.999998 0.0107635 0.0227037 0.0339992
FixedParameters: 0 0 0

#Transform 29
Transform: AffineTransform_float_3_3
Parameters: 1 -7.4645e-05 -0.00121308 7.53549e-05 1 0.00111691 0.00121292 -0.00111709 0.999998 0.0215185 0.0661125 0.0370318
FixedParameters: 0 0 0

#Transform 30
Transform: AffineTransform_float_3_3
Parameters: 1 -7.36102e-05 -0.00121315 7.53914e-05 0.999998 0.00196991 0.00121385 -0.00197009 0.999998 0.0195281 0.031129 0.0634155
FixedParameters: 0 0 0

#Transform 31
Transform: AffineTransform_float_3_3
Parameters: 1 8.82148e-05 -0.00121284 -8.57849e-05 0.999999 0.00182611 0.00121316 -0.00182589 0.999997 -0.0138983 -0.0310494 0.0899777
FixedParameters: 0 0 0

#Transform 32
Transform: AffineTransform_float_3_3
Parameters: 0.999998 0.000479473 -0.00166358 -0.000470525 0.999987 0.00508979 0.00166641 -0.00508921 0.999985 -0.0163176 0.0203258 0.205759
FixedParameters: 0 0 0

#Transform 33
Transform: AffineTransform_float_3_3
Parameters: 0.999999 0.000704733 -0.00165734 -0.000683259 0.999922 0.0124771 0.00166665 -0.0124758 0.999921 -0.0157773 -0.0237727 0.536122
FixedParameters: 0 0 0

#Transform 34
Transform: AffineTransform_float_3_3
Parameters: 0.999996 0.000279906 -0.00282446 -0.000253089 0.999954 0.00952175 0.00282754 -0.00952124 0.99995 0.0196387 0.00330725 0.382548
FixedParameters: 0 0 0

#Transform 35
Transform: AffineTransform_float_3_3
Parameters: 0.999998 -0.000193005 -0.00170501 0.000209994 0.99995 0.00997266 0.00170299 -0.00997334 0.999949 0.0433953 0.0383882 0.434907
FixedParameters: 0 0 0

#Transform 36
Transform: AffineTransform_float_3_3
Parameters: 0.999998 0.000687342 -0.00178178 -0.000670656 0.999958 0.00915621 0.00178822 -0.00915479 0.999957 -0.0249193 -0.00156274 0.409901
FixedParameters: 0 0 0

#Transform 37
Transform: AffineTransform_float_3_3
Parameters: 0.999998 -0.000494411 -0.00219005 0.000511588 0.999967 0.0080379 0.00218596 -0.0080391 0.999966 0.0619446 0.0223734 0.317768
FixedParameters: 0 0 0

#Transform 38
Transform: AffineTransform_float_3_3
Parameters: 0.999998 0.00034688 -0.00197394 -0.00032912 0.999959 0.00905067 0.00197706 -0.00905033 0.999957 0.0155283 -0.00301296 0.318967
FixedParameters: 0 0 0

#Transform 39
Transform: AffineTransform_float_3_3
Parameters: 0.999997 -6.89548e-05 -0.00242958 8.70406e-05 0.999973 0.00742782 0.00242842 -0.0074282 0.99997 0.049728 0.0075727 0.280634
FixedParameters: 0 0 0

#Transform 40
Transform: AffineTransform_float_3_3
Parameters: 0.999997 0.000678918 -0.00200969 -0.000663078 0.999968 0.00791134 0.00201531 -0.00790964 0.999966 0.0145382 0.00574555 0.355191
FixedParameters: 0 0 0

#Transform 41
Transform: AffineTransform_float_3_3
Parameters: 0.999996 0.000636715 -0.0027307 -0.000618288 0.999977 0.00684972 0.0027343 -0.00684729 0.999973 0.0157662 -0.00943407 0.262194
FixedParameters: 0 0 0

#Transform 42
Transform: AffineTransform_float_3_3
Parameters: 0.999996 0.000283576 -0.00273275 -0.000260428 0.999966 0.00825874 0.00273424 -0.00825726 0.999962 0.0430351 -0.0168769 0.26514
FixedParameters: 0 0 0

#Transform 43
Transform: AffineTransform_float_3_3
Parameters: 0.999997 -4.65194e-05 -0.0027354 6.54773e-05 0.999974 0.00712184 0.0027346 -0.00712215 0.999971 0.0500808 -0.0115904 0.223846
FixedParameters: 0 0 0

#Transform 44
Transform: AffineTransform_float_3_3
Parameters: 0.999996 0.000126249 -0.00301318 -0.000104752 0.999975 0.00705135 0.00301381 -0.00705065 0.99997 0.0489509 -0.0268665 0.278796
FixedParameters: 0 0 0

#Transform 45
Transform: AffineTransform_float_3_3
Parameters: 0.999996 0.000123933 -0.00287825 -0.000105068 0.999979 0.00657733 0.00287875 -0.00657667 0.999974 0.0491171 -0.0134892 0.230611
FixedParameters: 0 0 0

#Transform 46
Transform: AffineTransform_float_3_3
Parameters: 0.999996 0.00012127 -0.00276533 -0.000104725 0.999982 0.00588331 0.00276666 -0.00588268 0.999979 0.0502729 0.0567057 0.233062
FixedParameters: 0 0 0

#Transform 47
Transform: AffineTransform_float_3_3
Parameters: 0.999995 0.000126053 -0.00319724 -0.000104948 0.999979 0.00658437 0.00319776 -0.00658363 0.999973 0.0537393 0.0383893 0.215346
FixedParameters: 0 0 0

#Transform 48
Transform: AffineTransform_float_3_3
Parameters: 0.999995 -0.000348763 -0.00319128 0.000369235 0.99998 0.00634285 0.00318872 -0.00634414 0.999975 0.0830978 0.00825541 0.234498
FixedParameters: 0 0 0

#Transform 49
Transform: AffineTransform_float_3_3
Parameters: 0.999995 -0.000347112 -0.0031385 0.000368891 0.999975 0.00697587 0.0031365 -0.00697712 0.99997 0.078524 0.0211987 0.250501
FixedParameters: 0 0 0

#Transform 50
Transform: AffineTransform_float_3_3
Parameters: 0.999995 -0.000257556 -0.00313766 0.000276443 0.999981 0.00619716 0.00313635 -0.00619884 0.999976 0.0627284 0.0372189 0.230418
FixedParameters: 0 0 0

#Transform 51
Transform: AffineTransform_float_3_3
Parameters: 0.999995 -0.000102335 -0.00312371 0.000121666 0.99998 0.00629565 0.0031233 -0.00629635 0.999976 0.0609066 0.0067368 0.194118
FixedParameters: 0 0 0

#Transform 52
Transform: AffineTransform_float_3_3
Parameters: 0.999995 -0.000400157 -0.00313859 0.000419844 0.99998 0.00632371 0.00313641 -0.00632529 0.999975 0.0789085 0.00294757 0.246218
FixedParameters: 0 0 0

#Transform 53
Transform: AffineTransform_float_3_3
Parameters: 0.999995 -0.000349385 -0.00313824 0.000368614 0.999981 0.00625187 0.00313576 -0.00625313 0.999975 0.0913276 0.0212525 0.183658
FixedParameters: 0 0 0

#Transform 54
Transform: AffineTransform_float_3_3
Parameters: 0.999996 -0.000551527 -0.00281947 0.000569477 0.99998 0.00620042 0.00281652 -0.00620158 0.999977 0.093928 0.0808362 0.244961
FixedParameters: 0 0 0

#Transform 55
Transform: AffineTransform_float_3_3
Parameters: 0.999996 -0.000740737 -0.00291818 0.000756262 0.999984 0.00557582 0.00291383 -0.00557819 0.99998 0.0933952 0.0259348 0.217184
FixedParameters: 0 0 0

#Transform 56
Transform: AffineTransform_float_3_3
Parameters: 0.999995 -0.000527393 -0.00304346 0.000546605 0.999979 0.00644537 0.00303954 -0.00644663 0.999974 0.108628 0.0252571 0.258653
FixedParameters: 0 0 0

#Transform 57
Transform: AffineTransform_float_3_3
Parameters: 0.999995 -0.000350678 -0.0031381 0.000369321 0.999983 0.00583987 0.0031359 -0.00584113 0.999978 0.0822565 0.0248892 0.232044
FixedParameters: 0 0 0

#Transform 58
Transform: AffineTransform_float_3_3
Parameters: 0.999995 -0.000490555 -0.00313926 0.000510441 0.999978 0.00651443 0.00313574 -0.00651657 0.999974 0.0946002 0.0320553 0.305407
FixedParameters: 0 0 0

#Transform 59
Transform: AffineTransform_float_3_3
Parameters: 0.999997 -0.000354158 -0.00266402 0.000368843 0.999985 0.00557304 0.00266199 -0.00557396 0.999981 0.0596622 -0.0249495 0.231787
FixedParameters: 0 0 0

#Transform 60
Transform: AffineTransform_float_3_3
Parameters: 0.999995 -0.000296758 -0.00318195 0.000316243 0.999979 0.00636302 0.00318005 -0.00636397 0.999974 0.0857538 0.0164221 0.235767
FixedParameters: 0 0 0

#Transform 61
Transform: AffineTransform_float_3_3
Parameters: 0.999995 0.000312515 -0.00320943 -0.000296487 0.999986 0.00514497 0.00321057 -0.00514402 0.999981 0.0557857 0.0401333 0.211709
FixedParameters: 0 0 0

#Transform 62
Transform: AffineTransform_float_3_3
Parameters: 0.999994 5.09504e-06 -0.00351202 1.40949e-05 0.999985 0.00543699 0.00351197 -0.00543702 0.999979 0.0916602 0.0580582 0.273904
FixedParameters: 0 0 0

#Transform 63
Transform: AffineTransform_float_3_3
Parameters: 0.999995 -0.000353213 -0.00293394 0.000368787 0.999985 0.00538194 0.00293206 -0.00538306 0.999981 0.0771386 -0.0323889 0.198047
FixedParameters: 0 0 0

#Transform 64
Transform: AffineTransform_float_3_3
Parameters: 0.999995 -9.62659e-05 -0.00321051 0.000111731 0.999988 0.00490067 0.00320949 -0.00490133 0.999983 0.0744178 0.00214207 0.267859
FixedParameters: 0 0 0

#Transform 65
Transform: AffineTransform_float_3_3
Parameters: 0.999995 -0.000354223 -0.00311472 0.000368781 0.999988 0.00474587 0.00311328 -0.00474612 0.999984 0.0726734 -0.00786733 0.245549
FixedParameters: 0 0 0

#Transform 66
Transform: AffineTransform_float_3_3
Parameters: 0.999994 -0.000847961 -0.0031923 0.000864037 0.999987 0.00502627 0.0031877 -0.00502873 0.999983 0.102411 0.00340001 0.250683
FixedParameters: 0 0 0

#Transform 67
Transform: AffineTransform_float_3_3
Parameters: 0.999994 -0.000731315 -0.0031884 0.00074669 0.999989 0.00460765 0.00318559 -0.00460936 0.999985 0.105003 0.0516184 0.230047
FixedParameters: 0 0 0

#Transform 68
Transform: AffineTransform_float_3_3
Parameters: 0.999994 -0.00062281 -0.00361718 0.000641194 0.999987 0.00502971 0.00361482 -0.00503229 0.999981 0.105362 0.018742 0.251815
FixedParameters: 0 0 0

#Transform 69
Transform: AffineTransform_float_3_3
Parameters: 0.999996 -0.000392868 -0.00301388 0.000407133 0.999989 0.0046898 0.00301213 -0.00469121 0.999985 0.0952562 -0.0185635 0.216887
FixedParameters: 0 0 0

#Transform 70
Transform: AffineTransform_float_3_3
Parameters: 0.999995 -0.000396026 -0.00297703 0.000410973 0.999988 0.0050308 0.00297497 -0.0050322 0.999983 0.0948132 0.00657502 0.263965
FixedParameters: 0 0 0

#Transform 71
Transform: AffineTransform_float_3_3
Parameters: 0.999994 -0.000111377 -0.0033036 0.000128624 0.999988 0.0050316 0.00330339 -0.0050324 0.999982 0.0696398 -0.00635047 0.198643
FixedParameters: 0 0 0

#Transform 72
Transform: AffineTransform_float_3_3
Parameters: 0.999994 -0.000251947 -0.00361638 0.000271051 0.999986 0.00526905 0.00361462 -0.00526994 0.999979 0.0878172 -0.00896656 0.220789
FixedParameters: 0 0 0

#Transform 73
Transform: AffineTransform_float_3_3
Parameters: 0.999995 -0.000289933 -0.00314733 0.00030407 0.99999 0.00447007 0.00314667 -0.00447093 0.999985 0.0838221 0.0267598 0.186221
FixedParameters: 0 0 0

#Transform 74
Transform: AffineTransform_float_3_3
Parameters: 0.999994 -0.000377878 -0.00340318 0.000397124 0.999984 0.00562068 0.00340082 -0.00562132 0.999979 0.0962204 0.0200703 0.292051
FixedParameters: 0 0 0

#Transform 75
Transform: AffineTransform_float_3_3
Parameters: 0.999993 -0.000694293 -0.00364522 0.000710704 0.999989 0.00458344 0.00364178 -0.00458656 0.999983 0.0914902 0.0371925 0.196012
FixedParameters: 0 0 0

#Transform 76
Transform: AffineTransform_float_3_3
Parameters: 0.999994 -0.000280493 -0.00364364 0.00030151 0.999984 0.00562894 0.00364236 -0.00563006 0.999977 0.0856852 0.00232482 0.264256
FixedParameters: 0 0 0

#Transform 77
Transform: AffineTransform_float_3_3
Parameters: 0.999995 -0.00063571 -0.00311195 0.00064929 0.999989 0.004593 0.00310905 -0.004595 0.999984 0.110224 0.00551651 0.197022
FixedParameters: 0 0 0

#Transform 78
Transform: AffineTransform_float_3_3
Parameters: 0.999995 -0.000422717 -0.00295907 0.000437282 0.999989 0.00482773 0.00295692 -0.00482927 0.999984 0.0804402 0.0455908 0.28165
FixedParameters: 0 0 0

#Transform 79
Transform: AffineTransform_float_3_3
Parameters: 0.999995 -0.000435049 -0.00316395 0.000448946 0.99999 0.0044096 0.00316105 -0.0044114 0.999986 0.0840072 0.00485211 0.211446
FixedParameters: 0 0 0

#Transform 80
Transform: AffineTransform_float_3_3
Parameters: 0.999992 -0.000414248 -0.0038243 0.000434747 0.999985 0.00542638 0.00382169 -0.00542862 0.999978 0.095924 0.00757809 0.238629
FixedParameters: 0 0 0

#Transform 81
Transform: AffineTransform_float_3_3
Parameters: 0.999994 -0.000391696 -0.00338781 0.000407304 0.999989 0.00451765 0.00338619 -0.00451935 0.999984 0.0883972 2.68739e-05 0.244508
FixedParameters: 0 0 0

#Transform 82
Transform: AffineTransform_float_3_3
Parameters: 0.999994 -0.000236425 -0.00338727 0.000253574 0.999987 0.00518917 0.00338573 -0.00518983 0.999981 0.0991109 0.00846116 0.317393
FixedParameters: 0 0 0

#Transform 83
Transform: AffineTransform_float_3_3
Parameters: 0.999993 -0.000173519 -0.00372586 0.000190483 0.999989 0.00469232 0.00372515 -0.00469268 0.999982 0.0768166 0.00864568 0.182109
FixedParameters: 0 0 0

#Transform 84
Transform: AffineTransform_float_3_3
Parameters: 0.999992 -0.000597377 -0.00378315 0.000616621 0.999987 0.00518771 0.00377985 -0.0051903 0.99998 0.117927 0.0202115 0.287999
FixedParameters: 0 0 0

#Transform 85
Transform: AffineTransform_float_3_3
Parameters: 0.999992 -0.000601663 -0.00379063 0.000618332 0.99999 0.00430968 0.00378737 -0.00431231 0.999983 0.118098 0.0933402 0.234771
FixedParameters: 0 0 0

#Transform 86
Transform: AffineTransform_float_3_3
Parameters: 0.999992 -0.000390713 -0.00402512 0.000411284 0.999986 0.00528839 0.00402288 -0.00529061 0.999978 0.0989617 0.0357591 0.265968
FixedParameters: 0 0 0

#Transform 87
Transform: AffineTransform_float_3_3
Parameters: 0.999991 -0.000393778 -0.00423773 0.00041222 0.99999 0.00429929 0.00423627 -0.0043017 0.999982 0.0999771 0.0267114 0.218879
FixedParameters: 0 0 0

#Transform 88
Transform: AffineTransform_float_3_3
Parameters: 0.999993 -0.000617482 -0.00385202 0.000635521 0.999988 0.00480859 0.00384899 -0.00481041 0.999981 0.116946 0.037155 0.262132
FixedParameters: 0 0 0

#Transform 89
Transform: AffineTransform_float_3_3
Parameters: 0.999991 -0.000761949 -0.00416909 0.000784054 0.999985 0.00528978 0.00416591 -0.00529322 0.999978 0.123878 -0.0229526 0.210845
FixedParameters: 0 0 0

#Transform 90
Transform: AffineTransform_float_3_3
Parameters: 0.999991 -0.000845662 -0.00400092 0.000864337 0.999989 0.00458358 0.00399708 -0.00458742 0.999982 0.123876 -0.0534592 0.247173
FixedParameters: 0 0 0

#Transform 91
Transform: AffineTransform_float_3_3
Parameters: 0.99999 -0.000841662 -0.00442731 0.000864337 0.999987 0.00504623 0.00442269 -0.00504978 0.999978 0.136963 0.0244634 0.17656
FixedParameters: 0 0 0

#Transform 92
Transform: AffineTransform_float_3_3
Parameters: 0.999991 -0.000715136 -0.00413631 0.000733864 0.99999 0.00456101 0.0041327 -0.004564 0.999981 0.131069 -0.0147607 0.221189
FixedParameters: 0 0 0

#Transform 93
Transform: AffineTransform_float_3_3
Parameters: 0.99999 -0.000139975 -0.00434107 0.000169026 0.999976 0.00691733 0.00433993 -0.00691767 0.999966 0.137589 -0.0537613 0.324182
FixedParameters: 0 0 0

#Transform 94
Transform: AffineTransform_float_3_3
Parameters: 0.999991 -0.000239116 -0.00424224 0.000275882 0.999962 0.00869591 0.00423976 -0.0086971 0.999953 0.11549 0.00037054 0.422683
FixedParameters: 0 0 0

#Transform 95
Transform: AffineTransform_float_3_3
Parameters: 0.999989 -0.000437028 -0.00464253 0.000472967 0.99997 0.00774989 0.00463847 -0.00775211 0.999959 0.0987252 0.0773704 0.3025
FixedParameters: 0 0 0

#Transform 96
Transform: AffineTransform_float_3_3
Parameters: 0.999989 0.000204248 -0.00464226 -0.000159755 0.999954 0.00952984 0.00464373 -0.00952915 0.999944 0.100155 0.0239368 0.403923
FixedParameters: 0 0 0

#Transform 97
Transform: AffineTransform_float_3_3
Parameters: 0.999985 2.61794e-05 -0.00543996 1.318e-05 0.999974 0.00720204 0.00544005 -0.00720197 0.99996 0.10642 0.0227938 0.314418
FixedParameters: 0 0 0

#Transform 98
Transform: AffineTransform_float_3_3
Parameters: 0.999984 -0.000716187 -0.00563034 0.00075681 0.999974 0.00724986 0.00562466 -0.00725415 0.999958 0.170328 0.0415198 0.357186
FixedParameters: 0 0 0

#Transform 99
Transform: AffineTransform_float_3_3
Parameters: 0.999983 -0.00113857 -0.00584022 0.00117544 0.99998 0.00623924 0.00583277 -0.00624575 0.999963 0.164717 0.0864076 0.293626
FixedParameters: 0 0 0

#Transform 100
Transform: AffineTransform_float_3_3
Parameters: 0.999983 -0.0013763 -0.00568451 0.00141069 0.999981 0.00610409 0.00567549 -0.00611192 0.999965 0.191944 0.101298 0.268166
FixedParameters: 0 0 0

#Transform 101
Transform: AffineTransform_float_3_3
Parameters: 0.999983 -0.00125238 -0.00571892 0.00128762 0.99998 0.00622974 0.00571109 -0.00623626 0.999964 0.193436 0.0664202 0.279553
FixedParameters: 0 0 0

#Transform 102
Transform: AffineTransform_float_3_3
Parameters: 0.999984 -0.00114984 -0.00556103 0.00118816 0.999975 0.0068635 0.00555297 -0.00686949 0.999961 0.199503 0.0275117 0.331621
FixedParameters: 0 0 0

#Transform 103
Transform: AffineTransform_float_3_3
Parameters: 0.99998 -0.00127758 -0.00607265 0.00131842 0.999977 0.00665712 0.00606435 -0.00666488 0.99996 0.189994 0.00129902 0.236303
FixedParameters: 0 0 0

#Transform 104
Transform: AffineTransform_float_3_3
Parameters: 0.99998 -0.00134869 -0.00607263 0.00138631 0.999979 0.0063077 0.00606437 -0.0063163 0.999961 0.208598 0.0268068 0.264997
FixedParameters: 0 0 0

#Transform 105
Transform: AffineTransform_float_3_3
Parameters: 0.999978 -0.00135643 -0.00651258 0.00139657 0.999979 0.00622904 0.00650342 -0.00623796 0.99996 0.223879 0.0810388 0.272085
FixedParameters: 0 0 0

#Transform 106
Transform: AffineTransform_float_3_3
Parameters: 0.999972 -0.000653353 -0.00737862 0.00069265 0.999986 0.00537204 0.00737538 -0.00537697 0.999959 0.223782 0.0636123 0.235605
FixedParameters: 0 0 0

#Transform 107
Transform: AffineTransform_float_3_3
Parameters: 0.999976 -0.000445543 -0.00688902 0.000489463 0.999979 0.00645379 0.00688599 -0.00645623 0.999956 0.195021 0.0154188 0.216936
FixedParameters: 0 0 0

#Transform 108
Transform: AffineTransform_float_3_3
Parameters: 0.999976 0.000188101 -0.00690411 -0.000151899 0.999987 0.00522917 0.00690489 -0.00522782 0.999962 0.150816 0.0418553 0.217597
FixedParameters: 0 0 0

#Transform 109
Transform: AffineTransform_float_3_3
Parameters: 0.99998 -0.000321063 -0.00620445 0.000347939 0.999991 0.00434093 0.00620355 -0.00434308 0.999972 0.16232 0.0146016 0.165962
FixedParameters: 0 0 0

#Transform 110
Transform: AffineTransform_float_3_3
Parameters: 0.999978 -0.000312809 -0.00651152 0.000343193 0.999989 0.00463586 0.00651048 -0.00463814 0.999968 0.153535 0.00318169 0.18887
FixedParameters: 0 0 0

#Transform 111
Transform: AffineTransform_float_3_3
Parameters: 0.999979 -0.000184531 -0.00639988 0.000213468 0.99999 0.00444772 0.00639911 -0.00444927 0.999969 0.137607 0.010921 0.183635
FixedParameters: 0 0 0

#Transform 112
Transform: AffineTransform_float_3_3
Parameters: 0.99998 7.12828e-05 -0.0064088 -4.97204e-05 0.999994 0.00347639 0.00640922 -0.00347662 0.999974 0.0993998 0.101744 0.079824
FixedParameters: 0 0 0

#Transform 113
Transform: AffineTransform_float_3_3
Parameters: 0.999972 0.00170573 -0.00730293 -0.00166227 0.99998 0.00599031 0.00731308 -0.00597769 0.999956 0.0306174 -0.0691892 0.195363
FixedParameters: 0 0 0

#Transform 114
Transform: AffineTransform_float_3_3
Parameters: 0.999969 0.00148258 -0.00770382 -0.00143343 0.999979 0.00630724 0.00771219 -0.00629576 0.999951 0.0474002 0.0167495 0.235011
FixedParameters: 0 0 0

#Transform 115
Transform: AffineTransform_float_3_3
Parameters: 0.999969 0.00166447 -0.00769578 -0.00162653 0.999986 0.00500267 0.00770422 -0.00499033 0.999958 0.0288167 0.0521192 0.208283
FixedParameters: 0 0 0

#Transform 116
Transform: AffineTransform_float_3_3
Parameters: 0.999969 0.00147035 -0.00772536 -0.00143466 0.999989 0.00457823 0.00773164 -0.00456777 0.999959 0.0349859 0.0712133 0.19044
FixedParameters: 0 0 0

#Transform 117
Transform: AffineTransform_float_3_3
Parameters: 0.999969 0.00147397 -0.00772478 -0.00144003 0.99999 0.00427126 0.00773122 -0.00426074 0.999961 0.0428412 -0.00954974 0.235307
FixedParameters: 0 0 0

#Transform 118
Transform: AffineTransform_float_3_3
Parameters: 0.999967 0.00153527 -0.00790232 -0.00151073 0.999994 0.00307604 0.00790767 -0.00306396 0.999964 0.0347141 0.0815317 0.129362
FixedParameters: 0 0 0

#Transform 119
Transform: AffineTransform_float_3_3
Parameters: 0.999971 0.00123975 -0.00749298 -0.00120925 0.999991 0.00410718 0.00749803 -0.00409782 0.999964 0.0561029 0.0129067 0.137893
FixedParameters: 0 0 0

#Transform 120
Transform: AffineTransform_float_3_3
Parameters: 0.999971 0.00163247 -0.00736339 -0.00160652 0.999992 0.00346493 0.0073686 -0.00345207 0.999967 0.0305492 0.0259917 0.0857728
FixedParameters: 0 0 0

#Transform 121
Transform: AffineTransform_float_3_3
Parameters: 0.999966 0.00217024 -0.0080321 -0.00213676 0.999989 0.00414531 0.00804091 -0.00412769 0.999959 -0.00683194 0.0183989 0.132305
FixedParameters: 0 0 0

#Transform 122
Transform: AffineTransform_float_3_3
Parameters: 0.999964 0.00215666 -0.00817824 -0.00212634 0.999991 0.00363352 0.00818576 -0.00361648 0.99996 -0.0126817 0.036423 0.133474
FixedParameters: 0 0 0

#Transform 123
Transform: AffineTransform_float_3_3
Parameters: 0.999968 0.00184786 -0.00786951 -0.00181914 0.999992 0.00354643 0.00787649 -0.00353156 0.999962 0.00270805 -0.0189622 0.133535
FixedParameters: 0 0 0

#Transform 124
Transform: AffineTransform_float_3_3
Parameters: 0.999971 0.00112003 -0.00755533 -0.00109498 0.999994 0.00331537 0.00755867 -0.00330763 0.999966 0.0425936 0.0411625 0.156486
FixedParameters: 0 0 0

#Transform 125
Transform: AffineTransform_float_3_3
Parameters: 0.999969 0.00188346 -0.00767704 -0.00185954 0.999993 0.00319238 0.00768296 -0.00317763 0.999966 0.0212273 0.0330958 0.142421
FixedParameters: 0 0 0

#Transform 126
Transform: AffineTransform_float_3_3
Parameters: 0.999965 0.00202901 -0.00814384 -0.00199598 0.99999 0.0040604 0.00815215 -0.0040436 0.999958 -0.00666365 0.0160338 0.158975
FixedParameters: 0 0 0

#Transform 127
Transform: AffineTransform_float_3_3
Parameters: 0.999967 0.00186221 -0.00788532 -0.00183878 0.999993 0.0030776 0.00789168 -0.0030624 0.999964 0.00223536 0.0670891 0.162318
FixedParameters: 0 0 0

#Transform 128
Transform: AffineTransform_float_3_3
Parameters: 0.999966 0.00176379 -0.00798526 -0.00173321 0.999991 0.00386097 0.00799173 -0.00384703 0.99996 0.0135437 0.0413601 0.196544
FixedParameters: 0 0 0

#Transform 129
Transform: AffineTransform_float_3_3
Parameters: 0.99997 0.00158747 -0.00759673 -0.00156253 0.999993 0.00335697 0.00760228 -0.00334503 0.999966 0.0102125 0.0410905 0.130288
FixedParameters: 0 0 0

#Transform 130
Transform: AffineTransform_float_3_3
Parameters: 0.999968 0.00159119 -0.00792219 -0.00156181 0.999992 0.00368949 0.00792781 -0.0036765 0.999962 0.0187674 0.0437141 0.167439
FixedParameters: 0 0 0

#Transform 131
Transform: AffineTransform_float_3_3
Parameters: 0.999966 0.00158836 -0.00806886 -0.00156264 0.999994 0.00327272 0.00807415 -0.00325929 0.999962 0.0190648 0.0465065 0.157092
FixedParameters: 0 0 0

#Transform 132
Transform: AffineTransform_float_3_3
Parameters: 0.999964 0.00123383 -0.00832192 -0.00120617 0.999993 0.00334815 0.00832607 -0.00333784 0.99996 0.0375823 -0.0117688 0.117941
FixedParameters: 0 0 0

#Transform 133
Transform: AffineTransform_float_3_3
Parameters: 0.999966 0.00168699 -0.00813603 -0.00165302 0.99999 0.00418159 0.00814298 -0.00416841 0.999958 0.0245108 0.0226997 0.170371
FixedParameters: 0 0 0

#Transform 134
Transform: AffineTransform_float_3_3
Parameters: 0.999967 0.0019053 -0.00790618 -0.0018807 0.999994 0.00307997 0.00791182 -0.00306503 0.999964 -0.0050215 0.0140254 0.162385
FixedParameters: 0 0 0

#Transform 135
Transform: AffineTransform_float_3_3
Parameters: 0.99996 0.00179141 -0.00874182 -0.0017556 0.99999 0.00405651 0.00874818 -0.00404149 0.999953 0.00149408 0.0317993 0.216385
FixedParameters: 0 0 0

#Transform 136
Transform: AffineTransform_float_3_3
Parameters: 0.999969 0.00159631 -0.00764396 -0.00157169 0.999993 0.00318511 0.00764903 -0.00317288 0.999965 0.018505 0.0381779 0.115152
FixedParameters: 0 0 0

#Transform 137
Transform: AffineTransform_float_3_3
Parameters: 0.999963 0.00160099 -0.00837751 -0.001572 0.999993 0.00346629 0.00838348 -0.0034527 0.999959 0.0315956 0.0453289 0.11623
FixedParameters: 0 0 0

#Transform 138
Transform: AffineTransform_float_3_3
Parameters: 0.999965 0.00160052 -0.00824151 -0.00157248 0.999993 0.00346608 0.00824649 -0.00345292 0.99996 0.0474775 0.0599607 0.140869
FixedParameters: 0 0 0

#Transform 139
Transform: AffineTransform_float_3_3
Parameters: 0.999965 0.00169737 -0.00825622 -0.00166963 0.999992 0.00344191 0.00826179 -0.0034281 0.99996 0.0436582 0.0348218 0.0996254
FixedParameters: 0 0 0

#Transform 140
Transform: AffineTransform_float_3_3
Parameters: 0.999962 0.00160558 -0.00857578 -0.00157242 0.999991 0.00392063 0.00858222 -0.00390737 0.999955 0.0443412 0.0496741 0.136359
FixedParameters: 0 0 0

#Transform 141
Transform: AffineTransform_float_3_3
Parameters: 0.999962 0.00166144 -0.00849791 -0.00163056 0.999992 0.00370499 0.00850408 -0.00369101 0.999957 0.0450057 0.0694776 0.132763
FixedParameters: 0 0 0

#Transform 142
Transform: AffineTransform_float_3_3
Parameters: 0.999964 0.00159958 -0.0083988 -0.00157242 0.999994 0.00328933 0.00840421 -0.00327568 0.99996 0.0505408 0.0792431 0.0976972
FixedParameters: 0 0 0

#Transform 143
Transform: AffineTransform_float_3_3
Parameters: 0.999963 0.0016066 -0.0084645 -0.00157239 0.999991 0.00409346 0.00847149 -0.00407954 0.999956 0.0506908 0.0429155 0.13858
FixedParameters: 0 0 0

#Transform 144
Transform: AffineTransform_float_3_3
Parameters: 0.999964 0.00177849 -0.00831795 -0.00175051 0.999992 0.00343068 0.00832404 -0.00341632 0.999959 0.0359491 0.0270772 0.138502
FixedParameters: 0 0 0

#Transform 145
Transform: AffineTransform_float_3_3
Parameters: 0.99997 0.00158682 -0.00755891 -0.00157218 0.999997 0.00196594 0.0075621 -0.00195406 0.99997 0.0464663 0.012543 0.078544
FixedParameters: 0 0 0

#Transform 146
Transform: AffineTransform_float_3_3
Parameters: 0.999965 0.00159683 -0.00829326 -0.00157217 0.999995 0.00300015 0.00829775 -0.00298686 0.999961 0.0483403 0.0520485 0.132945
FixedParameters: 0 0 0

#Transform 147
Transform: AffineTransform_float_3_3
Parameters: 0.999964 0.00182621 -0.00825747 -0.00180179 0.999993 0.00305899 0.00826354 -0.00304402 0.999961 0.0422301 0.076525 0.143363
FixedParameters: 0 0 0

#Transform 148
Transform: AffineTransform_float_3_3
Parameters: 0.99996 0.00183399 -0.00881359 -0.00179801 0.99999 0.00409001 0.00882042 -0.00407399 0.999953 0.0480115 0.0206393 0.15524
FixedParameters: 0 0 0

#Transform 149
Transform: AffineTransform_float_3_3
Parameters: 0.999962 0.00186737 -0.00857531 -0.00184063 0.999993 0.0030819 0.00858171 -0.00306609 0.999959 0.0379014 0.0655244 0.13304
FixedParameters: 0 0 0

#Transform 150
Transform: AffineTransform_float_3_3
Parameters: 0.999958 0.00228177 -0.00881232 -0.00224823 0.99999 0.00383997 0.00882067 -0.00382003 0.999954 0.0244178 0.0518128 0.216917
FixedParameters: 0 0 0

#Transform 151
Transform: AffineTransform_float_3_3
Parameters: 0.999958 0.00226675 -0.00881416 -0.00224025 0.999993 0.00304387 0.00882084 -0.00302413 0.999957 0.0185092 0.0404549 0.155731
FixedParameters: 0 0 0

#Transform 152
Transform: AffineTransform_float_3_3
Parameters: 0.999959 0.00215801 -0.00877847 -0.00212299 0.99999 0.0039948 0.00878754 -0.0039762 0.999954 0.0360459 0.035036 0.172485
FixedParameters: 0 0 0

#Transform 153
Transform: AffineTransform_float_3_3
Parameters: 0.999961 0.00198066 -0.00858712 -0.00195534 0.999993 0.0029959 0.00859288 -0.00297909 0.999958 0.0346321 0.097829 0.120138
FixedParameters: 0 0 0

#Transform 154
Transform: AffineTransform_float_3_3
Parameters: 0.999962 0.00186211 -0.00851183 -0.0018289 0.99999 0.00389571 0.00851818 -0.00388029 0.999956 0.0374717 0.0585692 0.127238
FixedParameters: 0 0 0

#Transform 155
Transform: AffineTransform_float_3_3
Parameters: 0.999959 0.00159667 -0.0088952 -0.00156334 0.999992 0.00367806 0.0089008 -0.00366394 0.999953 0.0523456 0.0591415 0.14825
FixedParameters: 0 0 0

#Transform 156
Transform: AffineTransform_float_3_3
Parameters: 0.999961 0.00185522 -0.00862941 -0.00182878 0.999993 0.0030449 0.0086356 -0.0030291 0.999958 0.0546823 0.0561116 0.136025
FixedParameters: 0 0 0

#Transform 157
Transform: AffineTransform_float_3_3
Parameters: 0.999959 0.00186016 -0.0088505 -0.00182883 0.999992 0.00352833 0.00885649 -0.00351167 0.999954 0.0511265 0.0464939 0.148849
FixedParameters: 0 0 0

#Transform 158
Transform: AffineTransform_float_3_3
Parameters: 0.999959 0.00185394 -0.00884181 -0.00182907 0.999995 0.00282729 0.00884619 -0.00281172 0.999957 0.0567131 0.0580054 0.105955
FixedParameters: 0 0 0

#Transform 159
Transform: AffineTransform_float_3_3
Parameters: 0.999955 0.0017182 -0.0093063 -0.00168681 0.999993 0.00335885 0.00931171 -0.00334315 0.999951 0.0808127 0.0364897 0.165542
FixedParameters: 0 0 0

#Transform 160
Transform: AffineTransform_float_3_3
Parameters: 0.999958 0.00185848 -0.00897295 -0.00182852 0.999993 0.00329255 0.00897906 -0.00327645 0.999955 0.0623165 0.0216401 0.147452
FixedParameters: 0 0 0

#Transform 161
Transform: AffineTransform_float_3_3
Parameters: 0.999961 0.00185866 -0.00857662 -0.00182833 0.999993 0.00346582 0.00858237 -0.00344918 0.999957 0.0476009 0.00727341 0.154484
FixedParameters: 0 0 0

#Transform 162
Transform: AffineTransform_float_3_3
Parameters: 0.999959 0.00185561 -0.00884546 -0.00182838 0.999994 0.0030163 0.00885054 -0.0029997 0.999957 0.0540713 0.0368391 0.161152
FixedParameters: 0 0 0

#Transform 163
Transform: AffineTransform_float_3_3
Parameters: 0.999956 0.00185527 -0.00917973 -0.00182873 0.999994 0.00286891 0.00918527 -0.00285208 0.999953 0.0348268 0.0287218 0.111153
FixedParameters: 0 0 0

#Transform 164
Transform: AffineTransform_float_3_3
Parameters: 0.999959 0.00185521 -0.00892559 -0.00182878 0.999994 0.00294444 0.00893141 -0.00292755 0.999956 0.0311141 0.0673426 0.128222
FixedParameters: 0 0 0

#Transform 165
Transform: AffineTransform_float_3_3
Parameters: 0.999959 0.00129667 -0.00898233 -0.00127133 0.999995 0.00286354 0.00898566 -0.00285146 0.999955 0.0713827 0.0697177 0.123882
FixedParameters: 0 0 0

#Transform 166
Transform: AffineTransform_float_3_3
Parameters: 0.999957 0.00129377 -0.0091158 -0.00127123 0.999996 0.0025037 0.0091182 -0.00249131 0.999956 0.0816662 0.103396 0.0922331
FixedParameters: 0 0 0

#Transform 167
Transform: AffineTransform_float_3_3
Parameters: 0.999956 0.00173208 -0.00914847 -0.00170792 0.999995 0.00263874 0.00915352 -0.00262326 0.999954 0.07068 0.019909 0.0901243
FixedParameters: 0 0 0

#Transform 168
Transform: AffineTransform_float_3_3
Parameters: 0.999956 0.00161037 -0.00922875 -0.00157963 0.999994 0.00329672 0.00923425 -0.00328227 0.999952 0.0713447 0.0246409 0.152286
FixedParameters: 0 0 0

#Transform 169
Transform: AffineTransform_float_3_3
Parameters: 0.999958 0.00159829 -0.00899878 -0.00157972 0.999996 0.0020383 0.00900223 -0.0020247 0.999958 0.0700978 0.0895073 0.12244
FixedParameters: 0 0 0

#Transform 170
Transform: AffineTransform_float_3_3
Parameters: 0.99995 0.00188917 -0.00975063 -0.00185584 0.999992 0.00340926 0.00975636 -0.00339173 0.999946 0.0885864 0.0299641 0.198971
FixedParameters: 0 0 0

#Transform 171
Transform: AffineTransform_float_3_3
Parameters: 0.999951 0.00184871 -0.00967174 -0.00182129 0.999994 0.00287276 0.00967625 -0.00285525 0.999949 0.0878959 0.0466928 0.144192
FixedParameters: 0 0 0

#Transform 172
Transform: AffineTransform_float_3_3
Parameters: 0.999956 0.00160565 -0.00922757 -0.00158035 0.999995 0.0027867 0.00923142 -0.0027713 0.999953 0.0803425 0.0337386 0.118025
FixedParameters: 0 0 0

#Transform 173
Transform: AffineTransform_float_3_3
Parameters: 0.999955 0.00161011 -0.0094109 -0.00157989 0.999993 0.00320601 0.0094161 -0.00319098 0.99995 0.0849684 -0.00921022 0.148245
FixedParameters: 0 0 0

#Transform 174
Transform: AffineTransform_float_3_3
Parameters: 0.999952 0.0022785 -0.00952235 -0.0022585 0.999996 0.0020586 0.00952664 -0.00203639 0.999952 0.0848662 0.0284745 0.104785
FixedParameters: 0 0 0

#Transform 175
Transform: AffineTransform_float_3_3
Parameters: 0.999951 0.00228366 -0.00962618 -0.00225933 0.999994 0.00257288 0.00963182 -0.00255013 0.999951 0.0854378 0.0572248 0.130133
FixedParameters: 0 0 0

#Transform 176
Transform: AffineTransform_float_3_3
Parameters: 0.999949 0.00228432 -0.0099082 -0.00225869 0.999994 0.00256551 0.0099138 -0.00254348 0.999947 0.0872752 0.0126863 0.134444
FixedParameters: 0 0 0

#Transform 177
Transform: AffineTransform_float_3_3
Parameters: 0.999948 0.00227758 -0.00988674 -0.00225841 0.999995 0.00189043 0.00989126 -0.00186757 0.99995 0.0651586 0.0610203 0.116779
FixedParameters: 0 0 0

#Transform 178
Transform: AffineTransform_float_3_3
Parameters: 0.999948 0.00227688 -0.00999695 -0.00225913 0.999996 0.00179868 0.0100011 -0.00177632 0.999949 0.0741575 0.0708105 0.114817
FixedParameters: 0 0 0

#Transform 179
Transform: AffineTransform_float_3_3
Parameters: 0.999942 0.0024369 -0.0105427 -0.00240511 0.999992 0.00303653 0.0105503 -0.00301146 0.99994 0.0846731 0.0266497 0.147891
FixedParameters: 0 0 0

#Transform 180
Transform: AffineTransform_float_3_3
Parameters: 0.999946 0.00228168 -0.0100899 -0.00225932 0.999995 0.00225892 0.0100951 -0.00223608 0.999946 0.0830306 0.0780028 0.085622
FixedParameters: 0 0 0

#Transform 181
Transform: AffineTransform_float_3_3
Parameters: 0.999948 0.00229062 -0.00987972 -0.00225937 0.999993 0.00321149 0.00988728 -0.00318852 0.999946 0.0608787 0.0315831 0.142729
FixedParameters: 0 0 0

#Transform 182
Transform: AffineTransform_float_3_3
Parameters: 0.999947 0.00228481 -0.00998412 -0.00225919 0.999994 0.00259569 0.00998987 -0.00257331 0.999947 0.0602582 0.0450392 0.132761
FixedParameters: 0 0 0

#Transform 183
Transform: AffineTransform_float_3_3
Parameters: 0.999948 0.0025474 -0.00994179 -0.0025226 0.999994 0.00246621 0.00994823 -0.00244079 0.999948 0.0714884 0.0193703 0.153296
FixedParameters: 0 0 0

#Transform 184
Transform: AffineTransform_float_3_3
Parameters: 0.999942 0.00240837 -0.0104516 -0.00238463 0.999994 0.00224805 0.0104564 -0.00222294 0.999943 0.0598467 0.0631502 0.184576
FixedParameters: 0 0 0

#Transform 185
Transform: AffineTransform_float_3_3
Parameters: 0.999943 0.00256299 -0.0104354 -0.002536 0.999994 0.00259962 0.0104426 -0.00257239 0.999942 0.054065 0.0396246 0.136428
FixedParameters: 0 0 0

#Transform 186
Transform: AffineTransform_float_3_3
Parameters: 0.999945 0.00257345 -0.0101643 -0.00254356 0.999992 0.00300702 0.0101717 -0.00298099 0.999944 0.036475 0.0550548 0.170746
FixedParameters: 0 0 0

#Transform 187
Transform: AffineTransform_float_3_3
Parameters: 0.999945 0.00240909 -0.0102654 -0.00238492 0.999995 0.00235761 0.0102716 -0.00233338 0.999944 0.0593485 0.0638902 0.137248
FixedParameters: 0 0 0

#Transform 188
Transform: AffineTransform_float_3_3
