#Insight Transform File V1.0
#Transform 0
Transform: AffineTransform_float_3_3
Parameters: 0.999997 0.00244185 -0.000498875 -0.00244115 0.999995 0.00169022 0.000503127 -0.00168978 0.999999 -0.075332 -0.107047 0.315822
FixedParameters: 0 0 0

#Transform 1
Transform: AffineTransform_float_3_3
Parameters: 0.999997 0.002448 3.94862e-06 -0.002448 0.999995 0.00161299 -5.136e-08 -0.001613 0.999998 -0.0596339 -0.112184 0.312367
FixedParameters: 0 0 0

#Transform 2
Transform: AffineTransform_float_3_3
Parameters: 0.999997 0.00216847 -0.000416564 -0.00216753 0.999997 0.00112391 0.000419436 -0.00112309 1 -0.0827884 -0.0701184 0.27033
FixedParameters: 0 0 0

#Transform 3
Transform: AffineTransform_float_3_3
Parameters: 0.999998 0.00194295 -0.000839803 -0.00194205 0.999998 0.00113163 0.000842195 -0.00112937 0.999999 -0.0685488 -0.0980955 0.268474
FixedParameters: 0 0 0

#Transform 4
Transform: AffineTransform_float_3_3
Parameters: 0.999998 0.00201484 -0.000643386 -0.00201416 0.999997 0.0012983 0.000645613 -0.0012967 0.999999 -0.0820721 -0.0729319 0.210053
FixedParameters: 0 0 0

#Transform 5
Transform: AffineTransform_float_3_3
Parameters: 0.999997 0.00233869 -0.000638459 -0.0023383 0.999996 0.0010875 0.000640541 -0.00108551 0.999999 -0.102013 -0.0272213 0.22088
FixedParameters: 0 0 0

#Transform 6
Transform: AffineTransform_float_3_3
Parameters: 0.999998 0.00188432 -0.000965381 -0.00188368 0.999998 0.000328819 0.000965617 -0.000327181 0.999999 -0.0956596 -0.0178202 0.17599
FixedParameters: 0 0 0

#Transform 7
Transform: AffineTransform_float_3_3
Parameters: 0.999998 0.00162202 -0.00052692 -0.00162197 0.999998 4.98547e-05 0.00052708 -4.91451e-05 1 -0.0731317 -0.0798536 0.185721
FixedParameters: 0 0 0

#Transform 8
Transform: AffineTransform_float_3_3
Parameters: 0.999998 0.00144153 -0.000959211 -0.00144047 0.999999 0.000548383 0.00095979 -0.000547617 1 -0.0605271 0.00379026 0.116959
FixedParameters: 0 0 0

#Transform 9
Transform: AffineTransform_float_3_3
Parameters: 0.999998 0.00156921 -0.000267758 -0.00156979 0.999999 0.000791421 0.000269241 -0.000790579 0.999999 -0.0416982 -0.0586767 0.163741
FixedParameters: 0 0 0

#Transform 10
Transform: AffineTransform_float_3_3
Parameters: 0.999999 0.00133325 -0.000606442 -0.00133275 0.999999 0.000418809 0.000606558 -0.000418192 0.999999 -0.0502721 0.0353757 0.147391
FixedParameters: 0 0 0

#Transform 11
Transform: AffineTransform_float_3_3
Parameters: 0.999999 0.00119496 -0.000656074 -0.00119504 1 -6.1216e-05 0.000655925 6.27839e-05 1 -0.0399227 -0.0466067 0.130121
FixedParameters: 0 0 0

#Transform 12
Transform: AffineTransform_float_3_3
Parameters: 0.999998 0.00125924 -0.000959688 -0.00125876 0.999999 0.000248209 0.000960313 -0.000247791 1 -0.0388713 -0.0392483 0.103718
FixedParameters: 0 0 0

#Transform 13
Transform: AffineTransform_float_3_3
Parameters: 0.999999 0.000915152 -0.000959855 -0.000914848 0.999999 0.000158878 0.000960145 -0.000158121 0.999999 -0.00715099 -0.0754447 0.124482
FixedParameters: 0 0 0

#Transform 14
Transform: AffineTransform_float_3_3
Parameters: 1 0.000291685 -0.000960097 -0.000291316 1 -0.000328721 0.000959905 0.00032828 1 0.0229884 0.0678076 -0.0268107
FixedParameters: 0 0 0

#Transform 15
Transform: AffineTransform_float_3_3
Parameters: 1 0.00029211 -0.000393918 -0.00029189 1 0.000279115 0.000394081 -0.000278885 1 0.0267336 -0.0558414 0.042747
FixedParameters: 0 0 0

#Transform 16
Transform: AffineTransform_float_3_3
Parameters: 1 0.000292171 -0.000377868 -0.000291829 1 0.00045211 0.000378132 -0.000451889 1 0.0151456 -0.075837 0.0731762
FixedParameters: 0 0 0

#Transform 17
Transform: AffineTransform_float_3_3
Parameters: 0.999999 0.000617997 -0.000680003 -0.000618003 1 -4.57976e-06 0.000679997 4.42024e-06 1 0.00738859 0.0301128 0.00489312
FixedParameters: 0 0 0

#Transform 18
Transform: AffineTransform_float_3_3
Parameters: 1 0.00044999 0.00011304 -0.00044901 1 8.89492e-05 -0.00011296 -8.90508e-05 1 0.0050528 -0.0472235 0.0541604
FixedParameters: 0 0 0

#Transform 19
Transform: AffineTransform_float_3_3
Parameters: 1 0.000291869 -0.000380101 -0.000291131 1 -0.000344889 0.000380899 0.000345111 1 0.017415 0.000649232 -0.00725694
FixedParameters: 0 0 0

#Transform 20
Transform: AffineTransform_float_3_3
Parameters: 1 0.000292004 -0.000107989 -0.000291996 1 3.60315e-05 0.000108011 -3.59685e-05 1 -0.00571131 3.46567e-05 0.00453044
FixedParameters: 0 0 0

#Transform 21
Transform: AffineTransform_float_3_3
Parameters: 1 -0.000135 -2.98717e-06 0.000135 1 -9.50004e-05 3.01282e-06 9.49996e-05 1 0.0261326 0.00693986 -0.0108163
FixedParameters: 0 0 0

#Transform 22
Transform: AffineTransform_float_3_3
Parameters: 1 -0.000369008 -0.000235987 0.000368991 1 -3.60871e-05 0.000236013 3.59129e-05 1 0.0341476 -0.0204102 -0.00936634
FixedParameters: 0 0 0

#Transform 23
Transform: AffineTransform_float_3_3
Parameters: 1 -0.000529989 0.00011305 0.000530011 1 -9.49401e-05 -0.00011295 9.50599e-05 1 0.0448017 0.00780357 -0.0108839
FixedParameters: 0 0 0

#Transform 24
Transform: AffineTransform_float_3_3
Parameters: 1 -0.000136969 0.000198022 0.000137031 1 -0.000157973 -0.000197978 0.000158027 1 0.015615 -0.0221907 -0.012428
FixedParameters: 0 0 0

#Transform 25
Transform: AffineTransform_float_3_3
Parameters: 1 0.000161825 -0.00063282 -0.000165176 0.999988 -0.0050199 0.000632179 0.00502011 0.999987 0.0485796 0.407538 -0.635691
FixedParameters: 0 0 0

#Transform 26
Transform: AffineTransform_float_3_3
Parameters: 1 0.000503047 0.000287175 -0.000501951 0.999994 -0.00363215 -0.000289826 0.00363286 0.999994 -0.0661437 0.131245 -0.719753
FixedParameters: 0 0 0

#Transform 27
Transform: AffineTransform_float_3_3
Parameters: 0.999999 0.000787313 0.00106277 -0.000787687 0.999999 -0.000294837 -0.00106223 0.000294164 1 -0.122216 -0.190536 -0.0122346
FixedParameters: 0 0 0

#Transform 28
Transform: AffineTransform_float_3_3
Parameters: 1 0.00054559 0.000825271 -0.00054641 0.999999 0.000496549 -0.000824728 -0.00049745 0.999999 -0.113179 -0.0678076 0.0455986
FixedParameters: 0 0 0

#Transform 29
Transform: AffineTransform_float_3_3
Parameters: 1 0.000265038 0.000648984 -0.000264962 1 -5.8172e-05 -0.000649015 5.8828e-05 1 -0.104419 -0.00319941 -0.0248888
FixedParameters: 0 0 0

#Transform 30
Transform: AffineTransform_float_3_3
Parameters: 0.999999 -0.000149514 0.000837087 0.000149485 1 -0.000579875 -0.000836914 0.000580126 1 -0.0966308 -0.0445142 -0.0952208
FixedParameters: 0 0 0

#Transform 31
Transform: AffineTransform_float_3_3
Parameters: 0.999999 -0.000456407 0.000642422 0.000457593 1 -0.000923707 -0.000641578 0.000923294 1 -0.0809122 -0.0280031 -0.131762
FixedParameters: 0 0 0

#Transform 32
Transform: AffineTransform_float_3_3
Parameters: 0.999999 -0.000623072 0.000660876 0.000623928 0.999999 -0.00140559 -0.000660123 0.00140541 0.999999 -0.0789094 0.0542322 -0.170918
FixedParameters: 0 0 0

#Transform 33
Transform: AffineTransform_float_3_3
Parameters: 0.999999 -0.000970816 0.000826391 0.000971182 0.999998 -0.0014322 -0.000824609 0.0014338 0.999998 -0.0603298 0.00308065 -0.198728
FixedParameters: 0 0 0

#Transform 34
Transform: AffineTransform_float_3_3
Parameters: 1 -0.000666711 0.000758137 0.00066829 0.999999 -0.0017025 -0.000756864 0.00170251 0.999999 -0.0831125 -0.000995618 -0.234199
FixedParameters: 0 0 0

#Transform 35
Transform: AffineTransform_float_3_3
Parameters: 0.999999 -0.000666645 0.000709275 0.000668353 0.999998 -0.00191053 -0.000707724 0.00191147 0.999998 -0.0826456 0.0173828 -0.239244
FixedParameters: 0 0 0

#Transform 36
Transform: AffineTransform_float_3_3
Parameters: 0.999999 -0.00109415 0.000813495 0.00109585 0.999997 -0.00227811 -0.000810505 0.00227889 0.999997 -0.0181628 0.0555252 -0.299045
FixedParameters: 0 0 0

#Transform 37
Transform: AffineTransform_float_3_3
Parameters: 0.999997 -0.00200289 0.000898709 0.00200511 0.999995 -0.0023492 -0.00089429 0.0023508 0.999997 0.0457196 -0.0547942 -0.284594
FixedParameters: 0 0 0

#Transform 38
Transform: AffineTransform_float_3_3
Parameters: 0.999997 -0.00217669 0.00100801 0.00217931 0.999995 -0.00230081 -0.00100299 0.00230319 0.999997 0.0615247 0.00105733 -0.250152
FixedParameters: 0 0 0

#Transform 39
Transform: AffineTransform_float_3_3
Parameters: 0.999997 -0.0019632 0.000817331 0.0019648 0.999995 -0.0022044 -0.000813668 0.0022066 0.999997 0.0395912 0.0145765 -0.232061
FixedParameters: 0 0 0

#Transform 40
Transform: AffineTransform_float_3_3
Parameters: 0.999999 -0.00177164 0.000171738 0.00177136 0.999996 -0.0021097 -0.000168263 0.0021103 0.999998 0.0525942 0.0623537 -0.234282
FixedParameters: 0 0 0

#Transform 41
Transform: AffineTransform_float_3_3
Parameters: 0.999997 -0.00234111 0.000385434 0.00234189 0.999994 -0.0023201 -0.000380567 0.0023209 0.999997 0.063711 0.0247128 -0.239456
FixedParameters: 0 0 0

#Transform 42
Transform: AffineTransform_float_3_3
Parameters: 0.999998 -0.00223796 0.000510608 0.00223905 0.999996 -0.00205786 -0.000506392 0.00205914 0.999998 0.0702233 0.00589187 -0.214055
FixedParameters: 0 0 0

#Transform 43
Transform: AffineTransform_float_3_3
Parameters: 0.999997 -0.0021794 -0.000159654 0.0021786 0.999994 -0.00245335 0.000165344 0.00245264 0.999997 0.0850263 0.0494482 -0.242467
FixedParameters: 0 0 0

#Transform 44
Transform: AffineTransform_float_3_3
Parameters: 0.999997 -0.00250535 -0.000159573 0.00250465 0.999994 -0.0021664 0.000165427 0.00216659 0.999997 0.103862 0.0268411 -0.247795
FixedParameters: 0 0 0

#Transform 45
Transform: AffineTransform_float_3_3
Parameters: 0.999996 -0.00260927 -0.000160699 0.00260873 0.999995 -0.00164842 0.000165299 0.00164757 0.999998 0.0957705 -0.071681 -0.247246
FixedParameters: 0 0 0

#Transform 46
Transform: AffineTransform_float_3_3
Parameters: 0.999996 -0.0025443 -0.000160372 0.0025447 0.999995 -0.00181941 0.000165629 0.00181859 0.999999 0.0966479 0.00334437 -0.237048
FixedParameters: 0 0 0

#Transform 47
Transform: AffineTransform_float_3_3
Parameters: 0.999998 -0.00225154 0.000652066 0.00225346 0.999995 -0.00224854 -0.000646935 0.00224946 0.999998 0.068271 -0.00730265 -0.261007
FixedParameters: 0 0 0

#Transform 48
Transform: AffineTransform_float_3_3
Parameters: 0.999999 -0.00126346 0.000718714 0.00126454 0.999997 -0.00214609 -0.000716288 0.00214691 0.999998 0.0186283 -0.0181246 -0.235461
FixedParameters: 0 0 0

#Transform 49
Transform: AffineTransform_float_3_3
Parameters: 0.999999 -0.00171654 0.00063597 0.00171847 0.999996 -0.00231091 -0.000632031 0.00231109 0.999997 0.0357227 0.00893135 -0.246731
FixedParameters: 0 0 0

#Transform 50
Transform: AffineTransform_float_3_3
Parameters: 0.999997 -0.00220585 0.000969906 0.00220815 0.999995 -0.00222187 -0.000965094 0.00222414 0.999997 0.0506764 0.0165497 -0.237427
FixedParameters: 0 0 0

#Transform 51
Transform: AffineTransform_float_3_3
Parameters: 1 -0.00109913 0.000405375 0.00109987 0.999997 -0.00215955 -0.000402626 0.00215944 0.999997 0.0303895 0.0781014 -0.267393
FixedParameters: 0 0 0

#Transform 52
Transform: AffineTransform_float_3_3
Parameters: 0.999998 -0.0015733 0.000427567 0.0015737 0.999998 -0.00163133 -0.000425433 0.00163167 0.999998 -0.0129432 -0.0118264 -0.209688
FixedParameters: 0 0 0

#Transform 53
Transform: AffineTransform_float_3_3
Parameters: 0.999999 -0.00179736 0.000355239 0.00179864 0.999997 -0.00180136 -0.000351761 0.00180164 0.999999 0.00930156 -0.0162683 -0.227052
FixedParameters: 0 0 0

#Transform 54
Transform: AffineTransform_float_3_3
Parameters: 0.999997 -0.00212209 -0.000163871 0.00212191 0.999997 -0.000532349 0.000165128 0.00053165 1 0.056157 0.0033039 -0.140211
FixedParameters: 0 0 0

#Transform 55
Transform: AffineTransform_float_3_3
Parameters: 0.999997 -0.0021915 0.000299701 0.0021915 0.999996 -0.00168835 -0.0002963 0.00168865 0.999998 0.0520558 0.0300391 -0.206147
FixedParameters: 0 0 0

#Transform 56
Transform: AffineTransform_float_3_3
Parameters: 0.999997 -0.00208225 0.000513046 0.00208275 0.999997 -0.00146193 -0.000509954 0.00146306 0.999999 0.0377659 0.0378317 -0.197612
FixedParameters: 0 0 0

#Transform 57
Transform: AffineTransform_float_3_3
Parameters: 0.999997 -0.0025149 0.000125954 0.0025151 0.999996 -0.000776685 -0.000124048 0.000776314 0.999999 0.0555448 0.0155843 -0.177802
FixedParameters: 0 0 0

#Transform 58
Transform: AffineTransform_float_3_3
Parameters: 0.999997 -0.00251519 -0.000162127 0.00251581 0.999996 -0.00114241 0.000165875 0.00114259 1 0.0656183 0.00885841 -0.206083
FixedParameters: 0 0 0

#Transform 59
Transform: AffineTransform_float_3_3
Parameters: 0.999997 -0.00244396 3.40964e-05 0.00244404 0.999996 -0.00126692 -3.09033e-05 0.00126708 0.999999 0.0614949 0.0179594 -0.217314
FixedParameters: 0 0 0

#Transform 60
Transform: AffineTransform_float_3_3
Parameters: 0.999997 -0.00251473 0.000184681 0.00251527 0.999996 -0.00146354 -0.000181317 0.00146446 0.999999 0.0612167 0.0589728 -0.222145
FixedParameters: 0 0 0

#Transform 61
Transform: AffineTransform_float_3_3
Parameters: 0.999996 -0.00276493 5.48293e-05 0.00276507 0.999995 -0.00138485 -5.11702e-05 0.00138515 0.999999 0.0691149 -0.0307484 -0.220334
FixedParameters: 0 0 0

#Transform 62
Transform: AffineTransform_float_3_3
Parameters: 0.999997 -0.00262866 0.000270369 0.00262934 0.999995 -0.00128129 -0.000266631 0.00128171 0.999999 0.0631839 -0.00912214 -0.217739
FixedParameters: 0 0 0

#Transform 63
Transform: AffineTransform_float_3_3
Parameters: 0.999998 -0.00198717 0.000422927 0.00198783 0.999996 -0.00197516 -0.000419072 0.00197684 0.999998 0.0457652 -0.00835707 -0.271638
FixedParameters: 0 0 0

#Transform 64
Transform: AffineTransform_float_3_3
Parameters: 0.999997 -0.00207158 0.000620752 0.00207342 0.999995 -0.00229272 -0.000616248 0.00229328 0.999997 0.0512651 0.00327615 -0.271078
FixedParameters: 0 0 0

#Transform 65
Transform: AffineTransform_float_3_3
Parameters: 0.999998 -0.00220517 0.000560281 0.00220583 0.999997 -0.00148677 -0.000556719 0.00148823 0.999998 0.0494448 -0.0377026 -0.235135
FixedParameters: 0 0 0

#Transform 66
Transform: AffineTransform_float_3_3
Parameters: 0.999997 -0.00243754 0.000650494 0.00243946 0.999995 -0.00225242 -0.000644506 0.00225358 0.999998 0.0536323 0.0593381 -0.270818
FixedParameters: 0 0 0

#Transform 67
Transform: AffineTransform_float_3_3
Parameters: 0.999996 -0.00251414 0.000482487 0.00251586 0.999995 -0.00178379 -0.000477511 0.00178521 0.999999 0.0576451 -0.000757568 -0.246581
FixedParameters: 0 0 0

#Transform 68
Transform: AffineTransform_float_3_3
Parameters: 0.999997 -0.0025144 0.000414642 0.0025156 0.999996 -0.00144796 -0.000411356 0.00144904 0.999999 0.0585374 -0.0135537 -0.250361
FixedParameters: 0 0 0

#Transform 69
Transform: AffineTransform_float_3_3
Parameters: 0.999998 -0.00226941 0.00041924 0.0022696 0.999997 -0.00142705 -0.000415761 0.00142795 0.999999 0.0526728 0.0118683 -0.246906
FixedParameters: 0 0 0

#Transform 70
Transform: AffineTransform_float_3_3
Parameters: 0.999997 -0.00251481 0.000342392 0.00251519 0.999996 -0.00055314 -0.000341608 0.000553861 1 0.061918 0.00123329 -0.200125
FixedParameters: 0 0 0

#Transform 71
Transform: AffineTransform_float_3_3
Parameters: 0.999997 -0.00251469 0.000272874 0.00251531 0.999996 -0.00114232 -0.000270127 0.00114268 1 0.0601732 0.0535827 -0.214275
FixedParameters: 0 0 0

#Transform 72
Transform: AffineTransform_float_3_3
Parameters: 0.999996 -0.00251471 0.000489459 0.00251528 0.999996 -0.00057977 -0.000487539 0.000581228 0.999999 0.0441044 0.0132352 -0.200772
FixedParameters: 0 0 0

#Transform 73
Transform: AffineTransform_float_3_3
Parameters: 0.999997 -0.00251464 0.00039533 0.00251537 0.999997 -0.000926009 -0.000392669 0.00092699 0.999999 0.0588363 -0.00346751 -0.25318
FixedParameters: 0 0 0

#Transform 74
Transform: AffineTransform_float_3_3
Parameters: 0.999998 -0.00230376 0.000251223 0.00230424 0.999997 -0.000964423 -0.000248776 0.000965575 0.999999 0.0624559 -0.0160619 -0.249976
FixedParameters: 0 0 0

#Transform 75
Transform: AffineTransform_float_3_3
Parameters: 0.999998 -0.00229889 0.000208229 0.00229911 0.999997 -0.000534523 -0.000206769 0.000535477 1 0.0587183 -0.000620708 -0.214073
FixedParameters: 0 0 0

#Transform 76
Transform: AffineTransform_float_3_3
Parameters: 0.999999 -0.00143065 0.000221296 0.00143035 0.999997 -0.00160468 -0.000218704 0.00160531 0.999998 0.0348672 0.0348634 -0.281328
FixedParameters: 0 0 0

#Transform 77
Transform: AffineTransform_float_3_3
Parameters: 0.999998 -0.00164286 0.00037961 0.00164314 0.999998 -0.000371377 -0.000378388 0.000372622 1 0.0176598 0.034767 -0.257674
FixedParameters: 0 0 0

#Transform 78
Transform: AffineTransform_float_3_3
Parameters: 0.999997 -0.00218901 -6.15423e-05 0.00218899 0.999997 -0.000209135 6.14595e-05 0.000209866 1 0.037167 -0.0516719 -0.249251
FixedParameters: 0 0 0

#Transform 79
Transform: AffineTransform_float_3_3
Parameters: 0.999998 -0.00198795 0.000132799 0.00198805 0.999998 -0.000401737 -0.000132201 0.000402264 1 0.0396363 0.0372119 -0.265647
FixedParameters: 0 0 0

#Transform 80
Transform: AffineTransform_float_3_3
Parameters: 0.999997 -0.00244973 0.000577149 0.00244927 0.999997 -0.000468588 -0.000575852 0.000469412 0.999999 0.0699949 -0.0155729 -0.277058
FixedParameters: 0 0 0

#Transform 81
Transform: AffineTransform_float_3_3
Parameters: 1 -0.00027003 0.000378979 0.00026997 1 7.81023e-05 -0.000379021 -7.78977e-05 1 -0.0489942 0.0739296 -0.27166
FixedParameters: 0 0 0

#Transform 82
Transform: AffineTransform_float_3_3
Parameters: 1 -0.000103143 0.000378691 0.000101859 0.999996 0.00301704 -0.000378309 -0.00301696 0.999996 -0.146974 -0.0225908 -0.106608
FixedParameters: 0 0 0

#Transform 83
Transform: AffineTransform_float_3_3
Parameters: 0.999999 -0.000936164 0.000815522 0.000933834 0.999996 0.00265076 -0.000818477 -0.00264924 0.999996 -0.0924736 -0.0522197 -0.153738
FixedParameters: 0 0 0

#Transform 84
Transform: AffineTransform_float_3_3
Parameters: 0.999999 -0.000934298 0.000378263 0.000933702 1 0.000788353 -0.000378735 -0.000787646 0.999999 -0.0590388 0.0413627 -0.236778
FixedParameters: 0 0 0

#Transform 85
Transform: AffineTransform_float_3_3
Parameters: 0.999999 -0.000749755 0.000614079 0.000749244 0.999999 0.00122946 -0.000614922 -0.00122954 0.999999 -0.0810115 0.0359649 -0.227097
FixedParameters: 0 0 0

#Transform 86
Transform: AffineTransform_float_3_3
Parameters: 0.999999 -0.000679551 0.000448165 0.000679449 0.999999 0.00122931 -0.000448836 -0.0012297 0.999999 -0.0832534 0.0535875 -0.246668
FixedParameters: 0 0 0

#Transform 87
Transform: AffineTransform_float_3_3
Parameters: 0.999999 -0.00134955 0.000195206 0.00134845 0.999995 0.00281227 -0.000198794 -0.00281273 0.999996 -0.0250175 -0.0265457 -0.188644
FixedParameters: 0 0 0

#Transform 88
Transform: AffineTransform_float_3_3
Parameters: 0.999998 -0.00134991 0.0010188 0.00134809 0.999998 0.000892375 -0.0010192 -0.000890625 0.999999 -0.0118915 0.0202926 -0.273479
FixedParameters: 0 0 0

#Transform 89
Transform: AffineTransform_float_3_3
Parameters: 0.999999 -0.00135026 0.00107341 0.00134874 0.999999 0.00117545 -0.00107458 -0.00117355 0.999998 -0.0121452 0.0399294 -0.251161
FixedParameters: 0 0 0

#Transform 90
Transform: AffineTransform_float_3_3
Parameters: 0.999998 -0.00134996 0.000950634 0.00134904 0.999998 0.00101228 -0.000952365 -0.00101072 0.999999 -0.0120688 0.0263809 -0.254687
FixedParameters: 0 0 0

#Transform 91
Transform: AffineTransform_float_3_3
Parameters: 0.999998 -0.00134967 0.000963064 0.00134833 0.999999 0.0006943 -0.000963935 -0.0006927 1 -0.0163941 0.0426419 -0.25506
FixedParameters: 0 0 0

#Transform 92
Transform: AffineTransform_float_3_3
Parameters: 0.999999 -0.00134959 0.0007229 0.00134841 0.999999 0.000815976 -0.0007241 -0.000815024 1 -0.0148305 0.0713007 -0.262333
FixedParameters: 0 0 0

#Transform 93
Transform: AffineTransform_float_3_3
Parameters: 0.999999 -0.00160061 0.000932239 0.00159839 0.999997 0.00172649 -0.000934761 -0.00172551 0.999998 -0.0162814 -0.0122358 -0.228592
FixedParameters: 0 0 0

#Transform 94
Transform: AffineTransform_float_3_3
Parameters: 0.999998 -0.00135038 0.000932999 0.00134862 0.999998 0.00148226 -0.000934999 -0.00148174 0.999998 -0.000851462 0.0426955 -0.23399
FixedParameters: 0 0 0

#Transform 95
Transform: AffineTransform_float_3_3
Parameters: 0.999999 -0.00156507 0.000931532 0.00156293 0.999997 0.00221846 -0.00093447 -0.00221754 0.999997 0.00451679 0.02238 -0.177842
FixedParameters: 0 0 0

#Transform 96
Transform: AffineTransform_float_3_3
Parameters: 0.999999 -0.00134994 0.000437093 0.00134806 0.999997 0.00215459 -0.000439905 -0.00215441 0.999997 0.0218977 0.0782925 -0.207414
FixedParameters: 0 0 0

#Transform 97
Transform: AffineTransform_float_3_3
Parameters: 0.999998 -0.00177841 0.000932325 0.0017776 0.999998 0.00150566 -0.000934677 -0.00150434 0.999999 0.0262278 0.0153513 -0.200129
FixedParameters: 0 0 0

#Transform 98
Transform: AffineTransform_float_3_3
Parameters: 0.999999 -0.0011653 0.000630448 0.0011647 0.999999 0.000473735 -0.000630552 -0.000473266 0.999999 0.0322801 0.0676013 -0.268226
FixedParameters: 0 0 0

#Transform 99
Transform: AffineTransform_float_3_3
Parameters: 0.999998 0.000224052 0.00172286 -0.000222948 1 -0.000610385 -0.00172314 0.000610615 0.999999 -0.0391175 0.0962787 -0.377169
FixedParameters: 0 0 0

#Transform 100
Transform: AffineTransform_float_3_3
Parameters: 0.999997 -1.29563e-05 0.00217698 1.00436e-05 0.999999 0.00135802 -0.00217701 -0.00135797 0.999996 -0.0833315 0.0108942 -0.323953
FixedParameters: 0 0 0

#Transform 101
Transform: AffineTransform_float_3_3
Parameters: 0.999998 -0.000782227 0.0020918 0.000778772 0.999998 0.00154363 -0.0020932 -0.00154137 0.999996 -0.0247359 -0.0844439 -0.193487
FixedParameters: 0 0 0

#Transform 102
Transform: AffineTransform_float_3_3
Parameters: 0.999998 -0.000781142 0.00206419 0.00077886 0.999999 0.00103761 -0.00206481 -0.00103639 0.999998 0.00543058 0.016451 -0.222368
FixedParameters: 0 0 0

#Transform 103
Transform: AffineTransform_float_3_3
Parameters: 0.999998 -0.00125978 0.00197623 0.00125622 0.999998 0.00140749 -0.00197777 -0.00140451 0.999997 0.018001 0.0214994 -0.265176
FixedParameters: 0 0 0

#Transform 104
Transform: AffineTransform_float_3_3
Parameters: 0.999997 -0.00143625 0.00206205 0.00143175 0.999997 0.00206096 -0.00206495 -0.00205804 0.999996 0.0448778 0.019385 -0.233978
FixedParameters: 0 0 0

#Transform 105
Transform: AffineTransform_float_3_3
Parameters: 0.999996 -0.00174497 0.00221766 0.00174203 0.999997 0.00134187 -0.00221934 -0.00133813 0.999996 0.0582494 0.0372103 -0.26704
FixedParameters: 0 0 0

#Transform 106
Transform: AffineTransform_float_3_3
Parameters: 0.999997 -0.00151113 0.00180338 0.00150787 0.999998 0.00173472 -0.00180562 -0.00173228 0.999997 0.0651087 0.0175917 -0.28533
FixedParameters: 0 0 0

#Transform 107
Transform: AffineTransform_float_3_3
Parameters: 0.999997 -0.00174525 0.00206226 0.00174175 0.999997 0.0015756 -0.00206474 -0.0015714 0.999996 0.0981181 0.039631 -0.299422
FixedParameters: 0 0 0

#Transform 108
Transform: AffineTransform_float_3_3
Parameters: 0.999997 -0.00174385 0.00206344 0.00174215 0.999998 0.000899599 -0.00206457 -0.000895403 0.999998 0.11177 0.0589178 -0.338445
FixedParameters: 0 0 0

#Transform 109
Transform: AffineTransform_float_3_3
Parameters: 0.999996 -0.0022848 0.00206301 0.0022832 0.999997 0.000875715 -0.002065 -0.000871286 0.999998 0.148577 0.0526932 -0.335375
FixedParameters: 0 0 0

#Transform 110
Transform: AffineTransform_float_3_3
Parameters: 0.999995 -0.00228633 0.00248194 0.00228368 0.999997 0.00134168 -0.00248506 -0.00133633 0.999996 0.146665 0.0227278 -0.345489
FixedParameters: 0 0 0

#Transform 111
Transform: AffineTransform_float_3_3
Parameters: 0.999993 -0.00228827 0.00275262 0.00228372 0.999995 0.0019173 -0.00275738 -0.0019107 0.999995 0.149175 -0.0021426 -0.310239
FixedParameters: 0 0 0

#Transform 112
Transform: AffineTransform_float_3_3
Parameters: 0.999994 -0.00228805 0.00267269 0.00228395 0.999995 0.00189011 -0.00267631 -0.00188389 0.999994 0.150096 0.0350557 -0.310932
FixedParameters: 0 0 0

#Transform 113
Transform: AffineTransform_float_3_3
Parameters: 0.999994 -0.00228838 0.00280262 0.00228362 0.999995 0.00192041 -0.00280738 -0.00191359 0.999994 0.148598 0.0294493 -0.294041
FixedParameters: 0 0 0

#Transform 114
Transform: AffineTransform_float_3_3
Parameters: 0.999995 -0.00228829 0.00242201 0.00228371 0.999995 0.00218554 -0.00242699 -0.00217946 0.999994 0.153371 0.036795 -0.257779
FixedParameters: 0 0 0

#Transform 115
Transform: AffineTransform_float_3_3
Parameters: 0.999995 -0.00218053 0.002336 0.00217347 0.999993 0.0032201 -0.00234301 -0.00321491 0.999992 0.151907 -0.0415705 -0.224666
FixedParameters: 0 0 0

#Transform 116
Transform: AffineTransform_float_3_3
Parameters: 0.999996 -0.00164439 0.00225053 0.00164062 0.999998 0.0015057 -0.00225247 -0.0015023 0.999997 0.126285 0.0457367 -0.285891
FixedParameters: 0 0 0

#Transform 117
Transform: AffineTransform_float_3_3
Parameters: 0.999996 -0.00182964 0.00218829 0.00182436 0.999995 0.002578 -0.00219271 -0.002574 0.999995 0.127335 0.0148164 -0.250309
FixedParameters: 0 0 0

#Transform 118
Transform: AffineTransform_float_3_3
Parameters: 0.999996 -0.0016544 0.00224977 0.0016506 0.999996 0.00195572 -0.00225323 -0.00195228 0.999995 0.139945 0.0223363 -0.303353
FixedParameters: 0 0 0

#Transform 119
Transform: AffineTransform_float_3_3
Parameters: 0.999994 -0.00222705 0.00268382 0.00222195 0.999996 0.00188297 -0.00268818 -0.00187702 0.999994 0.148653 0.0102899 -0.251414
FixedParameters: 0 0 0

#Transform 120
Transform: AffineTransform_float_3_3
Parameters: 0.999995 -0.00136342 0.00279131 0.00136158 0.999999 0.000511803 -0.0027917 -0.000508196 0.999996 0.0746213 0.0150158 -0.37028
FixedParameters: 0 0 0

#Transform 121
Transform: AffineTransform_float_3_3
Parameters: 0.999993 -0.00084392 0.00347453 0.000842081 1 0.00055393 -0.00347446 -0.000551072 0.999994 0.0192645 0.0800569 -0.4687
FixedParameters: 0 0 0

#Transform 122
Transform: AffineTransform_float_3_3
Parameters: 0.999995 -0.00136584 0.00282466 0.00136016 0.999998 0.00171585 -0.00282733 -0.00171215 0.999994 0.0536141 -0.00458308 -0.292146
FixedParameters: 0 0 0

#Transform 123
Transform: AffineTransform_float_3_3
Parameters: 0.999994 -0.00177021 0.00272132 0.00176279 0.999995 0.00264881 -0.00272567 -0.00264319 0.999993 0.077695 -0.0471032 -0.202239
FixedParameters: 0 0 0

#Transform 124
Transform: AffineTransform_float_3_3
Parameters: 0.999996 -0.001927 0.00236712 0.001921 0.999995 0.00253656 -0.00237188 -0.00253144 0.999994 0.0956908 0.0243214 -0.178383
FixedParameters: 0 0 0

#Transform 125
Transform: AffineTransform_float_3_3
Parameters: 0.999995 -0.00183422 0.00236465 0.00182578 0.999993 0.00347233 -0.00237135 -0.00346867 0.999991 0.093384 -0.046703 -0.179235
FixedParameters: 0 0 0

#Transform 126
Transform: AffineTransform_float_3_3
Parameters: 0.999996 -0.00160784 0.00238373 0.00160016 0.999994 0.00328683 -0.00238927 -0.00328217 0.999992 0.0994276 -0.00438848 -0.203924
FixedParameters: 0 0 0

#Transform 127
Transform: AffineTransform_float_3_3
Parameters: 0.999995 -0.00179787 0.00237982 0.00178713 0.999988 0.00456327 -0.00238718 -0.00455973 0.999987 0.108864 -0.0422598 -0.196684
FixedParameters: 0 0 0

#Transform 128
Transform: AffineTransform_float_3_3
Parameters: 0.999994 -0.00221342 0.00258256 0.00220058 0.999984 0.00518771 -0.00259344 -0.00518129 0.999983 0.135552 0.00326621 -0.168262
FixedParameters: 0 0 0

#Transform 129
Transform: AffineTransform_float_3_3
Parameters: 0.999994 -0.00206726 0.00286247 0.00205374 0.999987 0.00462791 -0.00287153 -0.00462209 0.999985 0.124591 -0.0347753 -0.193818
FixedParameters: 0 0 0

#Transform 130
Transform: AffineTransform_float_3_3
Parameters: 0.999995 -0.00230295 0.00212713 0.00229104 0.999981 0.0056039 -0.00214086 -0.0055981 0.999982 0.117178 0.0134351 -0.159806
FixedParameters: 0 0 0

#Transform 131
Transform: AffineTransform_float_3_3
Parameters: 0.999995 -0.00210324 0.00261461 0.00208876 0.999983 0.00543749 -0.00262539 -0.00543151 0.999982 0.122081 -0.0429305 -0.177147
FixedParameters: 0 0 0

#Transform 132
Transform: AffineTransform_float_3_3
Parameters: 0.999995 -0.00213456 0.00241796 0.00212144 0.999985 0.00518716 -0.00242903 -0.00518184 0.999983 0.11465 -0.00853684 -0.178817
FixedParameters: 0 0 0

#Transform 133
Transform: AffineTransform_float_3_3
Parameters: 0.999995 -0.00216248 0.0025205 0.00214952 0.999984 0.00533945 -0.00253151 -0.00533356 0.999982 0.126907 -0.0467199 -0.183181
FixedParameters: 0 0 0

#Transform 134
Transform: AffineTransform_float_3_3
Parameters: 0.999994 -0.00219025 0.00271536 0.00217774 0.999985 0.00487594 -0.00272564 -0.00486906 0.999985 0.125136 -0.0268319 -0.173432
FixedParameters: 0 0 0

#Transform 135
Transform: AffineTransform_float_3_3
Parameters: 0.999995 -0.00170662 0.00293054 0.00169238 0.999986 0.00498399 -0.00293847 -0.00497902 0.999984 0.110848 -0.0426416 -0.20401
FixedParameters: 0 0 0

#Transform 136
Transform: AffineTransform_float_3_3
Parameters: 0.999994 -0.000927523 0.00318523 0.000910478 0.999986 0.00518493 -0.00318976 -0.00518207 0.999981 0.0402321 0.0185431 -0.29778
FixedParameters: 0 0 0

#Transform 137
Transform: AffineTransform_float_3_3
Parameters: 0.999993 -0.0023941 0.00271274 0.00237889 0.999981 0.00555849 -0.00272625 -0.00555151 0.999981 0.137113 -0.0924271 -0.211623
FixedParameters: 0 0 0

#Transform 138
Transform: AffineTransform_float_3_3
Parameters: 0.99999 -0.00278188 0.00352239 0.00276212 0.999981 0.00563479 -0.00353861 -0.00562521 0.999978 0.184053 -0.0503259 -0.189165
FixedParameters: 0 0 0

#Transform 139
Transform: AffineTransform_float_3_3
Parameters: 0.999991 -0.0026591 0.00328764 0.0026399 0.999979 0.00580073 -0.00330336 -0.00579226 0.999978 0.183924 0.00160993 -0.170823
FixedParameters: 0 0 0

#Transform 140
Transform: AffineTransform_float_3_3
Parameters: 0.999993 -0.00221622 0.00305429 0.00220077 0.999984 0.00530476 -0.00306671 -0.00529725 0.999982 0.19537 -0.0147615 -0.204598
FixedParameters: 0 0 0

#Transform 141
Transform: AffineTransform_float_3_3
Parameters: 0.999994 -0.00167939 0.00322407 0.00166662 0.99999 0.0041494 -0.00323094 -0.0041446 0.999986 0.180601 -0.0447207 -0.195049
FixedParameters: 0 0 0

#Transform 142
Transform: AffineTransform_float_3_3
Parameters: 0.999974 -0.00136151 0.00699316 0.00156649 0.999564 -0.0294638 -0.00694986 0.0294732 0.999542 0.146545 0.247572 -1.95405
FixedParameters: 0 0 0

#Transform 143
Transform: AffineTransform_float_3_3
Parameters: 0.999959 0.00155087 0.00893402 -0.00151613 0.999991 -0.00390871 -0.00893999 0.0038943 0.999953 0.175004 -0.636768 -0.40818
FixedParameters: 0 0 0

#Transform 144
Transform: AffineTransform_float_3_3
Parameters: 0.999954 0.00150954 0.00945816 -0.00152346 0.999998 0.00141566 -0.00945685 -0.00143034 0.999955 0.0894998 -0.59248 0.701534
FixedParameters: 0 0 0

#Transform 145
Transform: AffineTransform_float_3_3
Parameters: 0.99998 0.00119725 0.00630939 -0.00119475 0.999999 -0.000518549 -0.00631062 0.000510455 0.99998 -0.0150468 0.0894282 0.00577966
FixedParameters: 0 0 0

#Transform 146
Transform: AffineTransform_float_3_3
Parameters: 0.999973 0.00103705 0.00736259 -0.00102695 0.999998 -0.0013686 -0.00736441 0.0013614 0.999972 0.0170474 -0.0986435 -0.0182447
FixedParameters: 0 0 0

#Transform 147
Transform: AffineTransform_float_3_3
Parameters: 0.999965 0.00108516 0.00827072 -0.00108284 1 -0.000265965 -0.00827028 0.000257034 0.999966 0.0344316 -0.112395 0.0214168
FixedParameters: 0 0 0

#Transform 148
Transform: AffineTransform_float_3_3
Parameters: 0.999965 0.000626831 0.00831357 -0.000621175 0.999999 -0.000703188 -0.00831444 0.000698812 0.999965 0.0679884 -0.134633 -0.016206
FixedParameters: 0 0 0

#Transform 149
Transform: AffineTransform_float_3_3
Parameters: 0.999964 0.000883353 0.00851727 -0.000885642 0.999999 0.000306468 -0.00851673 -0.000314535 0.999963 0.0707032 -0.0732237 0.046298
FixedParameters: 0 0 0

#Transform 150
Transform: AffineTransform_float_3_3
Parameters: 0.999952 0.000130671 0.00978414 -0.000141327 1 0.00105467 -0.00978485 -0.00105633 0.999951 0.0990272 -0.18063 0.0831666
FixedParameters: 0 0 0

#Transform 151
Transform: AffineTransform_float_3_3
Parameters: 0.999952 0.000129001 0.00972616 -0.000141005 0.999999 0.00123369 -0.00972583 -0.00123431 0.999952 0.119168 -0.126496 0.0829766
FixedParameters: 0 0 0

#Transform 152
Transform: AffineTransform_float_3_3
Parameters: 0.999954 0.000486712 0.00950832 -0.000492291 0.999999 0.000659349 -0.00950767 -0.000663657 0.999954 0.109787 -0.0912712 -0.0013609
FixedParameters: 0 0 0

#Transform 153
Transform: AffineTransform_float_3_3
Parameters: 0.999951 0.000129115 0.00988217 -0.000140882 1 0.00120167 -0.00988184 -0.00120334 0.999951 0.146062 -0.185855 -0.0269126
FixedParameters: 0 0 0

#Transform 154
Transform: AffineTransform_float_3_3
Parameters: 0.999949 -0.000301396 0.0100724 0.000282604 0.999998 0.00192695 -0.0100736 -0.00192406 0.999948 0.187401 -0.218426 0.0931293
FixedParameters: 0 0 0

#Transform 155
Transform: AffineTransform_float_3_3
Parameters: 0.99995 -0.000298036 0.0100125 0.000281955 0.999998 0.0016039 -0.0100125 -0.0016001 0.999948 0.183978 -0.14283 0.0972964
FixedParameters: 0 0 0

#Transform 156
Transform: AffineTransform_float_3_3
Parameters: 0.99995 7.05149e-05 0.0100732 -9.34865e-05 0.999998 0.00233118 -0.0100728 -0.00233183 0.999946 0.151904 -0.17181 0.13005
FixedParameters: 0 0 0

#Transform 157
Transform: AffineTransform_float_3_3
Parameters: 0.999959 0.000280156 0.0090598 -0.000304839 0.999996 0.00274035 -0.0090592 -0.00274365 0.999955 0.165024 -0.196271 0.0946924
FixedParameters: 0 0 0

#Transform 158
Transform: AffineTransform_float_3_3
Parameters: 0.999912 0.00322094 0.012869 -0.00282806 0.999532 -0.0304361 -0.012961 0.0303969 0.999454 0.199736 0.135081 -1.37648
FixedParameters: 0 0 0

#Transform 159
Transform: AffineTransform_float_3_3
Parameters: 0.999838 0.00514263 0.0172104 -0.00446638 0.999226 -0.0390682 -0.0173976 0.0389848 0.999089 0.220466 0.285556 -3.76826
FixedParameters: 0 0 0

#Transform 160
Transform: AffineTransform_float_3_3
Parameters: 0.999841 0.00465664 0.0172126 -0.00426437 0.999732 -0.022778 -0.0173135 0.022701 0.999593 0.203001 -0.0417581 -2.59394
FixedParameters: 0 0 0

#Transform 161
Transform: AffineTransform_float_3_3
Parameters: 0.999836 0.00299002 0.017865 -0.00269398 0.999859 -0.0165708 -0.017912 0.0165202 0.999703 0.267605 0.0182688 -1.85278
FixedParameters: 0 0 0

#Transform 162
Transform: AffineTransform_float_3_3
Parameters: 0.999847 0.00232818 0.0173258 -0.00208281 0.999897 -0.0141562 -0.0173572 0.0141177 0.999749 0.285219 0.0932886 -1.65401
FixedParameters: 0 0 0

#Transform 163
Transform: AffineTransform_float_3_3
Parameters: 0.999848 0.0013546 0.0173396 -0.0011084 0.999899 -0.0141664 -0.0173564 0.0141446 0.99975 0.312476 0.0927753 -1.59804
FixedParameters: 0 0 0

#Transform 164
Transform: AffineTransform_float_3_3
Parameters: 0.999858 0.00101633 0.016856 -0.000771674 0.999894 -0.0144951 -0.016869 0.0144799 0.999753 0.334802 0.0968037 -1.58684
FixedParameters: 0 0 0

#Transform 165
Transform: AffineTransform_float_3_3
Parameters: 0.999838 0.00276226 0.0177575 -0.00274074 0.999996 -0.00127788 -0.0177604 0.00122914 0.999841 0.236118 0.0874083 -1.06197
FixedParameters: 0 0 0

#Transform 166
Transform: AffineTransform_float_3_3
Parameters: 0.99988 0.00222501 0.0153164 -0.002193 0.999996 -0.00210584 -0.0153206 0.00207216 0.999881 0.220643 -0.0206882 -0.940369
FixedParameters: 0 0 0

#Transform 167
Transform: AffineTransform_float_3_3
Parameters: 0.999914 0.00193766 0.0129852 -0.00191234 0.999996 -0.001988 -0.0129888 0.001963 0.999913 0.214718 -0.214895 -0.524599
FixedParameters: 0 0 0

#Transform 168
Transform: AffineTransform_float_3_3
Parameters: 0.999931 0.000915509 0.0116579 -0.000901496 0.999999 -0.00116359 -0.0116581 0.00115341 0.999932 0.305261 -0.122326 -0.420883
FixedParameters: 0 0 0

#Transform 169
Transform: AffineTransform_float_3_3
Parameters: 0.999923 0.000309931 0.0124643 -0.000280074 0.999997 -0.00240268 -0.0124647 0.00239932 0.99992 0.304637 -0.145432 -0.44275
FixedParameters: 0 0 0

#Transform 170
Transform: AffineTransform_float_3_3
Parameters: 0.999924 -0.000230049 0.0122843 0.000245953 0.999999 -0.00129708 -0.0122847 0.00129992 0.999923 0.306349 -0.143495 -0.347386
FixedParameters: 0 0 0

#Transform 171
Transform: AffineTransform_float_3_3
Parameters: 0.999927 -0.000717263 0.0120104 0.000741738 0.999998 -0.00197223 -0.0120086 0.00198076 0.999926 0.336546 -0.134179 -0.327043
FixedParameters: 0 0 0

#Transform 172
Transform: AffineTransform_float_3_3
Parameters: 0.999936 -0.00177568 0.0111847 0.00180532 0.999995 -0.00261198 -0.0111793 0.00263202 0.999934 0.377857 -0.068941 -0.344541
FixedParameters: 0 0 0

#Transform 173
Transform: AffineTransform_float_3_3
Parameters: 0.999936 -0.00166842 0.0111374 0.00169158 0.999997 -0.00201829 -0.0111336 0.00203671 0.999936 0.405527 -0.0733739 -0.305817
FixedParameters: 0 0 0

#Transform 174
Transform: AffineTransform_float_3_3
Parameters: 0.999865 0.00361234 0.0159892 -0.00362266 0.999994 0.000575154 -0.0159868 -0.000632835 0.999872 0.136314 0.101618 -0.799844
FixedParameters: 0 0 0

#Transform 175
Transform: AffineTransform_float_3_3
Parameters: 0.999901 0.00349684 0.0136793 -0.00355616 0.999985 0.00430279 -0.0136637 -0.00435122 0.999897 0.0479234 0.0538125 -1.01143
FixedParameters: 0 0 0

#Transform 176
Transform: AffineTransform_float_3_3
Parameters: 0.999913 0.0027628 0.0129001 -0.00279618 0.999993 0.00255515 -0.0128928 -0.00259184 0.999913 0.154753 -0.17259 -0.726188
FixedParameters: 0 0 0

#Transform 177
Transform: AffineTransform_float_3_3
Parameters: 0.999911 0.00298591 0.0130596 -0.00301909 0.999993 0.0025148 -0.0130514 -0.0025542 0.999911 0.17222 -0.0230167 -0.631388
FixedParameters: 0 0 0

#Transform 178
Transform: AffineTransform_float_3_3
Parameters: 0.999897 0.002752 0.0140723 -0.00277399 0.999995 0.00154312 -0.0140677 -0.00158288 0.9999 0.196716 0.00551638 -0.690518
FixedParameters: 0 0 0

#Transform 179
Transform: AffineTransform_float_3_3
Parameters: 0.999902 0.00194448 0.0139036 -0.00195552 0.999998 0.000814891 -0.0139024 -0.000842116 0.999903 0.25379 -0.0251883 -0.679895
FixedParameters: 0 0 0

#Transform 180
Transform: AffineTransform_float_3_3
Parameters: 0.999901 0.00149495 0.0139802 -0.00150605 0.999998 0.000780022 -0.0139788 -0.000800976 0.999902 0.283477 -0.0624517 -0.675131
FixedParameters: 0 0 0

#Transform 181
Transform: AffineTransform_float_3_3
Parameters: 0.9999 0.00104007 0.0140516 -0.00103492 1 -0.000368579 -0.0140524 0.00035342 0.999901 0.288992 -0.000568267 -0.671653
FixedParameters: 0 0 0

#Transform 182
Transform: AffineTransform_float_3_3
Parameters: 0.999905 0.000799248 0.0137576 -0.000809752 1 0.000775934 -0.0137574 -0.000787071 0.999905 0.302756 -0.0522773 -0.574144
FixedParameters: 0 0 0

#Transform 183
Transform: AffineTransform_float_3_3
Parameters: 0.999893 0.000805253 0.0146083 -0.000809749 0.999999 0.000319205 -0.0146077 -0.000330798 0.999893 0.297829 -0.0754283 -0.600612
FixedParameters: 0 0 0

#Transform 184
Transform: AffineTransform_float_3_3
Parameters: 0.999899 0.000137844 0.0141631 -0.000148155 0.999999 0.000715974 -0.0141629 -0.000718024 0.9999 0.342585 -0.0584469 -0.469749
FixedParameters: 0 0 0

#Transform 185
Transform: AffineTransform_float_3_3
Parameters: 0.999913 -0.000247253 0.013188 0.000188749 0.99999 0.00449388 -0.013189 -0.00449113 0.999903 0.318407 -0.0992087 -0.368914
FixedParameters: 0 0 0

#Transform 186
Transform: AffineTransform_float_3_3
Parameters: 0.999933 0.000655681 0.0115761 -0.000707319 0.999989 0.00451611 -0.0115729 -0.00452389 0.999923 0.229253 -0.127436 -0.52863
FixedParameters: 0 0 0

#Transform 187
Transform: AffineTransform_float_3_3
Parameters: 0.999926 0.00106404 0.0121016 -0.00109298 0.999996 0.00238795 -0.0120994 -0.00240005 0.999924 0.224879 0.0545121 -0.611726
FixedParameters: 0 0 0

#Transform 188
Transform: AffineTransform_float_3_3
