# transform file /out/sourcedata/freesurfer/sub-v2s2x29073_ses-1/mri/transforms/cc_up.lta
# created by oesteban on Thu Mar 12 23:36:31 2026

type      = 0 # LINEAR_VOX_TO_VOX
nxforms   = 1
mean      = 129.0000 133.0000 122.0000
sigma     = 10000.0000
1 4 4
9.997838735580444e-01 6.350464653223753e-03 -1.979725807905197e-02 7.065039873123169e-01 
-6.349219940602779e-03 9.999799132347107e-01 1.257243129657581e-04 1.280605983734131e+01 
1.979765854775906e-02 0.000000000000000e+00 9.998040199279785e-01 3.470011949539185e+00 
0.000000000000000e+00 0.000000000000000e+00 0.000000000000000e+00 1.000000000000000e+00 
src volume info
valid = 1  # volume info valid
filename = /out/sourcedata/freesurfer/sub-v2s2x29073_ses-1/mri/norm.mgz
volume = 256 256 256
voxelsize = 8.984373807907104e-01 8.984373807907104e-01 8.984373807907104e-01
xras   = -1.000000000000000e+00 0.000000000000000e+00 0.000000000000000e+00
yras   = 0.000000000000000e+00 0.000000000000000e+00 -1.000000000000000e+00
zras   = 0.000000000000000e+00 1.000000000000000e+00 0.000000000000000e+00
cras   = 3.111419677734375e+00 -1.653736877441406e+01 2.431960678100586e+01
dst volume info
valid = 1  # volume info valid
filename = /out/sourcedata/freesurfer/sub-v2s2x29073_ses-1/mri/norm.mgz
volume = 256 256 256
voxelsize = 8.984373807907104e-01 8.984373807907104e-01 8.984373807907104e-01
xras   = -1.000000000000000e+00 0.000000000000000e+00 0.000000000000000e+00
yras   = 0.000000000000000e+00 0.000000000000000e+00 -1.000000000000000e+00
zras   = 0.000000000000000e+00 1.000000000000000e+00 0.000000000000000e+00
cras   = 3.111419677734375e+00 -1.653736877441406e+01 2.431960678100586e+01
