# transform file transforms/talairach.lta
# created by oesteban on Thu Mar 12 22:13:16 2026

type      = 0 # LINEAR_VOX_TO_VOX
nxforms   = 1
mean      = 129.0000 135.0000 122.0000
sigma     = 10000.0000
1 4 4
9.140534996986389e-01 -9.884835220873356e-03 -1.426433213055134e-02 1.035747051239014e+01 
7.617390714585781e-03 1.031092643737793e+00 -6.185153871774673e-02 -1.181886482238770e+01 
1.483459211885929e-02 8.200678229331970e-02 9.104667901992798e-01 -1.478649806976318e+01 
0.000000000000000e+00 0.000000000000000e+00 0.000000000000000e+00 1.000000000000000e+00 
src volume info
valid = 1  # volume info valid
filename = nu.mgz
volume = 256 256 256
voxelsize = 8.984373807907104e-01 8.984373807907104e-01 8.984373807907104e-01
xras   = -1.000000000000000e+00 0.000000000000000e+00 0.000000000000000e+00
yras   = 0.000000000000000e+00 0.000000000000000e+00 -1.000000000000000e+00
zras   = 0.000000000000000e+00 1.000000000000000e+00 0.000000000000000e+00
cras   = 3.111419677734375e+00 -1.653736877441406e+01 2.431960678100586e+01
dst volume info
valid = 1  # volume info valid
filename = /opt/freesurfer/average/RB_all_2020-01-02.gca
volume = 256 256 256
voxelsize = 1.000000000000000e+00 1.000000000000000e+00 1.000000000000000e+00
xras   = -1.000000000000000e+00 0.000000000000000e+00 0.000000000000000e+00
yras   = 0.000000000000000e+00 0.000000000000000e+00 -1.000000000000000e+00
zras   = 0.000000000000000e+00 1.000000000000000e+00 0.000000000000000e+00
cras   = 0.000000000000000e+00 0.000000000000000e+00 0.000000000000000e+00
