#Insight Transform File V1.0
#Transform 0
Transform: AffineTransform_float_3_3
Parameters: 0.999988 0.00467062 -0.00147458 -0.00467838 0.999977 -0.00504016 0.00145142 0.00504684 0.999986 -0.0717765 -0.201514 -0.186952
FixedParameters: 0 0 0

#Transform 1
Transform: AffineTransform_float_3_3
Parameters: 0.999986 0.00536227 -0.000819782 -0.00536673 0.999975 -0.00461767 0.000795213 0.00462233 0.999989 -0.0922282 -0.193036 -0.230494
FixedParameters: 0 0 0

#Transform 2
Transform: AffineTransform_float_3_3
Parameters: 0.999985 0.00536371 -0.000426769 -0.00536628 0.99997 -0.00554779 0.000396227 0.0055502 0.999984 -0.107894 -0.167772 -0.226628
FixedParameters: 0 0 0

#Transform 3
Transform: AffineTransform_float_3_3
Parameters: 0.999987 0.00523358 -0.000101111 -0.00523442 0.999975 -0.00479754 7.58848e-05 0.00479846 0.999989 -0.121616 -0.197351 -0.174474
FixedParameters: 0 0 0

#Transform 4
Transform: AffineTransform_float_3_3
Parameters: 0.999985 0.00536487 -0.000275783 -0.00536611 0.999976 -0.00424558 0.000252214 0.00424741 0.999991 -0.113849 -0.21929 -0.17837
FixedParameters: 0 0 0

#Transform 5
Transform: AffineTransform_float_3_3
Parameters: 0.999985 0.00536603 -5.64651e-06 -0.00536596 0.999975 -0.00459304 -1.96462e-05 0.00459296 0.99999 -0.138203 -0.205477 -0.194967
FixedParameters: 0 0 0

#Transform 6
Transform: AffineTransform_float_3_3
Parameters: 0.999991 0.00413011 -0.000803452 -0.0041299 0.999992 0.000134319 0.000803551 -0.000131682 0.999999 -0.102273 -0.372614 -0.012747
FixedParameters: 0 0 0

#Transform 7
Transform: AffineTransform_float_3_3
Parameters: 0.999985 0.00515376 -0.00196882 -0.00511825 0.999829 0.0177564 0.00205918 -0.0177467 0.999841 -0.211338 -0.530405 1.48074
FixedParameters: 0 0 0

#Transform 8
Transform: AffineTransform_float_3_3
Parameters: 0.999984 0.005292 0.00203166 -0.005323 0.999864 0.0155684 -0.00194933 -0.0155796 0.999876 -0.237901 -0.792482 1.29306
FixedParameters: 0 0 0

#Transform 9
Transform: AffineTransform_float_3_3
Parameters: 0.99999 0.00137872 -0.00437422 -0.00132028 0.999913 0.0131709 0.00439177 -0.0131651 0.999903 -0.0534345 -0.676786 0.795756
FixedParameters: 0 0 0

#Transform 10
Transform: AffineTransform_float_3_3
Parameters: 0.999883 -0.000876276 -0.0152651 0.00100672 0.999963 0.00855763 0.0152569 -0.00857237 0.999847 0.167553 -0.551761 0.766417
FixedParameters: 0 0 0

#Transform 11
Transform: AffineTransform_float_3_3
Parameters: 0.99994 0.00064158 -0.0109902 -0.000553416 0.999968 0.00806157 0.0109948 -0.00805444 0.999907 0.0716385 -0.533612 0.68212
FixedParameters: 0 0 0

#Transform 12
Transform: AffineTransform_float_3_3
Parameters: 0.999961 0.00105681 -0.00870449 -0.000993191 0.999972 0.00733193 0.00871151 -0.00732307 0.999935 -0.0035679 -0.591533 0.617887
FixedParameters: 0 0 0

#Transform 13
Transform: AffineTransform_float_3_3
Parameters: 0.999982 0.00137027 -0.00593664 -0.00133773 0.999985 0.00543604 0.00594435 -0.00542796 0.999967 -0.0287119 -0.450776 0.554676
FixedParameters: 0 0 0

#Transform 14
Transform: AffineTransform_float_3_3
Parameters: 0.999985 0.00234493 -0.00482052 -0.00234607 0.999997 -0.000216694 0.00481948 0.000228305 0.999989 -0.0768063 0.0507206 0.711936
FixedParameters: 0 0 0

#Transform 15
Transform: AffineTransform_float_3_3
Parameters: 0.999963 0.000340847 0.00853017 -0.000369163 0.999994 0.00329997 -0.00852983 -0.00330203 0.999958 -0.254347 1.55617 0.817117
FixedParameters: 0 0 0

#Transform 16
Transform: AffineTransform_float_3_3
Parameters: 0.999968 -0.0055161 0.00567287 0.00551689 0.999985 -0.000141708 -0.00567213 0.000173293 0.999984 -0.0180865 2.31899 0.190176
FixedParameters: 0 0 0

#Transform 17
Transform: AffineTransform_float_3_3
Parameters: 1 1.59892e-05 -0.001079 -1.60108e-05 1 -9.98273e-06 0.001079 1.00173e-05 1 0.0215866 0.160793 0.0140448
FixedParameters: 0 0 0

#Transform 18
Transform: AffineTransform_float_3_3
Parameters: 0.999999 -0.000752896 -4.67077e-05 0.000753105 0.999997 0.00226797 4.52921e-05 -0.00226804 0.999998 0.0591621 -0.1051 0.0851001
FixedParameters: 0 0 0

#Transform 19
Transform: AffineTransform_float_3_3
Parameters: 0.999999 -0.000336999 0.000683508 0.000336002 0.999999 0.00146123 -0.000683491 -0.00146077 0.999998 0.0335824 -0.108348 0.1279
FixedParameters: 0 0 0

#Transform 20
Transform: AffineTransform_float_3_3
Parameters: 1 4.49219e-05 0.000281012 -4.50781e-05 1 0.000277987 -0.000280987 -0.000278013 1 -0.00293422 -0.0338354 -0.00592857
FixedParameters: 0 0 0

#Transform 21
Transform: AffineTransform_float_3_3
Parameters: 0.999997 0.00215896 -0.000276332 -0.00215904 0.999997 -0.000153404 0.000275669 0.000153595 1 -0.120285 -0.106706 0.0833804
FixedParameters: 0 0 0

#Transform 22
Transform: AffineTransform_float_3_3
Parameters: 0.999993 0.00280733 -0.00242889 -0.00282067 0.99998 -0.00564419 0.00241311 0.00565081 0.999981 0.0204461 0.0620068 -0.113021
FixedParameters: 0 0 0

#Transform 23
Transform: AffineTransform_float_3_3
Parameters: 0.999356 -0.0103792 -0.0343708 0.0102078 0.999934 -0.00515317 0.0344222 0.00479882 0.999396 0.545812 -0.0672306 1.24063
FixedParameters: 0 0 0

#Transform 24
Transform: AffineTransform_float_3_3
Parameters: 0.99979 -0.00452535 -0.0199974 0.00459264 0.999984 0.00333786 0.0199826 -0.00342915 0.999795 0.315844 -0.219574 0.904867
FixedParameters: 0 0 0

#Transform 25
Transform: AffineTransform_float_3_3
Parameters: 0.999994 -0.000585203 -0.00329632 0.000587796 0.999999 0.000544065 0.00329668 -0.000545932 0.999994 -0.0259539 -0.100821 0.498138
FixedParameters: 0 0 0

#Transform 26
Transform: AffineTransform_float_3_3
Parameters: 0.999992 -0.000806778 -0.00406186 0.00080122 0.999998 -0.00142427 0.00406314 0.00142073 0.99999 0.208878 -0.104932 0.383075
FixedParameters: 0 0 0

#Transform 27
Transform: AffineTransform_float_3_3
Parameters: 0.999976 -0.00185852 -0.00666735 0.00184948 0.999998 -0.00143337 0.00667064 0.00142064 0.999976 0.194319 -0.079866 0.395138
FixedParameters: 0 0 0

#Transform 28
Transform: AffineTransform_float_3_3
Parameters: 0.999993 -0.000354746 -0.00378483 0.000353253 1 -0.00046234 0.00378416 0.000460661 0.999992 0.0721218 -0.126976 0.390255
FixedParameters: 0 0 0

#Transform 29
Transform: AffineTransform_float_3_3
Parameters: 0.999996 0.00253555 -0.000879295 -0.00253645 0.999996 -0.000509771 0.000877703 0.000512227 0.999999 0.0811721 -0.129116 0.289369
FixedParameters: 0 0 0

#Transform 30
Transform: AffineTransform_float_3_3
Parameters: 0.999982 5.54103e-05 -0.00587499 -5.45878e-05 1 7.03219e-05 0.005875 -6.96756e-05 0.999982 0.173279 -0.148817 0.305569
FixedParameters: 0 0 0

#Transform 31
Transform: AffineTransform_float_3_3
Parameters: 0.999982 -0.000360803 -0.00595408 0.000362196 1 0.000199847 0.00595393 -0.000202152 0.999983 0.177476 -0.153145 0.377865
FixedParameters: 0 0 0

#Transform 32
Transform: AffineTransform_float_3_3
Parameters: 0.999987 -0.000306401 -0.00520075 0.000302601 0.999999 -0.000846585 0.00520126 0.000845418 0.999986 0.167848 -0.0882678 0.328022
FixedParameters: 0 0 0

#Transform 33
Transform: AffineTransform_float_3_3
Parameters: 0.999984 0.000171643 -0.0056651 -0.000175357 1 -0.000592016 0.0056649 0.000592982 0.999984 0.135591 -0.140214 0.306262
FixedParameters: 0 0 0

#Transform 34
Transform: AffineTransform_float_3_3
Parameters: 0.999993 0.0015777 -0.00338223 -0.0015903 0.999991 -0.00393265 0.00337577 0.00393735 0.999986 0.0497667 -0.0115318 0.173665
FixedParameters: 0 0 0

#Transform 35
Transform: AffineTransform_float_3_3
Parameters: 0.99999 0.00279945 -0.00334664 -0.00283055 0.999951 -0.00946062 0.00332035 0.00947038 0.999949 0.0520928 0.138054 -0.18761
FixedParameters: 0 0 0

#Transform 36
Transform: AffineTransform_float_3_3
Parameters: 0.999746 0.00907367 -0.0206297 -0.00971136 0.999471 -0.0310566 0.0203373 0.0312485 0.999304 0.504327 0.625717 0.259064
FixedParameters: 0 0 0

#Transform 37
Transform: AffineTransform_float_3_3
Parameters: 0.999905 0.00515204 -0.0127857 -0.00529296 0.999926 -0.0110154 0.0127283 0.0110826 0.999857 0.324583 0.134366 -0.12888
FixedParameters: 0 0 0

#Transform 38
Transform: AffineTransform_float_3_3
Parameters: 0.999938 0.00373008 -0.0104931 -0.00381092 0.999963 -0.00770249 0.0104639 0.00774151 0.999916 0.200643 0.00725793 -0.0723926
FixedParameters: 0 0 0

#Transform 39
Transform: AffineTransform_float_3_3
Parameters: 0.999933 0.0031954 -0.0111161 -0.0033056 0.999946 -0.00985491 0.0110839 0.00989108 0.999889 0.214662 0.136859 -0.307846
FixedParameters: 0 0 0

#Transform 40
Transform: AffineTransform_float_3_3
Parameters: 0.999929 0.00367382 -0.0113274 -0.00381119 0.99992 -0.0121137 0.0112816 0.0121553 0.999863 0.229123 0.239572 -0.530057
FixedParameters: 0 0 0

#Transform 41
Transform: AffineTransform_float_3_3
Parameters: 0.999931 0.00337379 -0.0113039 -0.0035082 0.999924 -0.0118732 0.0112631 0.0119128 0.999865 0.226299 0.18925 -0.567119
FixedParameters: 0 0 0

#Transform 42
Transform: AffineTransform_float_3_3
Parameters: 0.999929 0.00366192 -0.0112884 -0.00381108 0.999906 -0.0132129 0.0112395 0.0132551 0.999849 0.22837 0.210385 -0.636234
FixedParameters: 0 0 0

#Transform 43
Transform: AffineTransform_float_3_3
Parameters: 0.999929 0.00368948 -0.0112884 -0.00381052 0.999935 -0.0107627 0.0112476 0.0108043 0.999879 0.228066 0.149767 -0.600524
FixedParameters: 0 0 0

#Transform 44
Transform: AffineTransform_float_3_3
Parameters: 0.999934 0.00354997 -0.010934 -0.00365604 0.999947 -0.00969367 0.010899 0.00973234 0.999893 0.219853 0.0982202 -0.551637
FixedParameters: 0 0 0

#Transform 45
Transform: AffineTransform_float_3_3
Parameters: 0.999943 0.00284698 -0.0103137 -0.00291401 0.999974 -0.00648831 0.0102953 0.00651868 0.999926 0.216116 -0.0566442 -0.424439
FixedParameters: 0 0 0

#Transform 46
Transform: AffineTransform_float_3_3
Parameters: 0.999955 0.00255587 -0.00913153 -0.00257213 0.999995 -0.00175559 0.00912647 0.00177841 0.999957 0.159977 -0.215537 0.262856
FixedParameters: 0 0 0

#Transform 47
Transform: AffineTransform_float_3_3
Parameters: 0.999957 0.00241914 -0.00897069 -0.00241885 0.999997 0.000138705 0.0089713 -0.000116302 0.99996 0.133747 -0.200911 0.0291546
FixedParameters: 0 0 0

#Transform 48
Transform: AffineTransform_float_3_3
Parameters: 0.999952 4.64968e-05 -0.00984305 5.54959e-05 0.999947 0.010311 0.00984296 -0.010311 0.999899 0.21798 -0.449262 0.797606
FixedParameters: 0 0 0

#Transform 49
Transform: AffineTransform_float_3_3
Parameters: 0.999978 0.00281865 -0.00590211 -0.00252336 0.998779 0.049348 0.00603385 -0.0493321 0.998764 0.103584 -1.43376 2.73261
FixedParameters: 0 0 0

#Transform 50
Transform: AffineTransform_float_3_3
Parameters: 0.999976 0.00254318 -0.00641549 -0.00222379 0.998782 0.0492774 0.0065335 -0.0492625 0.998764 0.132509 -1.54087 3.00734
FixedParameters: 0 0 0

#Transform 51
Transform: AffineTransform_float_3_3
Parameters: 0.999966 0.00202896 -0.00798681 -0.00165303 0.998903 0.0468008 0.0080732 -0.0467862 0.998873 0.193202 -1.48646 2.89679
FixedParameters: 0 0 0

#Transform 52
Transform: AffineTransform_float_3_3
Parameters: 0.999978 0.00232865 -0.00621241 -0.00207332 0.99917 0.0406878 0.00630256 -0.0406732 0.999152 0.0776237 -1.24322 2.4901
FixedParameters: 0 0 0

#Transform 53
Transform: AffineTransform_float_3_3
Parameters: 0.999975 0.00250045 -0.00658088 -0.00229255 0.999506 0.0313439 0.00665611 -0.0313281 0.999487 0.0570369 -1.02178 2.18607
FixedParameters: 0 0 0

#Transform 54
Transform: AffineTransform_float_3_3
Parameters: 0.999979 0.0032493 -0.00549621 -0.00301871 0.999138 0.0414034 0.00562578 -0.0413866 0.999128 -0.0173545 -1.69519 4.36103
FixedParameters: 0 0 0

#Transform 55
Transform: AffineTransform_float_3_3
Parameters: 0.99997 0.00328533 -0.00711414 -0.00302865 0.999357 0.0357456 0.00722785 -0.0357233 0.999335 0.0136035 -1.31389 3.41884
FixedParameters: 0 0 0

#Transform 56
Transform: AffineTransform_float_3_3
Parameters: 0.999974 0.00276147 -0.00669451 -0.00253155 0.999412 0.0341938 0.0067845 -0.0341762 0.999393 -0.0149167 -1.11124 3.04107
FixedParameters: 0 0 0

#Transform 57
Transform: AffineTransform_float_3_3
Parameters: 0.999989 0.00111901 -0.00468853 -0.00101098 0.999736 0.022976 0.00471347 -0.022971 0.999725 -0.0321386 -0.737784 1.37404
FixedParameters: 0 0 0

#Transform 58
Transform: AffineTransform_float_3_3
Parameters: 0.999978 0.000676862 -0.00657177 -0.000533133 0.99976 0.021868 0.00658524 -0.021864 0.99974 0.00597453 -0.684702 1.4572
FixedParameters: 0 0 0

#Transform 59
Transform: AffineTransform_float_3_3
Parameters: 0.999973 0.000981348 -0.00718958 -0.000843646 0.999817 0.0190816 0.00720741 -0.0190754 0.999792 0.0224753 -0.790877 1.15394
FixedParameters: 0 0 0

#Transform 60
Transform: AffineTransform_float_3_3
Parameters: 0.999982 0.00144344 -0.00571433 -0.00135855 0.99989 0.014754 0.00573566 -0.014746 0.999875 -0.11372 -0.713526 0.734117
FixedParameters: 0 0 0

#Transform 61
Transform: AffineTransform_float_3_3
Parameters: 0.99996 0.00249542 0.00861403 -0.00252258 0.999991 0.0031924 -0.00860596 -0.0032136 0.999958 -0.381949 -0.58448 0.396901
FixedParameters: 0 0 0

#Transform 62
Transform: AffineTransform_float_3_3
Parameters: 0.999999 0.000864237 0.000178098 -0.000862763 0.999977 -0.00683416 -0.0001839 0.00683384 0.999976 -0.139858 0.192975 -0.562564
FixedParameters: 0 0 0

#Transform 63
Transform: AffineTransform_float_3_3
Parameters: 0.999971 0.00525267 -0.00554475 -0.00526333 0.999984 -0.00203087 0.00553425 0.00205913 0.999982 0.00771947 0.135537 -0.23941
FixedParameters: 0 0 0

#Transform 64
Transform: AffineTransform_float_3_3
Parameters: 0.999949 0.00480288 -0.00895389 -0.00484911 0.999975 -0.00513585 0.00892811 0.00517915 0.999946 0.0622404 0.0588672 -0.437466
FixedParameters: 0 0 0

#Transform 65
Transform: AffineTransform_float_3_3
Parameters: 0.999946 0.00454742 -0.00935521 -0.00460458 0.999971 -0.00614226 0.00932679 0.00618575 0.999938 0.0959757 0.085579 -0.526831
FixedParameters: 0 0 0

#Transform 66
Transform: AffineTransform_float_3_3
Parameters: 0.999935 0.00474128 -0.010322 -0.00482071 0.999958 -0.00771174 0.010285 0.00776126 0.999917 0.133863 0.0677803 -0.638791
FixedParameters: 0 0 0

#Transform 67
Transform: AffineTransform_float_3_3
Parameters: 0.999942 0.00473276 -0.0096906 -0.00482124 0.999947 -0.0091038 0.0096464 0.00914918 0.999911 0.0924317 0.104824 -0.675669
FixedParameters: 0 0 0

#Transform 68
Transform: AffineTransform_float_3_3
Parameters: 0.999926 0.00473808 -0.0111516 -0.00482091 0.999961 -0.00741978 0.0111164 0.00747322 0.999911 0.150031 0.072021 -0.653696
FixedParameters: 0 0 0

#Transform 69
Transform: AffineTransform_float_3_3
Parameters: 0.999932 0.0049026 -0.010531 -0.00499439 0.99995 -0.00866999 0.010488 0.00872201 0.999907 0.128997 0.0617831 -0.686095
FixedParameters: 0 0 0

#Transform 70
Transform: AffineTransform_float_3_3
Parameters: 0.99993 0.00535478 -0.010485 -0.00546321 0.999932 -0.0103194 0.010429 0.0103766 0.999892 0.129003 0.14196 -0.723722
FixedParameters: 0 0 0

#Transform 71
Transform: AffineTransform_float_3_3
Parameters: 0.999931 0.00535381 -0.0104059 -0.00546318 0.99993 -0.0104929 0.0103481 0.0105491 0.999891 0.142148 0.10185 -0.70805
FixedParameters: 0 0 0

#Transform 72
Transform: AffineTransform_float_3_3
Parameters: 0.999926 0.00534854 -0.0108581 -0.00546345 0.999929 -0.0105384 0.0108009 0.0105975 0.999885 0.152415 0.0863851 -0.752459
FixedParameters: 0 0 0

#Transform 73
Transform: AffineTransform_float_3_3
Parameters: 0.999924 0.00561859 -0.0109804 -0.0057374 0.999926 -0.0107818 0.0109186 0.0108442 0.999881 0.14522 0.141638 -0.777652
FixedParameters: 0 0 0

#Transform 74
Transform: AffineTransform_float_3_3
Parameters: 0.999947 0.00398486 -0.00950072 -0.00406214 0.999959 -0.00811384 0.00946827 0.00815216 0.999922 0.132303 -0.0150074 -0.5726
FixedParameters: 0 0 0

#Transform 75
Transform: AffineTransform_float_3_3
Parameters: 0.999952 0.0050987 -0.00842946 -0.00513431 0.999978 -0.00417192 0.00840754 0.00421507 0.999956 0.0900647 -0.201266 -0.588583
FixedParameters: 0 0 0

#Transform 76
Transform: AffineTransform_float_3_3
Parameters: 0.999974 0.00509604 -0.00509797 -0.00510795 0.999984 -0.00213801 0.00508702 0.00216398 0.999984 0.0156502 -0.237618 -0.327654
FixedParameters: 0 0 0

#Transform 77
Transform: AffineTransform_float_3_3
Parameters: 0.999925 0.00611662 -0.0105398 -0.00623238 0.99992 -0.0109491 0.0104722 0.0110139 0.999885 0.094257 0.211609 -0.96294
FixedParameters: 0 0 0

#Transform 78
Transform: AffineTransform_float_3_3
Parameters: 0.999924 0.00597566 -0.0107142 -0.00613833 0.999866 -0.0151834 0.0106218 0.0152476 0.999828 0.0832588 0.308269 -0.905975
FixedParameters: 0 0 0

#Transform 79
Transform: AffineTransform_float_3_3
Parameters: 0.999932 0.0055934 -0.0102259 -0.0057666 0.999839 -0.0170262 0.0101291 0.0170848 0.999802 0.0645769 0.346233 -0.999379
FixedParameters: 0 0 0

#Transform 80
Transform: AffineTransform_float_3_3
Parameters: 0.999925 0.00558832 -0.0108519 -0.00576667 0.999847 -0.0165037 0.0107581 0.0165654 0.999805 0.0890027 0.359048 -1.22607
FixedParameters: 0 0 0

#Transform 81
Transform: AffineTransform_float_3_3
Parameters: 0.999913 0.00542453 -0.0120808 -0.00561747 0.999855 -0.0160385 0.0119923 0.0161055 0.999799 0.135687 0.255424 -1.19936
FixedParameters: 0 0 0

#Transform 82
Transform: AffineTransform_float_3_3
Parameters: 0.999945 0.00522469 -0.00908988 -0.00536729 0.99986 -0.0158131 0.00900512 0.0158609 0.999833 0.0502033 0.231225 -0.606108
FixedParameters: 0 0 0

#Transform 83
Transform: AffineTransform_float_3_3
Parameters: 0.999947 0.00499879 -0.00897366 -0.00515223 0.999838 -0.0172457 0.00888636 0.0172903 0.999811 0.0653324 0.125124 -0.97135
FixedParameters: 0 0 0

#Transform 84
Transform: AffineTransform_float_3_3
Parameters: 0.99996 0.00456919 -0.00766835 -0.00468181 0.99988 -0.0147587 0.00759965 0.0147943 0.999861 0.0853917 0.153169 -1.39088
FixedParameters: 0 0 0

#Transform 85
Transform: AffineTransform_float_3_3
Parameters: 0.99996 0.00330599 -0.00831852 -0.00344 0.999863 -0.016147 0.00826348 0.016175 0.999835 0.133472 0.37674 -1.38793
FixedParameters: 0 0 0

#Transform 86
Transform: AffineTransform_float_3_3
Parameters: 0.999971 0.00263325 -0.00712941 -0.00272174 0.999918 -0.0124669 0.00709559 0.012486 0.999897 0.0849146 0.279683 -0.912129
FixedParameters: 0 0 0

#Transform 87
Transform: AffineTransform_float_3_3
Parameters: 0.999946 0.00158611 -0.0102923 -0.00165788 0.999975 -0.00697931 0.0102807 0.00699669 0.999922 0.1788 -0.198359 -0.920114
FixedParameters: 0 0 0

#Transform 88
Transform: AffineTransform_float_3_3
Parameters: 0.999912 0.0023074 -0.0130717 -0.0024906 0.999898 -0.0140467 0.0130383 0.0140783 0.999816 0.2378 0.471835 -1.39825
FixedParameters: 0 0 0

#Transform 89
Transform: AffineTransform_float_3_3
Parameters: 0.999883 0.00153461 -0.0152262 -0.00169739 0.999942 -0.0106584 0.0152088 0.0106826 0.999828 0.251034 0.285112 -0.984677
FixedParameters: 0 0 0

#Transform 90
Transform: AffineTransform_float_3_3
Parameters: 0.999896 0.00032626 -0.0144697 -0.000430749 0.999973 -0.00723652 0.0144673 0.00724148 0.999869 0.0716915 0.0219357 -0.285836
FixedParameters: 0 0 0

#Transform 91
Transform: AffineTransform_float_3_3
Parameters: 0.999925 -0.000323341 -0.0122787 0.00031166 0.999999 -0.0010069 0.0122793 0.0010031 0.999924 0.12664 -0.17383 -0.474817
FixedParameters: 0 0 0

#Transform 92
Transform: AffineTransform_float_3_3
Parameters: 0.999953 0.00140141 -0.0095865 -0.00127657 0.999913 0.0130768 0.0096045 -0.0130631 0.999868 0.0289616 -0.420364 0.319165
FixedParameters: 0 0 0

#Transform 93
Transform: AffineTransform_float_3_3
Parameters: 0.999955 -0.000105117 -0.00946831 0.000234873 0.999908 0.0136114 0.00946569 -0.0136136 0.999863 0.105032 -0.633839 0.56976
FixedParameters: 0 0 0

#Transform 94
Transform: AffineTransform_float_3_3
Parameters: 0.999942 -0.00229853 -0.0105407 0.00252445 0.999767 0.0214266 0.0104883 -0.0214524 0.999715 0.306453 -0.322437 1.2975
FixedParameters: 0 0 0

#Transform 95
Transform: AffineTransform_float_3_3
Parameters: 0.999884 -0.00274426 -0.0149482 0.00290875 0.999935 0.0110108 0.0149168 -0.0110522 0.999827 0.248221 -0.374436 0.42971
FixedParameters: 0 0 0

#Transform 96
Transform: AffineTransform_float_3_3
Parameters: 0.999971 -0.00319169 -0.00690176 0.00321732 0.999988 0.0036599 0.00689023 -0.0036821 0.999969 0.378402 -0.232973 -0.0787887
FixedParameters: 0 0 0

#Transform 97
Transform: AffineTransform_float_3_3
Parameters: 0.999932 -0.00463388 -0.0106483 0.00475912 0.999919 0.0117551 0.0105937 -0.0118049 0.999874 0.409174 -0.422841 -0.564212
FixedParameters: 0 0 0

#Transform 98
Transform: AffineTransform_float_3_3
Parameters: 0.999931 -0.00110446 -0.0116466 0.00120053 0.999965 0.00828458 0.0116374 -0.00829842 0.999898 0.116277 -0.203977 -0.0222094
FixedParameters: 0 0 0

#Transform 99
Transform: AffineTransform_float_3_3
Parameters: 0.999912 -0.000159769 -0.0132166 0.000261229 0.99997 0.00765822 0.0132144 -0.00766078 0.999884 0.106649 -0.384845 -0.142546
FixedParameters: 0 0 0

#Transform 100
Transform: AffineTransform_float_3_3
Parameters: 0.9999 9.94065e-05 -0.0141487 -1.85996e-05 0.999984 0.00568283 0.0141483 -0.00568216 0.999884 0.10451 -0.352461 -0.354071
FixedParameters: 0 0 0

#Transform 101
Transform: AffineTransform_float_3_3
Parameters: 0.999887 0.000504979 -0.0149746 -0.000460016 0.999996 0.00300723 0.0149765 -0.00299978 0.999884 0.159954 -0.212768 -0.351813
FixedParameters: 0 0 0

#Transform 102
Transform: AffineTransform_float_3_3
Parameters: 0.999927 0.000467158 -0.0120776 -0.000429851 0.999995 0.00307842 0.0120784 -0.00307358 0.999923 0.146883 -0.238873 -0.514176
FixedParameters: 0 0 0

#Transform 103
Transform: AffineTransform_float_3_3
Parameters: 0.999864 0.00199157 -0.0163775 -0.00204443 0.999993 -0.00318495 0.0163715 0.00321804 0.999861 0.19292 -0.101009 -0.656425
FixedParameters: 0 0 0

#Transform 104
Transform: AffineTransform_float_3_3
Parameters: 0.99983 0.00203113 -0.0183614 -0.00211387 0.999987 -0.00449495 0.0183517 0.00453305 0.999822 0.23802 0.0191849 -0.612456
FixedParameters: 0 0 0

#Transform 105
Transform: AffineTransform_float_3_3
Parameters: 0.999837 0.00241194 -0.0178825 -0.00247307 0.999991 -0.00344934 0.0178745 0.00349268 0.999834 0.252996 0.0557585 -0.641001
FixedParameters: 0 0 0

#Transform 106
Transform: AffineTransform_float_3_3
Parameters: 0.999826 0.00199434 -0.0185195 -0.00204467 0.999994 -0.00271761 0.0185135 0.0027544 0.999825 0.260265 -0.0897357 -0.613838
FixedParameters: 0 0 0

#Transform 107
Transform: AffineTransform_float_3_3
Parameters: 0.999861 0.00314057 -0.0164097 -0.00320144 0.999988 -0.00365798 0.0163983 0.00371002 0.999858 0.235019 -0.0453258 -0.73649
FixedParameters: 0 0 0

#Transform 108
Transform: AffineTransform_float_3_3
Parameters: 0.999982 0.00442305 -0.00410875 -0.00444494 0.999976 -0.00534683 0.00408525 0.00536517 0.999978 -0.0528282 -0.00354723 -0.886938
FixedParameters: 0 0 0

#Transform 109
Transform: AffineTransform_float_3_3
Parameters: 0.999977 0.00465369 -0.00480744 -0.00468829 0.999963 -0.00714862 0.00477355 0.00717137 0.999963 -0.067221 -0.0213765 -0.874113
FixedParameters: 0 0 0

#Transform 110
Transform: AffineTransform_float_3_3
Parameters: 0.999977 0.00432114 -0.00526879 -0.00435586 0.999969 -0.00662321 0.00524022 0.0066458 0.999964 -0.0381579 0.00742793 -0.876523
FixedParameters: 0 0 0

#Transform 111
Transform: AffineTransform_float_3_3
Parameters: 0.999969 0.00424326 -0.00653057 -0.00429574 0.999958 -0.00808319 0.00649643 0.00811081 0.999946 0.00526714 -0.0288602 -0.811477
FixedParameters: 0 0 0

#Transform 112
Transform: AffineTransform_float_3_3
Parameters: 0.999971 0.00394081 -0.00652803 -0.0039952 0.999958 -0.00831017 0.00649497 0.00833584 0.999944 -0.0108244 0.0684715 -0.894515
FixedParameters: 0 0 0

#Transform 113
Transform: AffineTransform_float_3_3
Parameters: 0.999969 0.00408208 -0.00673744 -0.00413993 0.999955 -0.00860538 0.00670257 0.00863263 0.999941 -8.52186e-05 0.043535 -0.873434
FixedParameters: 0 0 0

#Transform 114
Transform: AffineTransform_float_3_3
Parameters: 0.999969 0.00408378 -0.00664649 -0.00414121 0.999955 -0.00861774 0.0066105 0.00864526 0.999941 -0.00707293 0.060269 -0.873487
FixedParameters: 0 0 0

#Transform 115
Transform: AffineTransform_float_3_3
Parameters: 0.999962 0.00431603 -0.00750206 -0.00437296 0.999961 -0.00759348 0.00746893 0.00762652 0.999943 0.00955754 0.0171184 -0.924527
FixedParameters: 0 0 0

#Transform 116
Transform: AffineTransform_float_3_3
Parameters: 0.999965 0.00431164 -0.0070674 -0.00438135 0.99994 -0.00996938 0.0070236 0.0100006 0.999926 0.00470695 0.105722 -0.941398
FixedParameters: 0 0 0

#Transform 117
Transform: AffineTransform_float_3_3
Parameters: 0.999965 0.00418284 -0.00716263 -0.00425416 0.99994 -0.0100889 0.00712038 0.0101191 0.999924 0.00447673 0.164439 -0.994623
FixedParameters: 0 0 0

#Transform 118
Transform: AffineTransform_float_3_3
Parameters: 0.999967 0.00433609 -0.00686886 -0.00441091 0.99993 -0.0109281 0.00682114 0.0109579 0.999916 -0.00573377 0.111092 -0.976311
FixedParameters: 0 0 0

#Transform 119
Transform: AffineTransform_float_3_3
Parameters: 0.999967 0.00450081 -0.0067488 -0.00457919 0.999922 -0.0116155 0.00669619 0.0116465 0.99991 -0.00661796 0.149205 -1.03044
FixedParameters: 0 0 0

#Transform 120
Transform: AffineTransform_float_3_3
Parameters: 0.999953 0.00485315 -0.00830603 -0.00487184 0.999985 -0.00224964 0.00829496 0.00229036 0.999963 0.0173275 -0.239675 -0.429453
FixedParameters: 0 0 0

#Transform 121
Transform: AffineTransform_float_3_3
Parameters: 0.999981 0.00501873 -0.00340613 -0.00503327 0.999979 -0.00419494 0.00338487 0.00421207 0.999986 -0.089546 -0.0256435 0.209841
FixedParameters: 0 0 0

#Transform 122
Transform: AffineTransform_float_3_3
Parameters: 0.999971 0.00484792 -0.00598956 -0.00488208 0.999971 -0.00585593 0.00596044 0.00588507 0.999965 -0.0381767 0.106118 -0.553022
FixedParameters: 0 0 0

#Transform 123
Transform: AffineTransform_float_3_3
Parameters: 0.999986 0.00280382 -0.00453521 -0.00280919 0.999996 -0.00113728 0.00453179 0.00114972 0.999989 -0.0397872 -0.249244 -0.268495
FixedParameters: 0 0 0

#Transform 124
Transform: AffineTransform_float_3_3
Parameters: 0.999994 0.00351327 -0.000355601 -0.00351172 0.999987 0.00353027 0.000367396 -0.00352873 0.999993 -0.0733662 -0.540025 -0.252875
FixedParameters: 0 0 0

#Transform 125
Transform: AffineTransform_float_3_3
Parameters: 0.99999 0.00427961 0.000561117 -0.00427639 0.999971 -0.00628546 -0.000587883 0.00628254 0.99998 -0.0794728 -0.286611 -1.11267
FixedParameters: 0 0 0

#Transform 126
Transform: AffineTransform_float_3_3
Parameters: 0.999988 0.00458665 -0.00136578 -0.00459634 0.999965 -0.0069188 0.00133422 0.0069252 0.999975 0.079307 -0.344708 -1.33484
FixedParameters: 0 0 0

#Transform 127
Transform: AffineTransform_float_3_3
Parameters: 0.999948 0.00724703 -0.00707821 -0.00735397 0.999858 -0.0152057 0.00696679 0.0152573 0.99986 0.0677731 0.244046 -1.1906
FixedParameters: 0 0 0

#Transform 128
Transform: AffineTransform_float_3_3
Parameters: 0.999913 0.00749032 -0.0108362 -0.00767769 0.99982 -0.0173843 0.0107038 0.0174657 0.99979 0.0756328 0.339684 -0.99466
FixedParameters: 0 0 0

#Transform 129
Transform: AffineTransform_float_3_3
Parameters: 0.999896 0.00635096 -0.0129638 -0.00653105 0.999882 -0.0138938 0.0128742 0.0139762 0.99982 0.0874225 0.185824 -1.292
FixedParameters: 0 0 0

#Transform 130
Transform: AffineTransform_float_3_3
Parameters: 0.999942 0.00743226 -0.00777092 -0.00725876 0.999729 0.0220907 0.00793208 -0.0220333 0.999726 -0.136651 -0.0411045 0.936447
FixedParameters: 0 0 0

#Transform 131
Transform: AffineTransform_float_3_3
Parameters: 0.999978 0.0056135 -0.00356659 -0.00547052 0.999223 0.0390454 0.00378243 -0.0390247 0.999231 -0.294238 -1.08459 1.70377
FixedParameters: 0 0 0

#Transform 132
Transform: AffineTransform_float_3_3
Parameters: 0.999913 0.00703715 -0.0111411 -0.00679883 0.99975 0.0212716 0.0112889 -0.0211934 0.999711 -0.0576968 -0.639024 0.956932
FixedParameters: 0 0 0

#Transform 133
Transform: AffineTransform_float_3_3
Parameters: 0.99988 0.00713147 -0.0137995 -0.00702253 0.999944 0.00789286 0.0138555 -0.00779513 0.999873 -0.037447 -0.210488 0.179181
FixedParameters: 0 0 0

#Transform 134
Transform: AffineTransform_float_3_3
Parameters: 0.999919 0.00410829 -0.0121075 -0.00399971 0.999951 0.00903717 0.0121445 -0.00898784 0.999886 -0.016191 -0.324667 -0.0233714
FixedParameters: 0 0 0

#Transform 135
Transform: AffineTransform_float_3_3
Parameters: 0.999939 0.00327512 -0.010549 -0.00311289 0.999878 0.0153478 0.010598 -0.0153142 0.999826 -0.108766 -0.713379 0.347445
FixedParameters: 0 0 0

#Transform 136
Transform: AffineTransform_float_3_3
Parameters: 0.999967 0.00321933 -0.00754096 -0.00302967 0.999683 0.0249847 0.00761904 -0.0249613 0.99966 -0.0978672 -1.0846 0.751254
FixedParameters: 0 0 0

#Transform 137
Transform: AffineTransform_float_3_3
Parameters: 0.999957 0.00373468 -0.00840498 -0.00363432 0.999922 0.0119621 0.00844902 -0.0119309 0.999893 -0.0904668 -0.43552 0.518037
FixedParameters: 0 0 0

#Transform 138
Transform: AffineTransform_float_3_3
Parameters: 0.999926 0.00553367 -0.0108413 -0.00548833 0.999977 0.00414581 0.0108637 -0.00408619 0.999932 -0.0433402 -0.16162 -0.0700952
FixedParameters: 0 0 0

#Transform 139
Transform: AffineTransform_float_3_3
Parameters: 0.999915 0.00605408 -0.0115481 -0.00601593 0.999977 0.00332876 0.0115679 -0.00325924 0.999928 -0.0430029 -0.276582 -0.143422
FixedParameters: 0 0 0

#Transform 140
Transform: AffineTransform_float_3_3
Parameters: 0.999912 0.00646653 -0.0115343 -0.00643346 0.999975 0.00294246 0.0115527 -0.00286754 0.999929 -0.0719609 -0.184548 -0.213218
FixedParameters: 0 0 0

#Transform 141
Transform: AffineTransform_float_3_3
Parameters: 0.999909 0.00563297 -0.0121983 -0.00561402 0.999983 0.00158963 0.0122077 -0.00152037 0.999925 -0.0501713 -0.251022 -0.428943
FixedParameters: 0 0 0

#Transform 142
Transform: AffineTransform_float_3_3
Parameters: 0.999889 0.00614468 -0.0135835 -0.00614732 0.999981 -0.00020252 0.0135825 0.000286492 0.999907 0.01573 -0.15509 -0.514015
FixedParameters: 0 0 0

#Transform 143
Transform: AffineTransform_float_3_3
Parameters: 0.999888 0.00672917 -0.0133715 -0.00674784 0.999977 -0.00136392 0.0133615 0.00145407 0.999909 0.00542071 -0.104354 -0.509228
FixedParameters: 0 0 0

#Transform 144
Transform: AffineTransform_float_3_3
Parameters: 0.999883 0.0089356 -0.0124687 -0.00906941 0.999902 -0.0106842 0.0123723 0.0107958 0.999865 -0.0637166 0.193515 -0.682003
FixedParameters: 0 0 0

#Transform 145
Transform: AffineTransform_float_3_3
Parameters: 0.99988 0.00904511 -0.0126185 -0.00919991 0.999883 -0.0122724 0.0125055 0.0123866 0.999845 -0.0435702 0.14153 -0.783787
FixedParameters: 0 0 0

#Transform 146
Transform: AffineTransform_float_3_3
Parameters: 0.999886 0.00835047 -0.0125334 -0.00850751 0.999885 -0.0125678 0.0124266 0.0126732 0.999843 -0.0326736 0.23795 -0.79262
FixedParameters: 0 0 0

#Transform 147
Transform: AffineTransform_float_3_3
Parameters: 0.99988 0.00837378 -0.0130386 -0.00853622 0.999886 -0.0124362 0.0129324 0.0125458 0.999837 -0.0100388 0.260488 -0.800034
FixedParameters: 0 0 0

#Transform 148
Transform: AffineTransform_float_3_3
Parameters: 0.999865 0.00769631 -0.0144684 -0.00783969 0.999921 -0.00990091 0.0143906 0.0100131 0.999847 0.0148712 0.165801 -0.823121
FixedParameters: 0 0 0

#Transform 149
Transform: AffineTransform_float_3_3
Parameters: 0.999864 0.00858047 -0.0140919 -0.00874353 0.999894 -0.0115844 0.0139911 0.0117056 0.999833 -0.0151155 0.174021 -0.727805
FixedParameters: 0 0 0

#Transform 150
Transform: AffineTransform_float_3_3
Parameters: 0.999867 0.00907085 -0.0136005 -0.00924616 0.999875 -0.012872 0.0134815 0.012996 0.999824 -0.0235855 0.235739 -0.697326
FixedParameters: 0 0 0

#Transform 151
Transform: AffineTransform_float_3_3
Parameters: 0.999715 0.000537094 -0.0238979 -0.000844919 0.999916 -0.0128765 0.0238891 0.0128925 0.999632 0.330108 0.277115 -0.0628882
FixedParameters: 0 0 0

#Transform 152
Transform: AffineTransform_float_3_3
Parameters: 0.999744 0.00845354 -0.0209777 -0.00856646 0.99995 -0.00527665 0.0209323 0.00545535 0.999766 -0.042966 0.00618565 -0.026919
FixedParameters: 0 0 0

#Transform 153
Transform: AffineTransform_float_3_3
Parameters: 0.999808 0.00992924 -0.0168516 -0.0100328 0.999931 -0.0060841 0.0167904 0.00625192 0.99984 -0.213644 0.0725255 -0.434545
FixedParameters: 0 0 0

#Transform 154
Transform: AffineTransform_float_3_3
Parameters: 0.999699 -0.00293226 -0.0243338 0.00301273 0.99999 0.00328167 0.0243241 -0.00335433 0.999698 0.491292 -0.312569 -0.365482
FixedParameters: 0 0 0

#Transform 155
Transform: AffineTransform_float_3_3
Parameters: 0.999848 -0.0014605 -0.0173873 0.00168551 0.999916 0.0129047 0.0173667 -0.0129313 0.999765 0.315053 -0.52431 0.377062
FixedParameters: 0 0 0

#Transform 156
Transform: AffineTransform_float_3_3
Parameters: 0.999802 0.00413829 -0.0194518 -0.00418471 0.999988 -0.00231006 0.0194422 0.00239093 0.999808 0.173844 -0.0938213 -0.410688
FixedParameters: 0 0 0

#Transform 157
Transform: AffineTransform_float_3_3
Parameters: 0.999846 0.00530062 -0.0167328 -0.00550138 0.999914 -0.0119518 0.0166682 0.0120422 0.999788 0.123765 0.202643 -0.778925
FixedParameters: 0 0 0

#Transform 158
Transform: AffineTransform_float_3_3
Parameters: 0.999815 0.00421787 -0.0188002 -0.00438913 0.999949 -0.00907017 0.0187618 0.00915184 0.999782 0.179615 0.100845 -0.708566
FixedParameters: 0 0 0

#Transform 159
Transform: AffineTransform_float_3_3
Parameters: 0.999817 0.00446334 -0.0185993 -0.00461568 0.999956 -0.00817364 0.0185627 0.00825736 0.999793 0.173277 0.0921604 -0.702146
FixedParameters: 0 0 0

#Transform 160
Transform: AffineTransform_float_3_3
Parameters: 0.999837 0.00508662 -0.0173595 -0.00524638 0.999945 -0.00914743 0.0173125 0.00923758 0.999808 0.127764 0.107961 -0.634572
FixedParameters: 0 0 0

#Transform 161
Transform: AffineTransform_float_3_3
Parameters: 0.999812 0.00500464 -0.0187321 -0.00516636 0.99995 -0.00862885 0.0186879 0.00872417 0.999788 0.155012 0.123625 -0.724099
FixedParameters: 0 0 0

#Transform 162
Transform: AffineTransform_float_3_3
Parameters: 0.999826 0.00552244 -0.017829 -0.00566856 0.99995 -0.00818035 0.0177829 0.00827964 0.999807 0.129423 0.137708 -0.661745
FixedParameters: 0 0 0

#Transform 163
Transform: AffineTransform_float_3_3
Parameters: 0.999825 0.00518698 -0.0179391 -0.00534401 0.999947 -0.00871565 0.0178928 0.00881034 0.999801 0.132208 0.0844986 -0.660448
FixedParameters: 0 0 0

#Transform 164
Transform: AffineTransform_float_3_3
Parameters: 0.999825 0.00496854 -0.0180062 -0.00509845 0.999962 -0.00715045 0.0179698 0.00724155 0.999813 0.141248 0.0347856 -0.613971
FixedParameters: 0 0 0

#Transform 165
Transform: AffineTransform_float_3_3
Parameters: 0.999821 0.0047492 -0.0183216 -0.00489181 0.999958 -0.00775776 0.0182844 0.00784524 0.999802 0.0957056 0.0572735 -0.819332
FixedParameters: 0 0 0

#Transform 166
Transform: AffineTransform_float_3_3
Parameters: 0.999836 0.00460757 -0.0175078 -0.00444044 0.999944 0.00959731 0.0175512 -0.00951869 0.9998 0.0795057 -0.709521 0.355911
FixedParameters: 0 0 0

#Transform 167
Transform: AffineTransform_float_3_3
Parameters: 0.999873 0.00315315 -0.0155814 -0.00303484 0.999966 0.00766526 0.0156056 -0.00761676 0.999849 0.0606613 -0.558237 0.411836
FixedParameters: 0 0 0

#Transform 168
Transform: AffineTransform_float_3_3
Parameters: 0.999839 0.00141182 -0.0178546 -0.00134219 0.999991 0.00392159 0.0178594 -0.00389741 0.999833 0.177174 -0.290475 -0.750195
FixedParameters: 0 0 0

#Transform 169
Transform: AffineTransform_float_3_3
Parameters: 0.9999 0.00150848 -0.0141012 -0.00140351 0.999972 0.00741654 0.0141128 -0.00739546 0.999873 0.0975592 -0.507267 -0.640634
FixedParameters: 0 0 0

#Transform 170
Transform: AffineTransform_float_3_3
Parameters: 0.999908 0.00283083 -0.0132801 -0.00264716 0.9999 0.0138404 0.0133179 -0.0138036 0.999816 0.0426431 -1.10866 -0.225547
FixedParameters: 0 0 0

#Transform 171
Transform: AffineTransform_float_3_3
Parameters: 0.999792 0.00399303 -0.0200093 -0.00394396 0.999989 0.00248943 0.0200197 -0.00240956 0.999796 0.194903 -0.333092 -0.857763
FixedParameters: 0 0 0

#Transform 172
Transform: AffineTransform_float_3_3
Parameters: 0.999681 0.00558465 -0.0246387 -0.00561434 0.999983 -0.00112203 0.0246313 0.00125996 0.999696 0.235225 -0.042839 -0.867755
FixedParameters: 0 0 0

#Transform 173
Transform: AffineTransform_float_3_3
Parameters: 0.999643 0.00534335 -0.026175 -0.00550665 0.999965 -0.00618407 0.0261411 0.00632594 0.999638 0.291626 0.0106075 -1.25166
FixedParameters: 0 0 0

#Transform 174
Transform: AffineTransform_float_3_3
Parameters: 0.999695 0.00321234 -0.0244841 -0.00331766 0.999986 -0.00427608 0.0244699 0.00435594 0.999691 0.21695 -0.311318 -1.37777
FixedParameters: 0 0 0

#Transform 175
Transform: AffineTransform_float_3_3
Parameters: 0.999696 0.00543665 -0.0240704 -0.00563835 0.999949 -0.00830481 0.0240246 0.00843818 0.999676 0.174776 0.0206502 -1.28137
FixedParameters: 0 0 0

#Transform 176
Transform: AffineTransform_float_3_3
Parameters: 0.999782 0.00565165 -0.0200946 -0.00590735 0.999903 -0.0126711 0.0200204 0.0127869 0.999718 0.0908014 0.0661119 -1.53316
FixedParameters: 0 0 0

#Transform 177
Transform: AffineTransform_float_3_3
Parameters: 0.999637 0.00487867 -0.0265171 -0.00510233 0.999952 -0.00836074 0.026475 0.00849325 0.999614 0.279527 0.0428241 -1.27525
FixedParameters: 0 0 0

#Transform 178
Transform: AffineTransform_float_3_3
Parameters: 0.999668 0.00434779 -0.0254212 -0.00456022 0.999955 -0.00829584 0.0253848 0.00840917 0.999643 0.300931 0.0999763 -1.23079
FixedParameters: 0 0 0

#Transform 179
Transform: AffineTransform_float_3_3
Parameters: 0.999659 0.0041222 -0.0257572 -0.00435979 0.999949 -0.00918283 0.0257178 0.00929218 0.999626 0.318679 0.0745324 -1.27556
FixedParameters: 0 0 0

#Transform 180
Transform: AffineTransform_float_3_3
Parameters: 0.999662 0.00483561 -0.0255473 -0.00505339 0.999951 -0.00849077 0.0255047 0.00861724 0.999637 0.280656 0.0673548 -1.28795
FixedParameters: 0 0 0

#Transform 181
Transform: AffineTransform_float_3_3
Parameters: 0.999681 0.00430082 -0.0249095 -0.00450717 0.999956 -0.00822636 0.0248735 0.00833664 0.999656 0.283579 0.0817845 -1.30451
FixedParameters: 0 0 0

#Transform 182
Transform: AffineTransform_float_3_3
Parameters: 0.999652 0.00416414 -0.0260446 -0.00432688 0.999972 -0.00620047 0.0260184 0.00631054 0.999641 0.31387 -0.00748152 -1.19521
FixedParameters: 0 0 0

#Transform 183
Transform: AffineTransform_float_3_3
Parameters: 0.999656 0.00390645 -0.0259569 -0.00408156 0.99997 -0.00667536 0.0259301 0.00677863 0.999641 0.329023 -0.026835 -1.2254
FixedParameters: 0 0 0

#Transform 184
Transform: AffineTransform_float_3_3
Parameters: 0.999638 0.00379207 -0.02664 -0.00396395 0.999971 -0.00640471 0.0266149 0.00650728 0.999624 0.342095 -0.0257625 -1.23346
FixedParameters: 0 0 0

#Transform 185
Transform: AffineTransform_float_3_3
Parameters: 0.999716 0.000636959 -0.0238291 -0.000804036 0.999975 -0.00704284 0.0238239 0.00706018 0.999691 0.34079 0.0323773 -1.29322
FixedParameters: 0 0 0

#Transform 186
Transform: AffineTransform_float_3_3
Parameters: 0.999781 -0.00089107 -0.0208783 0.000800913 0.999991 -0.00432267 0.0208826 0.00430433 0.999772 0.312345 0.0494073 -0.81703
FixedParameters: 0 0 0

#Transform 187
Transform: AffineTransform_float_3_3
Parameters: 0.999828 0.00641174 -0.0173599 -0.00613125 0.999851 0.0161772 0.0174611 -0.0160678 0.999718 0.278971 -1.7484 2.11817
FixedParameters: 0 0 0

#Transform 188
Transform: AffineTransform_float_3_3
Parameters: 0.999771 0.00563566 -0.020646 -0.00559934 0.999982 0.00183302 0.020656 -0.00171698 0.999785 0.199545 -0.4722 1.22072
FixedParameters: 0 0 0

#Transform 189
Transform: AffineTransform_float_3_3
Parameters: 0.999668 0.00672446 -0.0248662 -0.00684553 0.999965 -0.00480537 0.0248328 0.00497464 0.999679 0.216337 0.0220965 -0.527306
FixedParameters: 0 0 0

#Transform 190
Transform: AffineTransform_float_3_3
