# transform file /out/sourcedata/freesurfer/sub-v2s2x29088_ses-1/mri/transforms/cc_up.lta
# created by oesteban on Fri Mar 13 00:32:28 2026

type      = 0 # LINEAR_VOX_TO_VOX
nxforms   = 1
mean      = 131.0000 134.0000 117.0000
sigma     = 10000.0000
1 4 4
9.996780157089233e-01 7.706835865974426e-03 -2.417207881808281e-02 -1.169762372970581e+00 
-7.704583462327719e-03 9.999702572822571e-01 1.862957869889215e-04 1.599217033386230e+01 
2.417279779911041e-02 0.000000000000000e+00 9.997076988220215e-01 1.486550521850586e+01 
0.000000000000000e+00 0.000000000000000e+00 0.000000000000000e+00 1.000000000000000e+00 
src volume info
valid = 1  # volume info valid
filename = /out/sourcedata/freesurfer/sub-v2s2x29088_ses-1/mri/norm.mgz
volume = 256 256 256
voxelsize = 8.984374403953552e-01 8.984374403953552e-01 8.984374403953552e-01
xras   = -1.000000119209290e+00 0.000000000000000e+00 0.000000000000000e+00
yras   = 0.000000000000000e+00 0.000000000000000e+00 -1.000000119209290e+00
zras   = 0.000000000000000e+00 1.000000000000000e+00 0.000000000000000e+00
cras   = 4.816154479980469e+00 -1.282360076904297e+01 1.685823059082031e+01
dst volume info
valid = 1  # volume info valid
filename = /out/sourcedata/freesurfer/sub-v2s2x29088_ses-1/mri/norm.mgz
volume = 256 256 256
voxelsize = 8.984374403953552e-01 8.984374403953552e-01 8.984374403953552e-01
xras   = -1.000000119209290e+00 0.000000000000000e+00 0.000000000000000e+00
yras   = 0.000000000000000e+00 0.000000000000000e+00 -1.000000119209290e+00
zras   = 0.000000000000000e+00 1.000000000000000e+00 0.000000000000000e+00
cras   = 4.816154479980469e+00 -1.282360076904297e+01 1.685823059082031e+01
