#Insight Transform File V1.0
#Transform 0
Transform: AffineTransform_float_3_3
Parameters: 0.999999 -1.43964e-05 0.00154793 -3.97016e-07 0.999957 0.0093 -0.00154806 -0.00929998 0.999955 0.00901926 -0.183856 0.34345
FixedParameters: 0 0 0

#Transform 1
Transform: AffineTransform_float_3_3
Parameters: 1 -0.000251713 0.00025331 0.000250289 0.999978 0.00673907 -0.000254693 -0.00673894 0.999978 0.021049 -0.156075 0.302036
FixedParameters: 0 0 0

#Transform 2
Transform: AffineTransform_float_3_3
Parameters: 1 0.000498657 0.000257617 -0.000500345 0.999986 0.00524087 -0.000255382 -0.00524013 0.999986 -0.0228372 -0.101517 0.234436
FixedParameters: 0 0 0

#Transform 3
Transform: AffineTransform_float_3_3
Parameters: 1 -1.41142e-06 0.000254996 -4.1144e-07 0.999984 0.005535 -0.000255002 -0.005535 0.999984 -0.0148358 -0.111524 0.230183
FixedParameters: 0 0 0

#Transform 4
Transform: AffineTransform_float_3_3
Parameters: 1 -1.28495e-06 0.000254997 -2.84958e-07 0.999988 0.005039 -0.000255002 -0.005039 0.999988 -0.0151376 -0.128784 0.226887
FixedParameters: 0 0 0

#Transform 5
Transform: AffineTransform_float_3_3
Parameters: 1 0.000302553 0.000383147 -0.000303446 0.999993 0.00378088 -0.000381855 -0.00378111 0.999993 -0.0200109 -0.0945853 0.140814
FixedParameters: 0 0 0

#Transform 6
Transform: AffineTransform_float_3_3
Parameters: 1 -1.12659e-06 0.000254998 -1.266e-07 0.99999 0.004418 -0.000255002 -0.004418 0.99999 -0.00309521 -0.0888771 0.20881
FixedParameters: 0 0 0

#Transform 7
Transform: AffineTransform_float_3_3
Parameters: 1 -6.2195e-07 0.000174999 3.78044e-07 0.999993 0.003554 -0.000175002 -0.003554 0.999993 0.00264269 -0.0802233 0.160943
FixedParameters: 0 0 0

#Transform 8
Transform: AffineTransform_float_3_3
Parameters: 1 -1.04684e-06 0.000386999 -4.6839e-08 0.999997 0.002705 -0.000387001 -0.002705 0.999997 0.00214481 -0.0797592 0.131376
FixedParameters: 0 0 0

#Transform 9
Transform: AffineTransform_float_3_3
Parameters: 1 -6.71415e-07 0.000254999 3.28581e-07 0.999996 0.002633 -0.000255002 -0.002633 0.999997 0.00934478 -0.0183449 0.149956
FixedParameters: 0 0 0

#Transform 10
Transform: AffineTransform_float_3_3
Parameters: 1 0.00050452 0.000255948 -0.00050548 0.999998 0.00187787 -0.000255051 -0.00187813 0.999998 -0.00123351 -0.000905409 0.0984005
FixedParameters: 0 0 0

#Transform 11
Transform: AffineTransform_float_3_3
Parameters: 1 -6.79321e-07 0.000254999 3.20676e-07 0.999997 0.002664 -0.000255002 -0.002664 0.999997 0.00377946 -0.067049 0.140861
FixedParameters: 0 0 0

#Transform 12
Transform: AffineTransform_float_3_3
Parameters: 1 0.000141856 9.62129e-05 -0.000142144 0.999999 0.00149999 -9.57869e-05 -0.00150001 0.999999 -0.00214619 -0.0171445 0.066722
FixedParameters: 0 0 0

#Transform 13
Transform: AffineTransform_float_3_3
Parameters: 1 -3.86835e-07 0.000255 -3.86835e-07 0.999999 0.001517 -0.000255 -0.001517 0.999999 -0.000379293 -0.0265752 0.0986845
FixedParameters: 0 0 0

#Transform 14
Transform: AffineTransform_float_3_3
Parameters: 1 -2.99136e-07 0.000192 -2.99136e-07 0.999999 0.001558 -0.000192 -0.001558 0.999999 -0.00774185 -0.0619161 0.107905
FixedParameters: 0 0 0

#Transform 15
Transform: AffineTransform_float_3_3
Parameters: 1 -2.9784e-07 0.000255 -2.9784e-07 1 0.001168 -0.000255 -0.001168 1 -0.0134622 2.53453e-05 0.0912109
FixedParameters: 0 0 0

#Transform 16
Transform: AffineTransform_float_3_3
Parameters: 1 -3.3762e-07 0.000255 -3.3762e-07 0.999999 0.001324 -0.000255 -0.001324 0.999999 -0.00944059 -0.0445421 0.113216
FixedParameters: 0 0 0

#Transform 17
Transform: AffineTransform_float_3_3
Parameters: 1 -1.3056e-07 0.000255 -1.3056e-07 1 0.000512 -0.000255 -0.000512 1 -0.00862846 -0.00691743 0.0431306
FixedParameters: 0 0 0

#Transform 18
Transform: AffineTransform_float_3_3
Parameters: 1 -1.8462e-07 0.000255 -1.8462e-07 0.999999 0.000724 -0.000255 -0.000724 0.999999 -0.00360659 -0.0246411 0.0896877
FixedParameters: 0 0 0

#Transform 19
Transform: AffineTransform_float_3_3
Parameters: 1 -1.2892e-08 4.4e-05 -1.2892e-08 1 0.000293 -4.4e-05 -0.000293 1 -0.0163882 -0.0332329 0.0442055
FixedParameters: 0 0 0

#Transform 20
Transform: AffineTransform_float_3_3
Parameters: 1 1.0812e-07 0.000255 1.0812e-07 1 -0.000424 -0.000255 0.000424 1 -0.00544655 0.00224362 -0.00822257
FixedParameters: 0 0 0

#Transform 21
Transform: AffineTransform_float_3_3
Parameters: 1 -1.31682e-06 0.000682999 -3.16826e-07 0.999998 0.001928 -0.000683 -0.001928 0.999998 -0.0241646 -0.0514122 0.110086
FixedParameters: 0 0 0

#Transform 22
Transform: AffineTransform_float_3_3
Parameters: 1 0.000988662 -0.000267945 -0.000987339 0.99998 0.00613027 0.000274059 -0.00613073 0.999981 -0.0370676 -0.166926 0.266059
FixedParameters: 0 0 0

#Transform 23
Transform: AffineTransform_float_3_3
Parameters: 1 0.00104486 -0.000264766 -0.00104314 0.999976 0.00692928 0.000272234 -0.00692872 0.999976 -0.0383645 -0.171261 0.350695
FixedParameters: 0 0 0

#Transform 24
Transform: AffineTransform_float_3_3
Parameters: 0.999999 0.000749346 -0.000500505 -0.000746651 0.999989 0.00467137 0.000504493 -0.00467162 0.999989 -0.0294539 -0.097937 0.282955
FixedParameters: 0 0 0

#Transform 25
Transform: AffineTransform_float_3_3
Parameters: 0.999999 0.000794758 -0.000637815 -0.000793241 0.999996 0.00275251 0.000640186 -0.00275249 0.999996 -0.0189401 -0.120413 0.197144
FixedParameters: 0 0 0

#Transform 26
Transform: AffineTransform_float_3_3
Parameters: 0.999999 0.000765751 -0.000318197 -0.000765249 0.999997 0.00235524 0.000319804 -0.00235576 0.999997 -0.0317187 -0.0440042 0.128492
FixedParameters: 0 0 0

#Transform 27
Transform: AffineTransform_float_3_3
Parameters: 0.999999 0.000802939 2.50082e-05 -0.000803059 0.999996 0.00250098 -2.29916e-05 -0.00250102 0.999997 -0.0174795 -0.0960863 0.0340483
FixedParameters: 0 0 0

#Transform 28
Transform: AffineTransform_float_3_3
Parameters: 0.999999 0.000556201 -0.000562814 -0.000554797 0.999997 0.00213331 0.000564184 -0.00213269 0.999997 -3.47422e-05 -0.0549642 0.109189
FixedParameters: 0 0 0

#Transform 29
Transform: AffineTransform_float_3_3
Parameters: 0.999999 0.000775728 -0.000447742 -0.000775272 0.999999 0.00162235 0.000449258 -0.00162265 0.999998 -0.0227595 -0.0576734 0.0460528
FixedParameters: 0 0 0

#Transform 30
Transform: AffineTransform_float_3_3
Parameters: 1 0.000835442 -0.000563346 -0.000834559 1 0.00078347 0.000563654 -0.000783529 0.999999 -0.00591625 -0.0416422 0.0544686
FixedParameters: 0 0 0

#Transform 31
Transform: AffineTransform_float_3_3
Parameters: 0.999999 0.000775519 -0.000563286 -0.000774481 1 0.000921437 0.000563714 -0.000921564 1 -0.0219936 -0.0356062 0.0396649
FixedParameters: 0 0 0

#Transform 32
Transform: AffineTransform_float_3_3
Parameters: 0.999999 0.00103201 -0.00072599 -0.00103199 0.999999 9.74922e-06 0.00072601 -9.25075e-06 0.999999 -0.0364504 -0.00670612 -0.0234892
FixedParameters: 0 0 0

#Transform 33
Transform: AffineTransform_float_3_3
Parameters: 0.999999 0.00106883 -0.00112121 -0.00106817 0.999999 0.000740199 0.00112179 -0.000738802 0.999999 -0.0195167 -0.0268255 0.0168637
FixedParameters: 0 0 0

#Transform 34
Transform: AffineTransform_float_3_3
Parameters: 0.999999 0.00153509 -0.000867844 -0.00153491 0.999999 0.000102332 0.000868157 -0.000101667 0.999999 -0.0332545 -0.0351782 -0.0281987
FixedParameters: 0 0 0

#Transform 35
Transform: AffineTransform_float_3_3
Parameters: 0.999998 0.00133412 -0.000969831 -0.00133388 0.999999 0.000127294 0.000970169 -0.000125706 1 -0.0316698 0.00911763 0.0197144
FixedParameters: 0 0 0

#Transform 36
Transform: AffineTransform_float_3_3
Parameters: 0.999999 0.0014688 -0.000970307 -0.0014692 0.999999 -0.000208575 0.000970692 0.000210426 0.999999 -0.0462349 0.0157631 -0.0356361
FixedParameters: 0 0 0

#Transform 37
Transform: AffineTransform_float_3_3
Parameters: 0.999998 0.00134746 -0.000970743 -0.00134853 0.999999 -0.000550692 0.000970256 0.000552308 1 -0.0355852 0.00789672 -0.0234297
FixedParameters: 0 0 0

#Transform 38
Transform: AffineTransform_float_3_3
Parameters: 0.999998 0.00161319 -0.00110219 -0.00161382 0.999999 -0.000739223 0.00110081 0.000740778 0.999999 -0.0454635 0.0403835 -0.0536613
FixedParameters: 0 0 0

#Transform 39
Transform: AffineTransform_float_3_3
Parameters: 0.999998 0.00159984 -0.000971908 -0.00160116 0.999998 -0.00119145 0.000970093 0.00119255 0.999999 -0.0414239 -0.0101971 -0.0780374
FixedParameters: 0 0 0

#Transform 40
Transform: AffineTransform_float_3_3
Parameters: 0.999998 0.00169391 -0.000971901 -0.00169509 0.999998 -0.00112135 0.000970099 0.00112265 0.999999 -0.0496951 0.025697 -0.0586178
FixedParameters: 0 0 0

#Transform 41
Transform: AffineTransform_float_3_3
Parameters: 0.999998 0.00174412 -0.00145945 -0.00174688 0.999996 -0.00197645 0.00145555 0.00197954 0.999997 -0.0570231 0.0294761 -0.138426
FixedParameters: 0 0 0

#Transform 42
Transform: AffineTransform_float_3_3
Parameters: 0.999997 0.00167285 -0.00137263 -0.00167515 0.999998 -0.0015697 0.00137037 0.0015723 0.999998 -0.0551593 0.0216202 -0.0805984
FixedParameters: 0 0 0

#Transform 43
Transform: AffineTransform_float_3_3
Parameters: 0.999998 0.00171564 -0.00158075 -0.00172036 0.999994 -0.00276129 0.00157625 0.00276371 0.999995 -0.0588451 0.0373703 -0.139791
FixedParameters: 0 0 0

#Transform 44
Transform: AffineTransform_float_3_3
Parameters: 0.999998 0.00150624 -0.00172517 -0.00151176 0.999995 -0.0027614 0.00172083 0.0027636 0.999994 -0.0436504 0.0336229 -0.110898
FixedParameters: 0 0 0

#Transform 45
Transform: AffineTransform_float_3_3
Parameters: 0.999997 0.0016062 -0.00214212 -0.0016128 0.999993 -0.00317855 0.00213688 0.00318144 0.999992 -0.0463622 0.0274257 -0.142854
FixedParameters: 0 0 0

#Transform 46
Transform: AffineTransform_float_3_3
Parameters: 0.999996 0.0017802 -0.0018336 -0.0017878 0.99999 -0.00426074 0.0018264 0.00426427 0.999989 -0.0617559 0.0324548 -0.216068
FixedParameters: 0 0 0

#Transform 47
Transform: AffineTransform_float_3_3
Parameters: 0.999996 0.00181451 -0.00247173 -0.00182549 0.99999 -0.00424751 0.00246426 0.00425249 0.999988 -0.057704 0.0693214 -0.140677
FixedParameters: 0 0 0

#Transform 48
Transform: AffineTransform_float_3_3
Parameters: 0.999995 0.00193043 -0.00246768 -0.00194357 0.999983 -0.00550923 0.00245733 0.00551377 0.999982 -0.0651309 0.125672 -0.241304
FixedParameters: 0 0 0

#Transform 49
Transform: AffineTransform_float_3_3
Parameters: 0.999996 0.00175201 -0.00225857 -0.00176299 0.999986 -0.00487403 0.00224943 0.00487796 0.999985 -0.0499828 0.0414169 -0.127237
FixedParameters: 0 0 0

#Transform 50
Transform: AffineTransform_float_3_3
Parameters: 0.999995 0.00193848 -0.00258619 -0.00195152 0.999985 -0.00523598 0.00257581 0.00524102 0.999983 -0.0620881 0.066477 -0.196959
FixedParameters: 0 0 0

#Transform 51
Transform: AffineTransform_float_3_3
Parameters: 0.999995 0.00199411 -0.00244622 -0.00200889 0.99998 -0.00610112 0.00243379 0.00610589 0.999979 -0.0561225 0.052241 -0.190744
FixedParameters: 0 0 0

#Transform 52
Transform: AffineTransform_float_3_3
Parameters: 0.999994 0.00211929 -0.00252656 -0.00213271 0.999983 -0.00543564 0.00251544 0.00544136 0.999982 -0.0674551 0.0358422 -0.172818
FixedParameters: 0 0 0

#Transform 53
Transform: AffineTransform_float_3_3
Parameters: 0.999995 0.00216278 -0.00259047 -0.00218022 0.999976 -0.00666339 0.00257552 0.00666961 0.999974 -0.0727081 0.0603314 -0.242543
FixedParameters: 0 0 0

#Transform 54
Transform: AffineTransform_float_3_3
Parameters: 0.999995 0.00203196 -0.0027111 -0.00204705 0.999981 -0.00592848 0.0026989 0.00593452 0.999978 -0.0644717 0.103323 -0.191772
FixedParameters: 0 0 0

#Transform 55
Transform: AffineTransform_float_3_3
Parameters: 0.999992 0.00233311 -0.00304291 -0.00235489 0.999971 -0.00720889 0.00302609 0.00721612 0.99997 -0.0746422 0.0737157 -0.273568
FixedParameters: 0 0 0

#Transform 56
Transform: AffineTransform_float_3_3
Parameters: 0.999992 0.0023677 -0.00304427 -0.0023913 0.999967 -0.00767377 0.00302573 0.00768122 0.999966 -0.0648235 0.0903339 -0.217227
FixedParameters: 0 0 0

#Transform 57
Transform: AffineTransform_float_3_3
Parameters: 0.999992 0.00265763 -0.0030483 -0.00268336 0.999961 -0.00834789 0.00302569 0.00835611 0.999961 -0.0865772 0.127616 -0.279034
FixedParameters: 0 0 0

#Transform 58
Transform: AffineTransform_float_3_3
Parameters: 0.999993 0.00228277 -0.00304735 -0.00231123 0.999954 -0.00929303 0.00302564 0.00929998 0.999952 -0.0787855 0.140909 -0.327249
FixedParameters: 0 0 0

#Transform 59
Transform: AffineTransform_float_3_3
Parameters: 0.999993 0.00219345 -0.00304457 -0.00221854 0.999962 -0.00841331 0.00302543 0.0084197 0.99996 -0.0862242 0.114057 -0.259387
FixedParameters: 0 0 0

#Transform 60
Transform: AffineTransform_float_3_3
Parameters: 0.999993 0.002244 -0.00304682 -0.00227201 0.999955 -0.00921914 0.00302617 0.00922585 0.999953 -0.0900995 0.108619 -0.335402
FixedParameters: 0 0 0

#Transform 61
Transform: AffineTransform_float_3_3
Parameters: 0.999994 0.00201935 -0.00304519 -0.00204765 0.999954 -0.00943483 0.00302581 0.00944118 0.999951 -0.0734909 0.110628 -0.2286
FixedParameters: 0 0 0

#Transform 62
Transform: AffineTransform_float_3_3
Parameters: 0.999994 0.00247574 -0.00251709 -0.00249926 0.999954 -0.00927976 0.00249391 0.00928623 0.999954 -0.107081 0.115779 -0.251373
FixedParameters: 0 0 0

#Transform 63
Transform: AffineTransform_float_3_3
Parameters: 0.999993 0.00248122 -0.00258301 -0.00250778 0.999946 -0.0100246 0.00255798 0.0100304 0.999947 -0.0996619 0.153813 -0.323465
FixedParameters: 0 0 0

#Transform 64
Transform: AffineTransform_float_3_3
Parameters: 0.999993 0.00245685 -0.0025812 -0.00248115 0.999953 -0.00939465 0.00255779 0.00940134 0.999952 -0.0958154 0.103269 -0.213348
FixedParameters: 0 0 0

#Transform 65
Transform: AffineTransform_float_3_3
Parameters: 0.999993 0.00262993 -0.00258377 -0.00265507 0.999949 -0.00974821 0.00255823 0.0097548 0.999949 -0.110824 0.0824709 -0.234744
FixedParameters: 0 0 0

#Transform 66
Transform: AffineTransform_float_3_3
Parameters: 0.999994 0.00251888 -0.00258569 -0.00254712 0.999937 -0.0109295 0.00255831 0.0109355 0.999937 -0.107958 0.114755 -0.273805
FixedParameters: 0 0 0

#Transform 67
Transform: AffineTransform_float_3_3
Parameters: 0.999993 0.00264748 -0.00258441 -0.00267353 0.999947 -0.00992315 0.00255859 0.00992984 0.999947 -0.108392 0.101121 -0.190904
FixedParameters: 0 0 0

#Transform 68
Transform: AffineTransform_float_3_3
Parameters: 0.999993 0.00277799 -0.00258622 -0.00280401 0.999945 -0.0101088 0.00255778 0.0101152 0.999945 -0.11155 0.117334 -0.244027
FixedParameters: 0 0 0

#Transform 69
Transform: AffineTransform_float_3_3
Parameters: 0.999993 0.00277609 -0.00258826 -0.00280391 0.999938 -0.0108418 0.00255774 0.0108492 0.999938 -0.109085 0.13454 -0.251029
FixedParameters: 0 0 0

#Transform 70
Transform: AffineTransform_float_3_3
Parameters: 0.999993 0.0027777 -0.00258654 -0.0028043 0.999944 -0.0102208 0.00255846 0.0102272 0.999945 -0.114011 0.0867051 -0.194451
FixedParameters: 0 0 0

#Transform 71
Transform: AffineTransform_float_3_3
Parameters: 0.999992 0.00277039 -0.00303799 -0.00280361 0.999935 -0.0111146 0.00300701 0.0111234 0.999933 -0.108076 0.10197 -0.264998
FixedParameters: 0 0 0

#Transform 72
Transform: AffineTransform_float_3_3
Parameters: 0.999993 0.00277764 -0.00249762 -0.00280436 0.99994 -0.0106111 0.00246837 0.0106179 0.99994 -0.103598 0.139132 -0.232562
FixedParameters: 0 0 0

#Transform 73
Transform: AffineTransform_float_3_3
Parameters: 0.999992 0.0029948 -0.00255899 -0.00302121 0.999943 -0.0102993 0.00252801 0.0103067 0.999943 -0.119514 0.133898 -0.22613
FixedParameters: 0 0 0

#Transform 74
Transform: AffineTransform_float_3_3
Parameters: 0.999998 0.00181357 -0.000923809 -0.00181543 0.999997 -0.00154733 0.000921191 0.00154867 0.999999 -0.115575 0.0765906 -0.201953
FixedParameters: 0 0 0

#Transform 75
Transform: AffineTransform_float_3_3
Parameters: 1 7.97748e-05 0.000420625 -8.22203e-05 0.99997 0.00767297 -0.000419382 -0.00767303 0.999971 -0.0260394 -0.27776 -0.0094275
FixedParameters: 0 0 0

#Transform 76
Transform: AffineTransform_float_3_3
Parameters: 0.999999 0.000918463 0.000429828 -0.000922526 0.999942 0.0106736 -0.000419176 -0.0106744 0.999943 -0.0440664 -0.404072 0.3654
FixedParameters: 0 0 0

#Transform 77
Transform: AffineTransform_float_3_3
Parameters: 1 0.000504091 -4.19102e-05 -0.000503908 0.999997 0.00216202 4.30895e-05 -0.00216198 0.999997 -0.0299709 -0.120131 0.0588472
FixedParameters: 0 0 0

#Transform 78
Transform: AffineTransform_float_3_3
Parameters: 0.999999 0.000359249 -0.000698871 -0.00035875 1 0.000357251 0.000699128 -0.000356749 0.999999 -0.0196625 -0.125886 -0.022178
FixedParameters: 0 0 0

#Transform 79
Transform: AffineTransform_float_3_3
Parameters: 0.999999 0.00087079 -0.00100218 -0.00087021 0.999999 -0.000209128 0.00100182 0.000209873 1 -0.0503139 -0.121272 0.000491419
FixedParameters: 0 0 0

#Transform 80
Transform: AffineTransform_float_3_3
Parameters: 0.999999 0.00115127 -0.00100399 -0.00115373 0.999998 -0.00172784 0.00100201 0.00172916 0.999998 -0.0672313 -0.0612526 -0.0857691
FixedParameters: 0 0 0

#Transform 81
Transform: AffineTransform_float_3_3
Parameters: 0.999999 0.00115059 -0.00142994 -0.00115341 0.999998 -0.00168435 0.00142806 0.00168565 0.999997 -0.0592089 -0.0539486 -0.0703788
FixedParameters: 0 0 0

#Transform 82
Transform: AffineTransform_float_3_3
Parameters: 0.999999 0.00114769 -0.00143228 -0.00115332 0.999993 -0.00371636 0.00142772 0.00371765 0.999992 -0.0637296 -0.0372041 -0.137642
FixedParameters: 0 0 0

#Transform 83
Transform: AffineTransform_float_3_3
Parameters: 0.999998 0.00164658 -0.00159266 -0.00165242 0.999991 -0.00403738 0.00158634 0.00403962 0.99999 -0.0616246 -0.0572107 -0.0938581
FixedParameters: 0 0 0

#Transform 84
Transform: AffineTransform_float_3_3
Parameters: 0.999998 0.00172184 -0.00143542 -0.00172817 0.999989 -0.00430253 0.00142858 0.00430547 0.999989 -0.120822 -0.0392097 -0.0820348
FixedParameters: 0 0 0

#Transform 85
Transform: AffineTransform_float_3_3
Parameters: 0.999997 0.00173579 -0.00164881 -0.00174621 0.999979 -0.00621014 0.00163818 0.00621386 0.99998 -0.116537 0.0114713 -0.185482
FixedParameters: 0 0 0

#Transform 86
Transform: AffineTransform_float_3_3
Parameters: 0.999997 0.00149831 -0.00165283 -0.00150769 0.999981 -0.00587452 0.00164417 0.00587748 0.999982 -0.0924543 0.0285446 -0.126904
FixedParameters: 0 0 0

#Transform 87
Transform: AffineTransform_float_3_3
Parameters: 0.999998 0.00154286 -0.00170415 -0.00155414 0.999978 -0.00655637 0.00169385 0.00655863 0.999977 -0.0914866 0.0158083 -0.199693
FixedParameters: 0 0 0

#Transform 88
Transform: AffineTransform_float_3_3
Parameters: 0.999997 0.00145241 -0.00185294 -0.00146559 0.999975 -0.0068113 0.00184306 0.00681369 0.999975 -0.0731581 0.0187904 -0.172961
FixedParameters: 0 0 0

#Transform 89
Transform: AffineTransform_float_3_3
Parameters: 0.999998 0.00137941 -0.00185244 -0.00139259 0.999976 -0.00681144 0.00184256 0.00681356 0.999975 -0.0825156 0.0191166 -0.191828
FixedParameters: 0 0 0

#Transform 90
Transform: AffineTransform_float_3_3
Parameters: 0.999998 0.00141265 -0.00185403 -0.00142736 0.999969 -0.00776437 0.00184297 0.00776662 0.999968 -0.0871149 0.0185665 -0.201144
FixedParameters: 0 0 0

#Transform 91
Transform: AffineTransform_float_3_3
Parameters: 0.999997 0.00166729 -0.00208784 -0.00168271 0.999973 -0.00706551 0.00207616 0.00706948 0.999973 -0.0938914 0.0276562 -0.0992296
FixedParameters: 0 0 0

#Transform 92
Transform: AffineTransform_float_3_3
Parameters: 0.999996 0.00205844 -0.00185925 -0.00207256 0.999967 -0.00786218 0.00184276 0.00786583 0.999968 -0.111316 0.0391629 -0.188735
FixedParameters: 0 0 0

#Transform 93
Transform: AffineTransform_float_3_3
Parameters: 0.999996 0.00174639 -0.00191443 -0.00176162 0.999969 -0.00765765 0.00190156 0.00766135 0.999969 -0.10135 0.0600252 -0.130626
FixedParameters: 0 0 0

#Transform 94
Transform: AffineTransform_float_3_3
Parameters: 0.999996 0.00175038 -0.00185594 -0.00176362 0.999972 -0.00736175 0.00184306 0.00736525 0.999971 -0.115714 0.011649 -0.130014
FixedParameters: 0 0 0

#Transform 95
Transform: AffineTransform_float_3_3
Parameters: 0.999996 0.00177344 -0.00185798 -0.00178856 0.999963 -0.0084067 0.00184303 0.0084103 0.999963 -0.111768 0.010025 -0.173067
FixedParameters: 0 0 0

#Transform 96
Transform: AffineTransform_float_3_3
Parameters: 0.999996 0.00179449 -0.00185713 -0.0018095 0.999967 -0.00783966 0.00184287 0.00784333 0.999967 -0.103921 0.019488 -0.132369
FixedParameters: 0 0 0

#Transform 97
Transform: AffineTransform_float_3_3
Parameters: 0.999997 0.00158614 -0.0018558 -0.00160086 0.999967 -0.00803306 0.0018432 0.00803595 0.999966 -0.0909721 0.00631981 -0.159915
FixedParameters: 0 0 0

#Transform 98
Transform: AffineTransform_float_3_3
Parameters: 0.999997 0.00159562 -0.00179876 -0.00161138 0.999962 -0.00858212 0.00178523 0.00858487 0.999961 -0.0939798 0.0122467 -0.153258
FixedParameters: 0 0 0

#Transform 99
Transform: AffineTransform_float_3_3
Parameters: 0.999997 0.00166736 -0.00179664 -0.00168264 0.999961 -0.00874001 0.00178136 0.008743 0.99996 -0.093321 0.0495662 -0.180286
FixedParameters: 0 0 0

#Transform 100
Transform: AffineTransform_float_3_3
Parameters: 0.999997 0.00173005 -0.00185892 -0.00174695 0.999956 -0.00915678 0.00184308 0.00916022 0.999957 -0.0940224 -0.000730182 -0.189449
FixedParameters: 0 0 0

#Transform 101
Transform: AffineTransform_float_3_3
Parameters: 0.999997 0.00160522 -0.00185763 -0.00162178 0.999957 -0.00906701 0.00184337 0.00906998 0.999957 -0.0914014 0.0346744 -0.128548
FixedParameters: 0 0 0

#Transform 102
Transform: AffineTransform_float_3_3
Parameters: 0.999997 0.00168387 -0.00185958 -0.00170113 0.99995 -0.00978887 0.00184343 0.00979213 0.999951 -0.0930925 0.00641985 -0.19839
FixedParameters: 0 0 0

#Transform 103
Transform: AffineTransform_float_3_3
Parameters: 0.999997 0.00168181 -0.0018587 -0.00169919 0.999956 -0.00928388 0.0018433 0.00928714 0.999955 -0.0863015 -7.37172e-05 -0.122499
FixedParameters: 0 0 0

#Transform 104
Transform: AffineTransform_float_3_3
Parameters: 0.999997 0.00174744 -0.00207152 -0.00176856 0.999949 -0.00996637 0.00205347 0.00996962 0.999948 -0.0919062 0.0745102 -0.219577
FixedParameters: 0 0 0

#Transform 105
Transform: AffineTransform_float_3_3
Parameters: 0.999996 0.00183045 -0.00186142 -0.00184854 0.999948 -0.0100116 0.00184258 0.0100154 0.999948 -0.107716 0.0332314 -0.159777
FixedParameters: 0 0 0

#Transform 106
Transform: AffineTransform_float_3_3
Parameters: 0.999996 0.00213073 -0.0018641 -0.00214927 0.999949 -0.00985703 0.0018429 0.00986096 0.999949 -0.11501 0.0307881 -0.186808
FixedParameters: 0 0 0

#Transform 107
Transform: AffineTransform_float_3_3
Parameters: 0.999996 0.00176857 -0.00193791 -0.00178843 0.999947 -0.0100716 0.00192008 0.0100744 0.999948 -0.0983222 -0.00472348 -0.206586
FixedParameters: 0 0 0

#Transform 108
Transform: AffineTransform_float_3_3
Parameters: 0.999997 0.00175305 -0.00202941 -0.00177296 0.999949 -0.00987344 0.00201259 0.00987656 0.999949 -0.0925923 0.0559119 -0.192355
FixedParameters: 0 0 0

#Transform 109
Transform: AffineTransform_float_3_3
Parameters: 0.999996 0.00186903 -0.00186426 -0.00188996 0.999935 -0.0113085 0.00184274 0.0113125 0.999935 -0.0969457 0.0543194 -0.285011
FixedParameters: 0 0 0

#Transform 110
Transform: AffineTransform_float_3_3
Parameters: 0.999996 0.00213776 -0.00193658 -0.00215824 0.999942 -0.0105109 0.00191442 0.0105151 0.999943 -0.111592 0.0530651 -0.21218
FixedParameters: 0 0 0

#Transform 111
Transform: AffineTransform_float_3_3
Parameters: 0.999996 0.00213798 -0.00186619 -0.00215802 0.99994 -0.010795 0.00184281 0.010799 0.99994 -0.102662 0.0502786 -0.251263
FixedParameters: 0 0 0

#Transform 112
Transform: AffineTransform_float_3_3
Parameters: 0.999996 0.00213785 -0.00186634 -0.00215815 0.999938 -0.010863 0.00184266 0.010867 0.99994 -0.102705 0.0596247 -0.211691
FixedParameters: 0 0 0

#Transform 113
Transform: AffineTransform_float_3_3
Parameters: 0.999995 0.00213593 -0.00205815 -0.00215807 0.99994 -0.0107806 0.00203485 0.0107854 0.99994 -0.100591 0.0548561 -0.226613
FixedParameters: 0 0 0

#Transform 114
Transform: AffineTransform_float_3_3
Parameters: 0.999995 0.0021345 -0.00212091 -0.0021585 0.999935 -0.0111405 0.00209708 0.0111445 0.999935 -0.0998576 0.0369171 -0.269705
FixedParameters: 0 0 0

#Transform 115
Transform: AffineTransform_float_3_3
Parameters: 0.999996 0.00202213 -0.00227832 -0.00204687 0.999938 -0.0109654 0.00225669 0.0109706 0.999938 -0.095626 0.0709064 -0.227152
FixedParameters: 0 0 0

#Transform 116
Transform: AffineTransform_float_3_3
Parameters: 0.999996 0.00187588 -0.0021483 -0.00190012 0.999935 -0.011282 0.00212669 0.011286 0.999934 -0.0973462 0.0630054 -0.264577
FixedParameters: 0 0 0

#Transform 117
Transform: AffineTransform_float_3_3
Parameters: 0.999997 0.00186915 -0.00172861 -0.00188785 0.999938 -0.0109668 0.0017084 0.0109702 0.999939 -0.098406 0.0637364 -0.241072
FixedParameters: 0 0 0

#Transform 118
Transform: AffineTransform_float_3_3
Parameters: 0.999996 0.00213853 -0.00178656 -0.00215847 0.999937 -0.0109662 0.00176343 0.0109698 0.999939 -0.103552 0.0458249 -0.23158
FixedParameters: 0 0 0

#Transform 119
Transform: AffineTransform_float_3_3
Parameters: 0.999996 0.00172772 -0.00187583 -0.00174929 0.999934 -0.0114058 0.00185617 0.0114083 0.999933 -0.0935885 0.092513 -0.300636
FixedParameters: 0 0 0

#Transform 120
Transform: AffineTransform_float_3_3
Parameters: 0.999996 0.0021874 -0.00182179 -0.0022076 0.999939 -0.010827 0.0017982 0.010831 0.999939 -0.104132 0.0456085 -0.270578
FixedParameters: 0 0 0

#Transform 121
Transform: AffineTransform_float_3_3
Parameters: 0.999996 0.00218756 -0.00182282 -0.00220844 0.999934 -0.011289 0.00179818 0.011293 0.999934 -0.104173 0.021091 -0.269707
FixedParameters: 0 0 0

#Transform 122
Transform: AffineTransform_float_3_3
Parameters: 0.999996 0.00206205 -0.00182199 -0.00208295 0.999931 -0.0115703 0.00179802 0.0115748 0.999932 -0.111503 0.0245671 -0.271563
FixedParameters: 0 0 0

#Transform 123
Transform: AffineTransform_float_3_3
Parameters: 0.999996 0.00212361 -0.00182203 -0.0021444 0.999935 -0.0112611 0.00179896 0.0112649 0.999935 -0.114073 0.0401795 -0.286977
FixedParameters: 0 0 0

#Transform 124
Transform: AffineTransform_float_3_3
Parameters: 0.999997 0.00195578 -0.00182106 -0.00197723 0.99993 -0.0117254 0.00179894 0.0117296 0.999929 -0.117801 0.0779586 -0.344296
FixedParameters: 0 0 0

#Transform 125
Transform: AffineTransform_float_3_3
Parameters: 0.999996 0.00205096 -0.00190293 -0.00207204 0.999936 -0.0111221 0.00188007 0.0111269 0.999937 -0.107373 0.076673 -0.296223
FixedParameters: 0 0 0

#Transform 126
Transform: AffineTransform_float_3_3
Parameters: 0.999996 0.00211839 -0.00185201 -0.00213961 0.999929 -0.0117431 0.001827 0.0117469 0.99993 -0.11538 0.0750462 -0.323199
FixedParameters: 0 0 0

#Transform 127
Transform: AffineTransform_float_3_3
Parameters: 0.999996 0.00218314 -0.00191421 -0.00220585 0.999931 -0.0114898 0.00188877 0.0114942 0.999932 -0.119364 0.0500333 -0.315044
FixedParameters: 0 0 0

#Transform 128
Transform: AffineTransform_float_3_3
Parameters: 0.999996 0.00209517 -0.00226023 -0.00212084 0.999931 -0.0114893 0.00223678 0.0114937 0.999932 -0.118791 0.0346933 -0.310695
FixedParameters: 0 0 0

#Transform 129
Transform: AffineTransform_float_3_3
Parameters: 0.999996 0.00223008 -0.00181132 -0.00225191 0.999923 -0.012189 0.00178368 0.012193 0.999924 -0.11965 0.0314348 -0.327381
FixedParameters: 0 0 0

#Transform 130
Transform: AffineTransform_float_3_3
Parameters: 0.999996 0.00223313 -0.0020829 -0.00225688 0.999931 -0.0115314 0.00205711 0.0115357 0.999932 -0.102186 0.0512005 -0.306639
FixedParameters: 0 0 0

#Transform 131
Transform: AffineTransform_float_3_3
Parameters: 0.999995 0.00217113 -0.00200813 -0.00219487 0.999926 -0.0119646 0.00198188 0.0119684 0.999927 -0.114557 0.0294365 -0.341497
FixedParameters: 0 0 0

#Transform 132
Transform: AffineTransform_float_3_3
Parameters: 0.999995 0.00220944 -0.0019854 -0.00223157 0.999932 -0.0114336 0.00196061 0.0114384 0.999932 -0.10868 0.0878101 -0.313889
FixedParameters: 0 0 0

#Transform 133
Transform: AffineTransform_float_3_3
Parameters: 0.999995 0.0022409 -0.00222757 -0.00226711 0.999928 -0.011785 0.00220143 0.01179 0.999928 -0.117876 0.0468035 -0.338277
FixedParameters: 0 0 0

#Transform 134
Transform: AffineTransform_float_3_3
Parameters: 0.999995 0.00234549 -0.00178364 -0.0023675 0.999924 -0.0121518 0.00175436 0.0121562 0.999925 -0.111349 0.094255 -0.347043
FixedParameters: 0 0 0

#Transform 135
Transform: AffineTransform_float_3_3
Parameters: 0.999995 0.00231598 -0.00222941 -0.00234303 0.999923 -0.0121948 0.00220158 0.0122002 0.999923 -0.117164 0.0877761 -0.319241
FixedParameters: 0 0 0

#Transform 136
Transform: AffineTransform_float_3_3
Parameters: 0.999995 0.00245126 -0.00191411 -0.00247574 0.999912 -0.0130303 0.00188189 0.0130357 0.999914 -0.118225 0.0958946 -0.368353
FixedParameters: 0 0 0

#Transform 137
Transform: AffineTransform_float_3_3
Parameters: 0.999995 0.00244825 -0.00223182 -0.00247575 0.999918 -0.0125155 0.00220118 0.0125205 0.999919 -0.116834 0.0552588 -0.323337
FixedParameters: 0 0 0

#Transform 138
Transform: AffineTransform_float_3_3
Parameters: 0.999995 0.00244951 -0.00199498 -0.0024765 0.999908 -0.0133881 0.00196202 0.0133929 0.999909 -0.123791 0.0604552 -0.381187
FixedParameters: 0 0 0

#Transform 139
Transform: AffineTransform_float_3_3
Parameters: 0.999995 0.00244762 -0.00223251 -0.00247638 0.999915 -0.0127975 0.00220148 0.0128035 0.999915 -0.111936 0.0313821 -0.345459
FixedParameters: 0 0 0

#Transform 140
Transform: AffineTransform_float_3_3
Parameters: 0.999994 0.00244594 -0.00223435 -0.00247606 0.999905 -0.0135485 0.00220165 0.0135545 0.999905 -0.126694 0.112798 -0.404093
FixedParameters: 0 0 0

#Transform 141
Transform: AffineTransform_float_3_3
Parameters: 0.999995 0.00244998 -0.00205443 -0.00247601 0.999915 -0.012759 0.00202257 0.012764 0.999917 -0.121998 0.134115 -0.355148
FixedParameters: 0 0 0

#Transform 142
Transform: AffineTransform_float_3_3
Parameters: 0.999994 0.00244705 -0.00223314 -0.00247594 0.999911 -0.0130535 0.00220086 0.0130585 0.999913 -0.128654 0.0812964 -0.37609
FixedParameters: 0 0 0

#Transform 143
Transform: AffineTransform_float_3_3
Parameters: 0.999995 0.00244994 -0.00190991 -0.00247607 0.999902 -0.0137653 0.00187609 0.0137697 0.999904 -0.126224 0.0987909 -0.424382
FixedParameters: 0 0 0

#Transform 144
Transform: AffineTransform_float_3_3
Parameters: 0.999994 0.00244687 -0.00223334 -0.00247613 0.99991 -0.0131335 0.00220166 0.0131385 0.999912 -0.132455 0.113395 -0.385216
FixedParameters: 0 0 0

#Transform 145
Transform: AffineTransform_float_3_3
Parameters: 0.999994 0.00244443 -0.00223601 -0.00247557 0.999895 -0.0142255 0.002201 0.0142315 0.999897 -0.131079 0.138891 -0.453079
FixedParameters: 0 0 0

#Transform 146
Transform: AffineTransform_float_3_3
Parameters: 0.999994 0.00244611 -0.00223418 -0.00247589 0.999906 -0.0134775 0.00220082 0.0134825 0.999906 -0.131324 0.0978534 -0.387892
FixedParameters: 0 0 0

#Transform 147
Transform: AffineTransform_float_3_3
Parameters: 0.999994 0.00244492 -0.00223547 -0.00247608 0.999899 -0.0140065 0.00220153 0.0140125 0.9999 -0.135027 0.0854544 -0.419294
FixedParameters: 0 0 0

#Transform 148
Transform: AffineTransform_float_3_3
Parameters: 0.999995 0.00261329 -0.0018195 -0.00263972 0.999894 -0.0142763 0.00178249 0.0142807 0.999897 -0.135055 0.054955 -0.426723
FixedParameters: 0 0 0

#Transform 149
Transform: AffineTransform_float_3_3
Parameters: 0.999995 0.00259028 -0.00171146 -0.00261472 0.999899 -0.0140076 0.00167453 0.0140124 0.999901 -0.130878 0.0888525 -0.385303
FixedParameters: 0 0 0

#Transform 150
Transform: AffineTransform_float_3_3
Parameters: 0.999996 0.00245024 -0.00174769 -0.00247577 0.999886 -0.0148947 0.00171131 0.0148983 0.999887 -0.102026 0.128364 -0.426316
FixedParameters: 0 0 0

#Transform 151
Transform: AffineTransform_float_3_3
Parameters: 0.999996 0.00245439 -0.00154292 -0.00247561 0.999896 -0.0141642 0.00150808 0.0141688 0.999899 -0.111975 0.0951117 -0.372421
FixedParameters: 0 0 0

#Transform 152
Transform: AffineTransform_float_3_3
Parameters: 0.999995 0.00245132 -0.00172756 -0.00247568 0.999893 -0.0144308 0.00169244 0.0144352 0.999895 -0.113696 0.133326 -0.403863
FixedParameters: 0 0 0

#Transform 153
Transform: AffineTransform_float_3_3
Parameters: 0.999995 0.00245239 -0.00161738 -0.00247562 0.999888 -0.0147611 0.00158162 0.0147649 0.999889 -0.11983 0.0788254 -0.410125
FixedParameters: 0 0 0

#Transform 154
Transform: AffineTransform_float_3_3
Parameters: 0.999995 0.00244856 -0.00188421 -0.00247644 0.999889 -0.0147044 0.00184778 0.0147086 0.99989 -0.122195 0.0771943 -0.411436
FixedParameters: 0 0 0

#Transform 155
Transform: AffineTransform_float_3_3
Parameters: 0.999995 0.00245158 -0.00165672 -0.00247642 0.999886 -0.0149 0.00162027 0.014904 0.999887 -0.123202 0.10091 -0.407678
FixedParameters: 0 0 0

#Transform 156
Transform: AffineTransform_float_3_3
Parameters: 0.999995 0.00244696 -0.00198337 -0.00247603 0.999888 -0.0147732 0.00194663 0.0147788 0.999889 -0.122531 0.0876212 -0.387917
FixedParameters: 0 0 0

#Transform 157
Transform: AffineTransform_float_3_3
Parameters: 0.999995 0.00244584 -0.00198476 -0.00247617 0.99988 -0.0153402 0.00194724 0.0153448 0.999881 -0.123122 0.103032 -0.447184
FixedParameters: 0 0 0

#Transform 158
Transform: AffineTransform_float_3_3
Parameters: 0.999995 0.00244727 -0.001983 -0.00247573 0.99989 -0.0146192 0.00194701 0.0146238 0.999891 -0.127698 0.0753409 -0.38153
FixedParameters: 0 0 0

#Transform 159
Transform: AffineTransform_float_3_3
Parameters: 0.999995 0.00244557 -0.00198509 -0.00247643 0.999877 -0.0154762 0.0019469 0.0154808 0.999879 -0.134743 0.123159 -0.469405
FixedParameters: 0 0 0

#Transform 160
Transform: AffineTransform_float_3_3
Parameters: 0.999995 0.00244619 -0.00198432 -0.0024758 0.999882 -0.0151612 0.00194668 0.0151658 0.999883 -0.126531 0.126245 -0.403592
FixedParameters: 0 0 0

#Transform 161
Transform: AffineTransform_float_3_3
Parameters: 0.999995 0.00244537 -0.00198533 -0.00247562 0.999875 -0.0155732 0.00194667 0.0155788 0.999877 -0.126457 0.134718 -0.433337
FixedParameters: 0 0 0

#Transform 162
Transform: AffineTransform_float_3_3
Parameters: 0.999996 0.00244586 -0.00187009 -0.00247614 0.999865 -0.0162884 0.00182991 0.0162926 0.999865 -0.127736 0.120813 -0.475467
FixedParameters: 0 0 0

#Transform 163
Transform: AffineTransform_float_3_3
Parameters: 0.999995 0.00244587 -0.00198471 -0.00247613 0.999879 -0.0153211 0.00194729 0.0153258 0.99988 -0.130608 0.138438 -0.427727
FixedParameters: 0 0 0

#Transform 164
Transform: AffineTransform_float_3_3
Parameters: 0.999995 0.00244717 -0.00176761 -0.00247583 0.999861 -0.0164947 0.00172739 0.0164983 0.999863 -0.128957 0.101417 -0.50642
FixedParameters: 0 0 0

#Transform 165
Transform: AffineTransform_float_3_3
Parameters: 0.999995 0.00244614 -0.00198439 -0.00247586 0.999881 -0.0151892 0.00194661 0.0151938 0.999882 -0.126553 0.105743 -0.422097
FixedParameters: 0 0 0

#Transform 166
Transform: AffineTransform_float_3_3
Parameters: 0.999994 0.00244049 -0.00223637 -0.0024765 0.999868 -0.0160125 0.00219662 0.0160184 0.99987 -0.137015 0.120669 -0.480623
FixedParameters: 0 0 0

#Transform 167
Transform: AffineTransform_float_3_3
Parameters: 0.999995 0.00244623 -0.00190388 -0.00247577 0.999872 -0.0157944 0.00186513 0.0157986 0.999874 -0.127435 0.122086 -0.428552
FixedParameters: 0 0 0

#Transform 168
Transform: AffineTransform_float_3_3
Parameters: 0.999995 0.00244567 -0.00198496 -0.00247633 0.999878 -0.0154222 0.00194704 0.0154268 0.999879 -0.126523 0.108429 -0.43111
FixedParameters: 0 0 0

#Transform 169
Transform: AffineTransform_float_3_3
Parameters: 0.999995 0.00244333 -0.00198784 -0.00247567 0.999859 -0.0166012 0.00194716 0.0166068 0.99986 -0.123278 0.133433 -0.478665
FixedParameters: 0 0 0

#Transform 170
Transform: AffineTransform_float_3_3
Parameters: 0.999995 0.00244489 -0.00198593 -0.00247612 0.999872 -0.0158192 0.00194707 0.0158238 0.999873 -0.126573 0.0885051 -0.426756
FixedParameters: 0 0 0

#Transform 171
Transform: AffineTransform_float_3_3
Parameters: 0.999995 0.00244103 -0.00209347 -0.00247597 0.999854 -0.0168659 0.00205252 0.0168711 0.999855 -0.13302 0.126355 -0.506954
FixedParameters: 0 0 0

#Transform 172
Transform: AffineTransform_float_3_3
Parameters: 0.999995 0.0025425 -0.00198796 -0.0025745 0.999868 -0.016008 0.00194703 0.016013 0.99987 -0.128524 0.146385 -0.447317
FixedParameters: 0 0 0

#Transform 173
Transform: AffineTransform_float_3_3
Parameters: 0.999995 0.00244321 -0.002088 -0.0024758 0.999872 -0.0158509 0.00204901 0.0158561 0.999872 -0.125216 0.163395 -0.45913
FixedParameters: 0 0 0

#Transform 174
Transform: AffineTransform_float_3_3
Parameters: 0.999995 0.00244404 -0.00198697 -0.00247596 0.999865 -0.0162462 0.00194703 0.0162508 0.999866 -0.126408 0.118933 -0.475346
FixedParameters: 0 0 0

#Transform 175
Transform: AffineTransform_float_3_3
Parameters: 0.999995 0.00244561 -0.00198504 -0.00247639 0.999877 -0.0154551 0.00194695 0.0154598 0.999878 -0.126679 0.0742831 -0.394945
FixedParameters: 0 0 0

#Transform 176
Transform: AffineTransform_float_3_3
Parameters: 0.999995 0.00244408 -0.00198692 -0.00247592 0.999866 -0.0162242 0.00194708 0.0162299 0.999867 -0.135205 0.126972 -0.482781
FixedParameters: 0 0 0

#Transform 177
Transform: AffineTransform_float_3_3
Parameters: 0.999994 0.00244028 -0.00224643 -0.00247571 0.999869 -0.0160385 0.00220657 0.0160445 0.999869 -0.123812 0.116439 -0.340467
FixedParameters: 0 0 0

#Transform 178
Transform: AffineTransform_float_3_3
Parameters: 0.999993 0.00259904 -0.00244813 -0.00263897 0.999861 -0.0164637 0.00240587 0.0164704 0.999862 -0.137122 0.157538 -0.465683
FixedParameters: 0 0 0

#Transform 179
Transform: AffineTransform_float_3_3
Parameters: 0.999993 0.00260224 -0.00260634 -0.00264277 0.999873 -0.0157592 0.00256566 0.0157658 0.999873 -0.123144 0.158426 -0.355733
FixedParameters: 0 0 0

#Transform 180
Transform: AffineTransform_float_3_3
Parameters: 0.999993 0.00254929 -0.00266058 -0.0025937 0.999859 -0.0165572 0.00261741 0.0165638 0.99986 -0.127253 0.143699 -0.453844
FixedParameters: 0 0 0

#Transform 181
Transform: AffineTransform_float_3_3
Parameters: 0.999993 0.00243343 -0.00259656 -0.00247556 0.999861 -0.0165177 0.00255545 0.0165243 0.99986 -0.119697 0.0927595 -0.431552
FixedParameters: 0 0 0

#Transform 182
Transform: AffineTransform_float_3_3
Parameters: 0.999992 0.00275582 -0.00266236 -0.00279816 0.999868 -0.0159687 0.00261764 0.0159763 0.999869 -0.129355 0.174015 -0.418183
FixedParameters: 0 0 0

#Transform 183
Transform: AffineTransform_float_3_3
Parameters: 0.999994 0.00243269 -0.0025166 -0.00247632 0.999847 -0.0173539 0.00247439 0.0173601 0.999846 -0.120462 0.106611 -0.462619
FixedParameters: 0 0 0

#Transform 184
Transform: AffineTransform_float_3_3
Parameters: 0.999993 0.00283952 -0.00271915 -0.00288348 0.999866 -0.0161233 0.00267284 0.0161317 0.999867 -0.127038 0.134797 -0.357088
FixedParameters: 0 0 0

#Transform 185
Transform: AffineTransform_float_3_3
Parameters: 0.999993 0.00292905 -0.00260429 -0.00297295 0.999851 -0.0170364 0.00255371 0.0170436 0.999852 -0.136609 0.164267 -0.467577
FixedParameters: 0 0 0

#Transform 186
Transform: AffineTransform_float_3_3
Parameters: 0.999993 0.00267363 -0.00234191 -0.00271337 0.999845 -0.0174087 0.0022951 0.0174152 0.999845 -0.127566 0.149656 -0.466061
FixedParameters: 0 0 0

#Transform 187
Transform: AffineTransform_float_3_3
Parameters: 0.999993 0.00277269 -0.00252708 -0.00281331 0.99986 -0.016493 0.00248093 0.0165 0.999861 -0.135556 0.122894 -0.417115
FixedParameters: 0 0 0

#Transform 188
Transform: AffineTransform_float_3_3
Parameters: 0.999992 0.0028623 -0.0025197 -0.0029077 0.999835 -0.0179178 0.00246829 0.0179242 0.999837 -0.129719 0.0995267 -0.473326
FixedParameters: 0 0 0

#Transform 189
Transform: AffineTransform_float_3_3
