# transform file /out/sourcedata/freesurfer/sub-v2s2x29085_ses-1/mri/transforms/cc_up.lta
# created by oesteban on Thu Mar 12 23:54:42 2026

type      = 0 # LINEAR_VOX_TO_VOX
nxforms   = 1
mean      = 134.0000 136.0000 127.0000
sigma     = 10000.0000
1 4 4
9.967885017395020e-01 7.624693959951401e-02 -2.447647415101528e-02 -1.077905654907227e+01 
-7.622396200895309e-02 9.970889687538147e-01 1.871704938821495e-03 2.134725189208984e+01 
2.454793453216553e-02 -1.164153218269348e-10 9.996986985206604e-01 7.399735450744629e-01 
0.000000000000000e+00 0.000000000000000e+00 0.000000000000000e+00 1.000000000000000e+00 
src volume info
valid = 1  # volume info valid
filename = /out/sourcedata/freesurfer/sub-v2s2x29085_ses-1/mri/norm.mgz
volume = 256 256 256
voxelsize = 8.984375000000000e-01 8.984375000000000e-01 8.984375000000000e-01
xras   = -1.000000000000000e+00 0.000000000000000e+00 0.000000000000000e+00
yras   = 0.000000000000000e+00 0.000000000000000e+00 -9.999999403953552e-01
zras   = 0.000000000000000e+00 9.999999403953552e-01 0.000000000000000e+00
cras   = 4.488815307617188e+00 -2.146961212158203e+01 5.399154663085938e+00
dst volume info
valid = 1  # volume info valid
filename = /out/sourcedata/freesurfer/sub-v2s2x29085_ses-1/mri/norm.mgz
volume = 256 256 256
voxelsize = 8.984375000000000e-01 8.984375000000000e-01 8.984375000000000e-01
xras   = -1.000000000000000e+00 0.000000000000000e+00 0.000000000000000e+00
yras   = 0.000000000000000e+00 0.000000000000000e+00 -9.999999403953552e-01
zras   = 0.000000000000000e+00 9.999999403953552e-01 0.000000000000000e+00
cras   = 4.488815307617188e+00 -2.146961212158203e+01 5.399154663085938e+00
