# transform file /out/sourcedata/freesurfer/sub-v2s2x29064_ses-1/mri/transforms/cc_up.lta
# created by oesteban on Thu Mar 12 23:00:28 2026

type      = 0 # LINEAR_VOX_TO_VOX
nxforms   = 1
mean      = 131.0000 138.0000 118.0000
sigma     = 10000.0000
1 4 4
9.982588887214661e-01 4.532006010413170e-02 -3.775274753570557e-02 -3.568102359771729e+00 
-4.528768360614777e-02 9.989725351333618e-01 1.712716533802450e-03 1.288971900939941e+01 
3.779157623648643e-02 -1.164153218269348e-10 9.992856383323669e-01 1.611241531372070e+01 
0.000000000000000e+00 0.000000000000000e+00 0.000000000000000e+00 1.000000000000000e+00 
src volume info
valid = 1  # volume info valid
filename = /out/sourcedata/freesurfer/sub-v2s2x29064_ses-1/mri/norm.mgz
volume = 256 256 256
voxelsize = 8.984375596046448e-01 8.984375596046448e-01 8.984375596046448e-01
xras   = -1.000000000000000e+00 0.000000000000000e+00 0.000000000000000e+00
yras   = 0.000000000000000e+00 0.000000000000000e+00 -1.000000119209290e+00
zras   = 0.000000000000000e+00 1.000000000000000e+00 0.000000000000000e+00
cras   = 3.745834350585938e+00 -5.782646179199219e+00 3.381367492675781e+01
dst volume info
valid = 1  # volume info valid
filename = /out/sourcedata/freesurfer/sub-v2s2x29064_ses-1/mri/norm.mgz
volume = 256 256 256
voxelsize = 8.984375596046448e-01 8.984375596046448e-01 8.984375596046448e-01
xras   = -1.000000000000000e+00 0.000000000000000e+00 0.000000000000000e+00
yras   = 0.000000000000000e+00 0.000000000000000e+00 -1.000000119209290e+00
zras   = 0.000000000000000e+00 1.000000000000000e+00 0.000000000000000e+00
cras   = 3.745834350585938e+00 -5.782646179199219e+00 3.381367492675781e+01
