#Insight Transform File V1.0
#Transform 0
Transform: AffineTransform_float_3_3
Parameters: 1 -0.000394 -1.44992e-07 0.000394 1 0.000368 -1.44992e-07 -0.000368 1 0.0101705 0.000671462 -0.00421764
FixedParameters: 0 0 0

#Transform 1
Transform: AffineTransform_float_3_3
Parameters: 1 -0.000359 -1.436e-09 0.000359 1 4e-06 -1.436e-09 -4e-06 1 0.00734402 -0.0211177 -0.0232325
FixedParameters: 0 0 0

#Transform 2
Transform: AffineTransform_float_3_3
Parameters: 1 -0.000373 -1.35399e-07 0.000373 1 0.000363 -1.35399e-07 -0.000363 1 0.00752672 -0.0143622 -0.0506069
FixedParameters: 0 0 0

#Transform 3
Transform: AffineTransform_float_3_3
Parameters: 1 -0.000292013 7.69518e-05 0.000291987 1 0.000165022 -7.70482e-05 -0.000164977 1 0.00605738 -0.0187646 -0.000623352
FixedParameters: 0 0 0

#Transform 4
Transform: AffineTransform_float_3_3
Parameters: 1 -0.000312125 0.00032588 0.000311875 1 0.000383102 -0.000326119 -0.000382898 1 -0.000519002 -0.0158414 0.0194798
FixedParameters: 0 0 0

#Transform 5
Transform: AffineTransform_float_3_3
Parameters: 1 -0.000417182 0.000208637 0.000416818 0.999999 0.000871086 -0.000209363 -0.000870912 0.999999 0.00869138 -0.0385486 0.0294034
FixedParameters: 0 0 0

#Transform 6
Transform: AffineTransform_float_3_3
Parameters: 1 -0.000417115 0.000412884 0.000416885 1 0.000278172 -0.000413116 -0.000277828 1 0.0089847 0.00103325 0.022355
FixedParameters: 0 0 0

#Transform 7
Transform: AffineTransform_float_3_3
Parameters: 1 -0.000417098 0.000352884 0.000416902 1 0.000278147 -0.000353116 -0.000277853 1 0.00685468 -0.0192147 0.0436141
FixedParameters: 0 0 0

#Transform 8
Transform: AffineTransform_float_3_3
Parameters: 1 -0.000108989 0.000473002 0.000109011 1 -2.29484e-05 -0.000472997 2.30516e-05 1 0.00271232 0.0263739 0.0108711
FixedParameters: 0 0 0

#Transform 9
Transform: AffineTransform_float_3_3
Parameters: 1 -0.000213423 0.000412782 0.000212578 1 0.00102409 -0.000412218 -0.00102391 1 0.00485735 0.0305579 0.0600714
FixedParameters: 0 0 0

#Transform 10
Transform: AffineTransform_float_3_3
Parameters: 1 0.000170888 0.000413046 -0.000171112 1 0.000271929 -0.000412953 -0.000272071 1 -0.00304521 0.0293737 0.0168391
FixedParameters: 0 0 0

#Transform 11
Transform: AffineTransform_float_3_3
Parameters: 1 -0.000322183 0.000332822 0.000321817 1 0.000551107 -0.000332177 -0.000550893 1 0.00242148 0.0300381 0.0226711
FixedParameters: 0 0 0

#Transform 12
Transform: AffineTransform_float_3_3
Parameters: 1 -2.70516e-05 0.000119988 2.69484e-05 1 0.000430003 -0.000120012 -0.000429997 1 0.000611399 0.0297387 0.0202712
FixedParameters: 0 0 0

#Transform 13
Transform: AffineTransform_float_3_3
Parameters: 1 -1.50261e-05 0.000280999 1.49739e-05 1 9.30042e-05 -0.000281001 -9.29958e-05 1 0.0166976 0.0432314 -0.0030729
FixedParameters: 0 0 0

#Transform 14
Transform: AffineTransform_float_3_3
Parameters: 1 -0.00010908 0.000412979 0.00010892 1 0.000194045 -0.000413021 -0.000193955 1 0.0188705 0.0294984 0.0152409
FixedParameters: 0 0 0

#Transform 15
Transform: AffineTransform_float_3_3
Parameters: 1 0.00023602 8.99469e-05 -0.00023598 1 -0.000225021 -9.00531e-05 0.000224979 1 -0.0166887 0.0404804 0.00968658
FixedParameters: 0 0 0

#Transform 16
Transform: AffineTransform_float_3_3
Parameters: 1 0.000301921 0.000413057 -0.000302078 1 0.000189875 -0.000412942 -0.000190125 1 -0.0101415 -0.0336314 0.0241175
FixedParameters: 0 0 0

#Transform 17
Transform: AffineTransform_float_3_3
Parameters: 1 0.000301661 0.000413247 -0.000302338 0.999999 0.000819875 -0.000412752 -0.000820124 0.999999 -0.0163535 -0.000669628 0.0339951
FixedParameters: 0 0 0

#Transform 18
Transform: AffineTransform_float_3_3
Parameters: 1 0.000301899 0.000413074 -0.000302101 1 0.000243875 -0.000412926 -0.000244125 1 -0.00523223 0.0309167 0.0163506
FixedParameters: 0 0 0

#Transform 19
Transform: AffineTransform_float_3_3
Parameters: 1 0.000301907 0.000214132 -0.000302093 1 0.000435935 -0.000213868 -0.000436064 1 -0.00676275 0.0510258 0.0203294
FixedParameters: 0 0 0

#Transform 20
Transform: AffineTransform_float_3_3
Parameters: 1 0.000302 1.00127e-05 -0.000302 1 4.1997e-05 -9.98732e-06 -4.2003e-05 1 -0.00538504 -0.0224312 -0.00142474
FixedParameters: 0 0 0

#Transform 21
Transform: AffineTransform_float_3_3
Parameters: 1 0.000301997 1.00821e-05 -0.000302003 1 0.000271997 -9.91785e-06 -0.000272003 1 -0.00883457 -0.0195914 0.0600547
FixedParameters: 0 0 0

#Transform 22
Transform: AffineTransform_float_3_3
Parameters: 1 0.000301997 1.00776e-05 -0.000302003 1 0.000256997 -9.92238e-06 -0.000257003 1 -0.0176575 0.0248835 0.0203678
FixedParameters: 0 0 0

#Transform 23
Transform: AffineTransform_float_3_3
Parameters: 1 0.000154918 0.000171075 -0.000155082 1 0.000480973 -0.000170925 -0.000481026 1 -0.00304878 0.0351862 0.0623529
FixedParameters: 0 0 0

#Transform 24
Transform: AffineTransform_float_3_3
Parameters: 1 0.000235113 0.00033192 -0.000234887 1 -0.000341078 -0.00033208 0.000340922 1 -0.00463951 0.0439982 0.0320058
FixedParameters: 0 0 0

#Transform 25
Transform: AffineTransform_float_3_3
Parameters: 1 0.000302095 0.000429933 -0.000301905 1 -0.00022113 -0.000430067 0.00022087 1 0.0020991 -0.0009958 0.0447672
FixedParameters: 0 0 0

#Transform 26
Transform: AffineTransform_float_3_3
Parameters: 1 7.99925e-05 1.00599e-05 -8.00074e-05 0.999999 0.000748999 -9.94007e-06 -0.000749 0.999999 0.00322343 -0.0160878 0.0784023
FixedParameters: 0 0 0

#Transform 27
Transform: AffineTransform_float_3_3
Parameters: 1 0.000301887 0.000450076 -0.000302113 1 0.000251864 -0.000449924 -0.000251136 1 -0.00868495 0.0474988 0.0229845
FixedParameters: 0 0 0

#Transform 28
Transform: AffineTransform_float_3_3
Parameters: 1 9.19649e-05 0.000272012 -9.20351e-05 1 0.000128975 -0.000271988 -0.000129025 1 -0.00230606 0.0629495 0.0363645
FixedParameters: 0 0 0

#Transform 29
Transform: AffineTransform_float_3_3
Parameters: 1 -0.000106192 0.000449955 0.000105808 1 0.000427048 -0.000450045 -0.000426952 1 -0.000823687 0.0404482 0.0723206
FixedParameters: 0 0 0

#Transform 30
Transform: AffineTransform_float_3_3
Parameters: 1 -0.000106005 8.89943e-05 0.000105995 1 5.40094e-05 -8.90057e-05 -5.39906e-05 1 -0.0158604 -0.0231476 0.0427259
FixedParameters: 0 0 0

#Transform 31
Transform: AffineTransform_float_3_3
Parameters: 1 -0.00010605 8.89405e-05 0.00010595 1 0.000561009 -8.90594e-05 -0.00056099 1 -0.00716509 0.0498856 0.11045
FixedParameters: 0 0 0

#Transform 32
Transform: AffineTransform_float_3_3
Parameters: 1 -0.000106054 0.00018697 0.000105946 1 0.00028702 -0.00018703 -0.00028698 1 -0.00435789 0.0602798 0.0636587
FixedParameters: 0 0 0

#Transform 33
Transform: AffineTransform_float_3_3
Parameters: 1 -0.000106009 1.39299e-05 0.000105991 1 0.000661001 -1.40701e-05 -0.000660998 1 0.00343953 0.0229758 0.0634538
FixedParameters: 0 0 0

#Transform 34
Transform: AffineTransform_float_3_3
Parameters: 1 3.4989e-05 1.40275e-05 -3.5011e-05 0.999999 0.000785999 -1.39725e-05 -0.000786 0.999999 -0.00715322 0.0230323 0.0397041
FixedParameters: 0 0 0

#Transform 35
Transform: AffineTransform_float_3_3
Parameters: 1 0.000112991 1.40688e-05 -0.000113008 1 0.000608998 -1.39312e-05 -0.000609001 1 -0.00590712 0.0381273 0.0445046
FixedParameters: 0 0 0

#Transform 36
Transform: AffineTransform_float_3_3
Parameters: 1 0.000224991 1.4137e-05 -0.000225008 1 0.000608997 -1.3863e-05 -0.000609003 1 -0.0140435 0.0382159 0.0315677
FixedParameters: 0 0 0

#Transform 37
Transform: AffineTransform_float_3_3
Parameters: 1 0.000222034 -9.49203e-05 -0.000221966 1 0.000359021 9.50797e-05 -0.000358979 1 -0.0171588 0.00593197 0.0782357
FixedParameters: 0 0 0

#Transform 38
Transform: AffineTransform_float_3_3
Parameters: 1 0.000199992 1.41168e-05 -0.000200008 1 0.000583997 -1.38832e-05 -0.000584003 1 -0.0177567 -0.0180528 0.112164
FixedParameters: 0 0 0

#Transform 39
Transform: AffineTransform_float_3_3
Parameters: 1 0.000515014 -8.19093e-05 -0.000514985 1 0.000176042 8.20906e-05 -0.000175958 1 -0.0162121 0.027894 0.0783761
FixedParameters: 0 0 0

#Transform 40
Transform: AffineTransform_float_3_3
Parameters: 1 9.99887e-05 1.40802e-05 -0.000100011 0.999999 0.000801998 -1.39198e-05 -0.000802001 0.999999 -0.00589756 0.0056078 0.0963943
FixedParameters: 0 0 0

#Transform 41
Transform: AffineTransform_float_3_3
Parameters: 1 0.000100075 -0.000469984 -0.000100925 1 0.000159047 0.000470016 -0.000158953 1 -0.00850743 -0.0177241 0.0478898
FixedParameters: 0 0 0

#Transform 42
Transform: AffineTransform_float_3_3
Parameters: 1 0.000100115 -0.000173934 -0.000100885 1 0.000662017 0.000174067 -0.000661982 1 -0.00465122 0.0194573 0.0777197
FixedParameters: 0 0 0

#Transform 43
Transform: AffineTransform_float_3_3
Parameters: 1 0.000646915 0.000128428 -0.000647084 0.999999 0.000661917 -0.000127572 -0.000661082 1 -0.0240495 0.027593 0.0545388
FixedParameters: 0 0 0

#Transform 44
Transform: AffineTransform_float_3_3
Parameters: 1 9.99479e-05 0.000106049 -0.000100052 1 0.000490989 -0.000105951 -0.00049101 1 0.000608582 0.0276265 0.0709927
FixedParameters: 0 0 0

#Transform 45
Transform: AffineTransform_float_3_3
Parameters: 1 0.000100165 -0.000249934 -0.000100834 1 0.000662025 0.000250067 -0.000661975 0.999999 -0.0136669 0.0369076 0.0828806
FixedParameters: 0 0 0

#Transform 46
Transform: AffineTransform_float_3_3
Parameters: 1 0.000100097 -0.000469979 -0.000100903 1 0.000206047 0.000470021 -0.000205953 1 -0.000560347 0.0569655 0.0593405
FixedParameters: 0 0 0

#Transform 47
Transform: AffineTransform_float_3_3
Parameters: 1 0.000614035 -0.000170873 -0.000613964 1 0.000206105 0.000171126 -0.000205895 1 -0.0185411 0.0519945 0.0591998
FixedParameters: 0 0 0

#Transform 48
Transform: AffineTransform_float_3_3
Parameters: 0.999999 0.000710046 -6.45015e-05 -0.000709955 1 0.000702046 6.44984e-05 -0.000701955 1 -0.0173164 0.0644325 0.0443053
FixedParameters: 0 0 0

#Transform 49
Transform: AffineTransform_float_3_3
Parameters: 0.999999 0.000709998 9.14626e-06 -0.000710001 0.999999 0.000205993 -8.85374e-06 -0.000206006 1 -0.0364794 0.0439138 0.0293384
FixedParameters: 0 0 0

#Transform 50
Transform: AffineTransform_float_3_3
Parameters: 0.999999 0.000710449 -0.000553423 -0.00071055 0.999999 0.000812394 0.000553578 -0.000812607 1 -0.0408297 0.0972283 0.00580601
FixedParameters: 0 0 0

#Transform 51
Transform: AffineTransform_float_3_3
Parameters: 1 0.000305046 -0.000164915 -0.000304954 1 0.00027705 0.000165084 -0.00027695 1 -0.0320731 -0.0172285 0.0314168
FixedParameters: 0 0 0

#Transform 52
Transform: AffineTransform_float_3_3
Parameters: 0.999999 0.000600562 -0.000498323 -0.000599437 0.999999 0.0011273 0.000499676 -0.0011267 0.999999 -0.0506314 0.0673958 -0.00759988
FixedParameters: 0 0 0

#Transform 53
Transform: AffineTransform_float_3_3
Parameters: 1 0.000306074 -0.000439948 -0.000305926 1 0.000168135 0.000439051 -0.000167866 1 -0.011919 0.0410547 -0.00406463
FixedParameters: 0 0 0

#Transform 54
Transform: AffineTransform_float_3_3
Parameters: 1 0.000306068 -0.000164874 -0.000305932 1 0.00041105 0.000165126 -0.000410949 1 -0.0115272 0.011661 -0.00115317
FixedParameters: 0 0 0

#Transform 55
Transform: AffineTransform_float_3_3
Parameters: 1 0.000542576 -0.000344093 -0.000542424 0.999998 0.00167219 0.000344907 -0.00167181 0.999998 -0.0098035 -0.000181252 0.125768
FixedParameters: 0 0 0

#Transform 56
Transform: AffineTransform_float_3_3
Parameters: 0.999998 0.00119079 -0.00153283 -0.00118821 0.999997 0.00182182 0.00153517 -0.00182017 0.999997 -0.0714406 -0.0287479 -0.0961835
FixedParameters: 0 0 0

#Transform 57
Transform: AffineTransform_float_3_3
Parameters: 1 0.00111923 -0.0001351 -0.00111877 0.999998 0.00169815 0.000137901 -0.00169885 0.999998 -0.0825385 -0.00985835 0.0332531
FixedParameters: 0 0 0

#Transform 58
Transform: AffineTransform_float_3_3
Parameters: 1 0.00050384 -0.000405198 -0.000504159 1 -0.000393796 0.000404801 0.000394204 1 -0.0436192 0.0898073 0.101808
FixedParameters: 0 0 0

#Transform 59
Transform: AffineTransform_float_3_3
Parameters: 0.999999 0.000503524 -0.000537447 -0.000503476 1 -0.00088673 0.000536554 0.000887271 1 -0.0316764 0.0046273 0.0360082
FixedParameters: 0 0 0

#Transform 60
Transform: AffineTransform_float_3_3
Parameters: 1 0.000504024 -0.000421971 -0.000503976 1 5.72127e-05 0.000422029 -5.67873e-05 1 -0.0427817 0.0174838 0.0730025
FixedParameters: 0 0 0

#Transform 61
Transform: AffineTransform_float_3_3
Parameters: 1 0.000924147 -0.000554755 -0.000923853 0.999999 0.000265512 0.000555246 -0.000265487 1 -0.0508735 0.0439024 0.0348493
FixedParameters: 0 0 0

#Transform 62
Transform: AffineTransform_float_3_3
Parameters: 1 0.00108999 -0.000520015 -0.00109001 1 -1.34332e-05 0.000519986 1.35668e-05 1 -0.0648746 0.0371664 0.0206788
FixedParameters: 0 0 0

#Transform 63
Transform: AffineTransform_float_3_3
Parameters: 0.999999 0.00094226 -0.000795691 -0.000941739 0.999999 0.000327749 0.000796308 -0.00032725 0.999999 -0.0355785 -0.0154736 0.0495046
FixedParameters: 0 0 0

#Transform 64
Transform: AffineTransform_float_3_3
Parameters: 0.999999 0.000503751 -0.000743169 -0.000504249 1 -0.000335625 0.00074283 0.000335374 0.999999 -0.0266753 -0.0161913 0.0297573
FixedParameters: 0 0 0

#Transform 65
Transform: AffineTransform_float_3_3
Parameters: 0.999998 0.00161849 -0.00125323 -0.00161351 0.999993 0.00357303 0.00125877 -0.00357097 0.999993 -0.10769 0.00134541 -0.0166375
FixedParameters: 0 0 0

#Transform 66
Transform: AffineTransform_float_3_3
Parameters: 1 -4.24623e-05 0.000116833 4.25371e-05 0.999992 0.00395401 -0.000117169 -0.003954 0.999992 -0.278659 -0.0601803 -0.220398
FixedParameters: 0 0 0

#Transform 67
Transform: AffineTransform_float_3_3
Parameters: 1 -0.000698219 -0.000997916 0.000707783 0.999952 0.00983531 0.000991087 -0.0098357 0.999951 -0.143282 -0.130705 -0.356248
FixedParameters: 0 0 0

#Transform 68
Transform: AffineTransform_float_3_3
Parameters: 0.999999 0.000870745 -0.00122724 -0.000863256 0.999984 0.00548606 0.00123175 -0.00548493 0.999984 -0.131433 -0.0870158 -0.0653461
FixedParameters: 0 0 0

#Transform 69
Transform: AffineTransform_float_3_3
Parameters: 0.999998 0.000996848 -0.00184525 -0.000988148 0.999988 0.00478983 0.00185075 -0.00478816 0.999987 -0.0639303 0.0804294 -0.0738433
FixedParameters: 0 0 0

#Transform 70
Transform: AffineTransform_float_3_3
Parameters: 0.999997 2.97129e-05 -0.00218795 -2.52868e-05 0.999998 0.00169706 0.00218805 -0.00169694 0.999996 -0.000100531 0.0999811 -0.172803
FixedParameters: 0 0 0

#Transform 71
Transform: AffineTransform_float_3_3
Parameters: 0.999997 0.000320856 -0.00236435 -0.000316143 0.999998 0.00205475 0.00236465 -0.00205325 0.999995 -0.0290137 0.111731 -0.213335
FixedParameters: 0 0 0

#Transform 72
Transform: AffineTransform_float_3_3
Parameters: 0.999996 4.30563e-05 -0.00263891 -3.69432e-05 0.999998 0.00229511 0.00263909 -0.00229489 0.999994 -0.0249789 0.12888 -0.194413
FixedParameters: 0 0 0

#Transform 73
Transform: AffineTransform_float_3_3
Parameters: 0.999996 7.47023e-05 -0.00260082 -6.72993e-05 0.999996 0.00257618 0.00260118 -0.00257681 0.999994 -0.0229775 0.162365 -0.218205
FixedParameters: 0 0 0

#Transform 74
Transform: AffineTransform_float_3_3
Parameters: 0.999996 8.89499e-05 -0.00278779 -8.20517e-05 0.999997 0.00249224 0.00278821 -0.00249276 0.999993 -0.020756 0.158707 -0.234283
FixedParameters: 0 0 0

#Transform 75
Transform: AffineTransform_float_3_3
Parameters: 0.999995 -0.000155002 -0.00312846 0.000163998 0.999996 0.0028755 0.00312854 -0.0028765 0.999991 -0.0187389 0.0401865 -0.236502
FixedParameters: 0 0 0

#Transform 76
Transform: AffineTransform_float_3_3
Parameters: 0.999997 -0.000235738 -0.00270255 0.000242264 0.999998 0.00231735 0.00270245 -0.00231765 0.999993 -0.00882409 0.0756022 -0.197989
FixedParameters: 0 0 0

#Transform 77
Transform: AffineTransform_float_3_3
Parameters: 0.999996 -0.000151999 -0.00277828 0.000157002 0.999999 0.00180057 0.00277772 -0.00180043 0.999994 0.00315466 0.0868096 -0.186155
FixedParameters: 0 0 0

#Transform 78
Transform: AffineTransform_float_3_3
Parameters: 0.999996 8.5486e-05 -0.00277787 -8.05131e-05 0.999998 0.00161523 0.00277813 -0.00161477 0.999995 -0.0428424 0.0483736 -0.18989
FixedParameters: 0 0 0

#Transform 79
Transform: AffineTransform_float_3_3
Parameters: 0.999996 -0.000130474 -0.00277817 0.000133527 0.999999 0.00126963 0.00277783 -0.00126937 0.999996 -0.0176797 -0.0262013 -0.15976
FixedParameters: 0 0 0

#Transform 80
Transform: AffineTransform_float_3_3
Parameters: 0.999996 0.000122853 -0.00277783 -0.000119149 0.999999 0.00138634 0.00277817 -0.00138666 0.999995 -0.0394792 0.0683566 -0.197935
FixedParameters: 0 0 0

#Transform 81
Transform: AffineTransform_float_3_3
Parameters: 0.999997 7.2823e-05 -0.00236289 -6.91787e-05 0.999998 0.00161717 0.00236312 -0.00161783 0.999996 -0.0221108 0.0499757 -0.105164
FixedParameters: 0 0 0

#Transform 82
Transform: AffineTransform_float_3_3
Parameters: 0.999997 0.000512419 -0.0024417 -0.000511582 0.999999 0.000581251 0.0024423 -0.00058075 0.999997 -0.0344946 0.0662356 -0.165408
FixedParameters: 0 0 0

#Transform 83
Transform: AffineTransform_float_3_3
Parameters: 0.999998 0.000313808 -0.00199856 -0.00031119 0.999999 0.00140562 0.00199944 -0.00140438 0.999997 -0.0468678 0.0490267 -0.0998071
FixedParameters: 0 0 0

#Transform 84
Transform: AffineTransform_float_3_3
Parameters: 0.999998 0.000314728 -0.00205843 -0.000310274 0.999999 0.00181064 0.00205857 -0.00181036 0.999996 -0.0468913 0.0450507 -0.149566
FixedParameters: 0 0 0

#Transform 85
Transform: AffineTransform_float_3_3
Parameters: 0.999998 0.000248631 -0.0022166 -0.000244372 0.999998 0.00163755 0.0022164 -0.00163745 0.999996 -0.0457802 0.0236375 -0.108653
FixedParameters: 0 0 0

#Transform 86
Transform: AffineTransform_float_3_3
Parameters: 0.999998 6.04068e-05 -0.00228794 -5.75928e-05 0.999999 0.00105213 0.00228806 -0.00105186 0.999997 -0.0326989 0.0473035 -0.145531
FixedParameters: 0 0 0

#Transform 87
Transform: AffineTransform_float_3_3
Parameters: 0.999997 2.37357e-05 -0.00221697 -2.12641e-05 0.999999 0.00123405 0.00221703 -0.00123395 0.999997 -0.0413082 0.0368086 -0.0983221
FixedParameters: 0 0 0

#Transform 88
Transform: AffineTransform_float_3_3
Parameters: 0.999997 0.000176576 -0.00221687 -0.000175426 0.999999 0.000710391 0.00221612 -0.00071061 0.999998 -0.0228001 0.0965165 -0.131772
FixedParameters: 0 0 0

#Transform 89
Transform: AffineTransform_float_3_3
Parameters: 0.999997 1.74564e-05 -0.00221698 -1.55435e-05 1 0.00110804 0.00221702 -0.00110796 0.999997 -0.0332693 0.0671345 -0.0782846
FixedParameters: 0 0 0

#Transform 90
Transform: AffineTransform_float_3_3
Parameters: 0.999997 0.000129075 -0.00221688 -0.000126925 0.999999 0.000936283 0.00221612 -0.000935716 0.999997 -0.0392632 0.0709489 -0.136249
FixedParameters: 0 0 0

#Transform 91
Transform: AffineTransform_float_3_3
Parameters: 0.999997 -9.41284e-06 -0.00221702 1.25871e-05 0.999998 0.00161798 0.00221698 -0.00161802 0.999996 -0.0245436 -0.018837 -0.0767029
FixedParameters: 0 0 0

#Transform 92
Transform: AffineTransform_float_3_3
Parameters: 0.999998 -0.000123102 -0.00221716 0.000125897 0.999999 0.00130672 0.00221684 -0.00130728 0.999996 -0.0200242 0.0548277 -0.11178
FixedParameters: 0 0 0

#Transform 93
Transform: AffineTransform_float_3_3
Parameters: 0.999997 -0.000232744 -0.00221734 0.000236254 0.999999 0.00146748 0.00221666 -0.00146852 0.999997 -0.0109104 0.0169309 -0.0798319
FixedParameters: 0 0 0

#Transform 94
Transform: AffineTransform_float_3_3
Parameters: 0.999999 0.000218324 -0.0014991 -0.000219676 1 -0.000450671 0.0014999 0.000451328 0.999999 -0.02879 0.020056 -0.257214
FixedParameters: 0 0 0

#Transform 95
Transform: AffineTransform_float_3_3
Parameters: 0.999994 0.00156089 -0.00286981 -0.00154212 0.999977 0.00657246 0.00287919 -0.00656754 0.999975 -0.131862 -0.0872131 0.212236
FixedParameters: 0 0 0

#Transform 96
Transform: AffineTransform_float_3_3
Parameters: 0.999988 -0.0028479 -0.00397178 0.0029561 0.999618 0.0274806 0.00389222 -0.0274924 0.999615 0.0366857 0.0600967 -2.41671
FixedParameters: 0 0 0

#Transform 97
Transform: AffineTransform_float_3_3
Parameters: 0.999994 -0.00283185 -0.00194864 0.00287016 0.999798 0.0198635 0.00189236 -0.0198685 0.999801 0.158828 0.433917 -1.38876
FixedParameters: 0 0 0

#Transform 98
Transform: AffineTransform_float_3_3
Parameters: 0.999992 -0.00305896 -0.0028421 0.00313503 0.999626 0.0271463 0.0027579 -0.0271547 0.999628 0.170172 0.350707 -1.55373
FixedParameters: 0 0 0

#Transform 99
Transform: AffineTransform_float_3_3
Parameters: 0.999989 -0.00367277 -0.00314883 0.00375223 0.999667 0.0255345 0.00305416 -0.0255465 0.999669 0.217505 0.325546 -0.997517
FixedParameters: 0 0 0

#Transform 100
Transform: AffineTransform_float_3_3
Parameters: 0.999987 -0.00352243 -0.00353311 0.00360156 0.999741 0.0224825 0.00345288 -0.0224944 0.999741 0.267392 0.305094 -0.907936
FixedParameters: 0 0 0

#Transform 101
Transform: AffineTransform_float_3_3
Parameters: 0.999984 -0.00371131 -0.00424072 0.0038187 0.999663 0.0256742 0.0041443 -0.0256898 0.999662 0.221016 0.347018 -0.817046
FixedParameters: 0 0 0

#Transform 102
Transform: AffineTransform_float_3_3
Parameters: 0.999983 -0.00385169 -0.00422822 0.0039603 0.99965 0.0261557 0.00412579 -0.0261723 0.999649 0.253018 0.316986 -0.642205
FixedParameters: 0 0 0

#Transform 103
Transform: AffineTransform_float_3_3
Parameters: 0.999983 -0.00348117 -0.00468546 0.00360185 0.99966 0.0258156 0.00459452 -0.0258314 0.999655 0.236748 0.316677 -0.636049
FixedParameters: 0 0 0

#Transform 104
Transform: AffineTransform_float_3_3
Parameters: 0.999981 -0.00347272 -0.00496719 0.0036013 0.999654 0.0260536 0.0048758 -0.0260704 0.999648 0.227632 0.319698 -0.522524
FixedParameters: 0 0 0

#Transform 105
Transform: AffineTransform_float_3_3
Parameters: 0.99998 -0.00346849 -0.00516548 0.00360152 0.999659 0.0258679 0.0050745 -0.0258861 0.999652 0.226494 0.348586 -0.463393
FixedParameters: 0 0 0

#Transform 106
Transform: AffineTransform_float_3_3
Parameters: 0.99998 -0.00358084 -0.00525159 0.00371217 0.999671 0.025376 0.00515943 -0.025395 0.999664 0.233025 0.266912 -0.48296
FixedParameters: 0 0 0

#Transform 107
Transform: AffineTransform_float_3_3
Parameters: 0.999977 -0.00370776 -0.00578573 0.00385625 0.999659 0.0258253 0.00568827 -0.0258467 0.999649 0.241416 0.343492 -0.392027
FixedParameters: 0 0 0

#Transform 108
Transform: AffineTransform_float_3_3
Parameters: 0.99998 -0.0031405 -0.00535949 0.00327349 0.99968 0.0250849 0.00527852 -0.0251021 0.999671 0.223601 0.294274 -0.424485
FixedParameters: 0 0 0

#Transform 109
Transform: AffineTransform_float_3_3
Parameters: 0.999979 -0.00344052 -0.00549023 0.00358547 0.999641 0.0265259 0.00539676 -0.0265451 0.999633 0.229101 0.356291 -0.361901
FixedParameters: 0 0 0

#Transform 110
Transform: AffineTransform_float_3_3
Parameters: 0.999977 -0.00340834 -0.00573955 0.00355764 0.999648 0.0262692 0.00564746 -0.0262888 0.999639 0.232254 0.329633 -0.372061
FixedParameters: 0 0 0

#Transform 111
Transform: AffineTransform_float_3_3
Parameters: 0.999977 -0.00336552 -0.00589428 0.00350847 0.999693 0.0245039 0.00580974 -0.0245241 0.999683 0.238839 0.356936 -0.378612
FixedParameters: 0 0 0

#Transform 112
Transform: AffineTransform_float_3_3
Parameters: 0.999975 -0.00357884 -0.00619374 0.00372017 0.99973 0.0229315 0.00611026 -0.0229545 0.999718 0.234628 0.346211 -0.989627
FixedParameters: 0 0 0

#Transform 113
Transform: AffineTransform_float_3_3
Parameters: 0.999977 -0.00348864 -0.00569435 0.00358937 0.999833 0.0178879 0.00563166 -0.017908 0.999824 0.208377 0.408472 -1.68985
FixedParameters: 0 0 0

#Transform 114
Transform: AffineTransform_float_3_3
Parameters: 0.999979 -0.00411307 -0.00495984 0.00420392 0.99982 0.0184645 0.00488217 -0.0184845 0.999817 0.251726 0.398735 -2.03608
FixedParameters: 0 0 0

#Transform 115
Transform: AffineTransform_float_3_3
Parameters: 0.999975 -0.00369891 -0.00600903 0.00381509 0.999804 0.0194246 0.00593597 -0.0194474 0.999794 0.240454 0.30312 -1.49952
FixedParameters: 0 0 0

#Transform 116
Transform: AffineTransform_float_3_3
Parameters: 0.999973 -0.00407816 -0.00609905 0.00420384 0.999775 0.0207639 0.00601295 -0.0207891 0.999766 0.253343 0.377719 -1.33362
FixedParameters: 0 0 0

#Transform 117
Transform: AffineTransform_float_3_3
Parameters: 0.999973 -0.00371096 -0.00623488 0.00384204 0.999769 0.0211386 0.00615511 -0.0211624 0.999757 0.245274 0.315945 -1.27827
FixedParameters: 0 0 0

#Transform 118
Transform: AffineTransform_float_3_3
Parameters: 0.999971 -0.00390648 -0.006569 0.00404652 0.999763 0.021362 0.00648399 -0.021388 0.99975 0.242816 0.312939 -1.23959
FixedParameters: 0 0 0

#Transform 119
Transform: AffineTransform_float_3_3
Parameters: 0.999971 -0.00392597 -0.00642364 0.00406904 0.99974 0.0224075 0.00633436 -0.0224325 0.999729 0.24195 0.318634 -1.00924
FixedParameters: 0 0 0

#Transform 120
Transform: AffineTransform_float_3_3
Parameters: 0.999967 -0.00405003 -0.00704972 0.00420396 0.99975 0.0219651 0.00695828 -0.0219939 0.999734 0.244369 0.333829 -1.05153
FixedParameters: 0 0 0

#Transform 121
Transform: AffineTransform_float_3_3
Parameters: 0.999977 -0.0034514 -0.00581911 0.0035756 0.999766 0.0213657 0.00574388 -0.0213853 0.999755 0.250203 0.327311 -1.0122
FixedParameters: 0 0 0

#Transform 122
Transform: AffineTransform_float_3_3
Parameters: 0.999972 -0.00377695 -0.00656479 0.00391903 0.999755 0.0217609 0.0064802 -0.0217861 0.999741 0.23916 0.400405 -1.01216
FixedParameters: 0 0 0

#Transform 123
Transform: AffineTransform_float_3_3
Parameters: 0.999974 -0.00387522 -0.00608923 0.00400878 0.999748 0.0221142 0.00600177 -0.0221378 0.999737 0.257383 0.381529 -0.971827
FixedParameters: 0 0 0

#Transform 124
Transform: AffineTransform_float_3_3
Parameters: 0.999976 -0.00373551 -0.00581621 0.00386148 0.999753 0.0218901 0.00573281 -0.0219119 0.999744 0.255361 0.34149 -0.829537
FixedParameters: 0 0 0

#Transform 125
Transform: AffineTransform_float_3_3
Parameters: 0.999974 -0.00398053 -0.00592436 0.00410848 0.999753 0.0218322 0.00583664 -0.0218568 0.999744 0.268785 0.325208 -0.792686
FixedParameters: 0 0 0

#Transform 126
Transform: AffineTransform_float_3_3
Parameters: 0.999974 -0.00382708 -0.00600317 0.00395891 0.999747 0.0221188 0.00591683 -0.0221422 0.999738 0.255602 0.365663 -0.813908
FixedParameters: 0 0 0

#Transform 127
Transform: AffineTransform_float_3_3
Parameters: 0.999976 -0.00358359 -0.00590469 0.00370742 0.999772 0.0210246 0.0058283 -0.0210454 0.999761 0.251713 0.360929 -0.97002
FixedParameters: 0 0 0

#Transform 128
Transform: AffineTransform_float_3_3
Parameters: 0.999979 -0.00359775 -0.00549412 0.00370726 0.999793 0.0200071 0.00542088 -0.0200269 0.999784 0.254775 0.406476 -1.43567
FixedParameters: 0 0 0

#Transform 129
Transform: AffineTransform_float_3_3
Parameters: 0.999971 -0.00408938 -0.00639345 0.00421464 0.999799 0.0196026 0.00631255 -0.0196284 0.999788 0.268799 0.316583 -1.31845
FixedParameters: 0 0 0

#Transform 130
Transform: AffineTransform_float_3_3
Parameters: 0.999975 -0.00395378 -0.00576882 0.00406522 0.999803 0.019396 0.00569117 -0.019419 0.999795 0.260283 0.324971 -1.19264
FixedParameters: 0 0 0

#Transform 131
Transform: AffineTransform_float_3_3
Parameters: 0.99997 -0.00401293 -0.00652854 0.00413807 0.999806 0.0192576 0.00645045 -0.0192845 0.999793 0.263001 0.320667 -1.11751
FixedParameters: 0 0 0

#Transform 132
Transform: AffineTransform_float_3_3
Parameters: 0.999975 -0.00410147 -0.00584659 0.00421455 0.999803 0.0193679 0.00576641 -0.0193911 0.999796 0.262343 0.343026 -1.04955
FixedParameters: 0 0 0

#Transform 133
Transform: AffineTransform_float_3_3
Parameters: 0.999988 -0.00257855 -0.00401911 0.00266045 0.999784 0.0206465 0.0039649 -0.0206565 0.999779 0.230324 0.202831 -0.466481
FixedParameters: 0 0 0

#Transform 134
Transform: AffineTransform_float_3_3
Parameters: 0.999989 -0.00291364 -0.00379142 0.00300835 0.99968 0.0251259 0.00371657 -0.0251371 0.999677 0.236136 0.366739 -0.229135
FixedParameters: 0 0 0

#Transform 135
Transform: AffineTransform_float_3_3
Parameters: 0.99999 -0.00309677 -0.00344192 0.00317724 0.999718 0.0235563 0.00336807 -0.0235667 0.999716 0.258672 0.357891 -0.200325
FixedParameters: 0 0 0

#Transform 136
Transform: AffineTransform_float_3_3
Parameters: 0.999987 -0.00351573 -0.00354435 0.00359326 0.99975 0.0220355 0.00346564 -0.0220475 0.999751 0.274148 0.417333 -0.25351
FixedParameters: 0 0 0

#Transform 137
Transform: AffineTransform_float_3_3
Parameters: 0.999984 -0.00372634 -0.00421818 0.00381266 0.999778 0.0207272 0.00413984 -0.0207428 0.999777 0.287607 0.378135 -0.33289
FixedParameters: 0 0 0

#Transform 138
Transform: AffineTransform_float_3_3
Parameters: 0.999988 -0.00374771 -0.00320008 0.00381228 0.999779 0.020645 0.00312194 -0.0206569 0.999781 0.272791 0.396877 -0.529325
FixedParameters: 0 0 0

#Transform 139
Transform: AffineTransform_float_3_3
Parameters: 0.999983 -0.00395595 -0.00418895 0.00404304 0.999771 0.0209794 0.00410505 -0.0209956 0.999771 0.287561 0.427761 -0.540452
FixedParameters: 0 0 0

#Transform 140
Transform: AffineTransform_float_3_3
Parameters: 0.999981 -0.00372231 -0.00479479 0.00381269 0.999812 0.0190451 0.00472321 -0.0190629 0.999807 0.27192 0.334691 -0.738272
FixedParameters: 0 0 0

#Transform 141
Transform: AffineTransform_float_3_3
Parameters: 0.999981 -0.00372669 -0.0049186 0.00381231 0.999837 0.0176556 0.00485241 -0.0176744 0.999832 0.276402 0.351014 -0.82863
FixedParameters: 0 0 0

#Transform 142
Transform: AffineTransform_float_3_3
Parameters: 0.999982 -0.00372817 -0.00466705 0.00381284 0.999825 0.0183025 0.00459795 -0.0183195 0.999821 0.272305 0.362934 -0.799639
FixedParameters: 0 0 0

#Transform 143
Transform: AffineTransform_float_3_3
Parameters: 0.999985 -0.00362499 -0.00411985 0.00369301 0.999855 0.016621 0.00405915 -0.016636 0.999854 0.297089 0.344988 -0.862022
FixedParameters: 0 0 0

#Transform 144
Transform: AffineTransform_float_3_3
Parameters: 0.999982 -0.00372559 -0.00474199 0.00381241 0.99982 0.0185592 0.00467201 -0.0185767 0.999816 0.309333 0.365602 -0.783554
FixedParameters: 0 0 0

#Transform 145
Transform: AffineTransform_float_3_3
Parameters: 0.999982 -0.0033314 -0.00487335 0.0034176 0.999835 0.0178727 0.00481266 -0.0178884 0.999829 0.256691 0.389251 -0.825994
FixedParameters: 0 0 0

#Transform 146
Transform: AffineTransform_float_3_3
Parameters: 0.999981 -0.00338872 -0.00528235 0.00348129 0.99984 0.0175599 0.00522264 -0.017578 0.999832 0.261234 0.328974 -0.839363
FixedParameters: 0 0 0

#Transform 147
Transform: AffineTransform_float_3_3
Parameters: 0.999983 -0.00311209 -0.0049474 0.00319993 0.999836 0.0178625 0.0048916 -0.0178775 0.999828 0.252927 0.306542 -0.897443
FixedParameters: 0 0 0

#Transform 148
Transform: AffineTransform_float_3_3
Parameters: 0.999986 -0.00326695 -0.0043131 0.00334105 0.999845 0.0172738 0.0042559 -0.0172882 0.999841 0.257285 0.326448 -1.05755
FixedParameters: 0 0 0

#Transform 149
Transform: AffineTransform_float_3_3
Parameters: 0.999985 -0.00356929 -0.00401719 0.0036247 0.999896 0.0139466 0.00396681 -0.0139604 0.999894 0.264784 0.32104 -1.39698
FixedParameters: 0 0 0

#Transform 150
Transform: AffineTransform_float_3_3
Parameters: 0.999989 -0.000587756 -0.00452234 0.000675237 0.999809 0.0195361 0.00450967 -0.0195389 0.999799 0.117359 0.310806 -1.21285
FixedParameters: 0 0 0

#Transform 151
Transform: AffineTransform_float_3_3
Parameters: 0.999992 -0.00169994 -0.00374475 0.00176407 0.999851 0.0171705 0.00371525 -0.0171765 0.999845 0.172312 0.188837 -0.700223
FixedParameters: 0 0 0

#Transform 152
Transform: AffineTransform_float_3_3
Parameters: 0.99999 -0.00215513 -0.00408633 0.00221886 0.999874 0.0156901 0.00405167 -0.0156989 0.999868 0.193794 0.272557 -0.644076
FixedParameters: 0 0 0

#Transform 153
Transform: AffineTransform_float_3_3
Parameters: 0.999989 -0.00192239 -0.00416936 0.0019886 0.99987 0.0160309 0.00413764 -0.0160391 0.999863 0.189184 0.3043 -0.681704
FixedParameters: 0 0 0

#Transform 154
Transform: AffineTransform_float_3_3
Parameters: 0.999989 -0.00198224 -0.00428552 0.00204877 0.999875 0.0156314 0.00425448 -0.0156396 0.999868 0.190434 0.304789 -0.724342
FixedParameters: 0 0 0

#Transform 155
Transform: AffineTransform_float_3_3
Parameters: 0.999989 -0.00190383 -0.00427753 0.00197117 0.999874 0.0157527 0.00424747 -0.0157613 0.999867 0.184111 0.264154 -0.691013
FixedParameters: 0 0 0

#Transform 156
Transform: AffineTransform_float_3_3
Parameters: 0.999988 -0.00189856 -0.00451384 0.00196844 0.999879 0.0154293 0.00448415 -0.0154387 0.999871 0.176995 0.295453 -0.736252
FixedParameters: 0 0 0

#Transform 157
Transform: AffineTransform_float_3_3
Parameters: 0.999989 -0.00183592 -0.00417866 0.00190207 0.999873 0.0158652 0.00414834 -0.0158728 0.999866 0.168106 0.304452 -0.704873
FixedParameters: 0 0 0

#Transform 158
Transform: AffineTransform_float_3_3
Parameters: 0.999987 -0.00220245 -0.00458655 0.00227655 0.999865 0.0163118 0.00455046 -0.0163222 0.999857 0.1769 0.361996 -0.743636
FixedParameters: 0 0 0

#Transform 159
Transform: AffineTransform_float_3_3
Parameters: 0.999987 -0.00220545 -0.0044482 0.00227655 0.999867 0.0161451 0.00441181 -0.0161549 0.99986 0.1944 0.306849 -0.639049
FixedParameters: 0 0 0

#Transform 160
Transform: AffineTransform_float_3_3
Parameters: 0.999987 -0.00220374 -0.00473579 0.00227727 0.999877 0.0155204 0.00470121 -0.0155316 0.999869 0.182972 0.275667 -0.732927
FixedParameters: 0 0 0

#Transform 161
Transform: AffineTransform_float_3_3
Parameters: 0.999991 -0.00147656 -0.00402951 0.00154745 0.999845 0.0175339 0.00400348 -0.0175391 0.999838 0.179875 0.224193 -0.531214
FixedParameters: 0 0 0

#Transform 162
Transform: AffineTransform_float_3_3
Parameters: 0.999992 -0.00115348 -0.00364605 0.00122152 0.999827 0.0185707 0.00362394 -0.0185753 0.999821 0.169666 0.199856 0.396226
FixedParameters: 0 0 0

#Transform 163
Transform: AffineTransform_float_3_3
Parameters: 0.999993 -0.00193693 -0.00340587 0.00199708 0.999841 0.0177243 0.00337113 -0.0177307 0.999837 0.191631 0.427008 -0.964605
FixedParameters: 0 0 0

#Transform 164
Transform: AffineTransform_float_3_3
Parameters: 0.999995 -0.00198347 -0.00237894 0.00202053 0.999878 0.0154533 0.00234805 -0.0154577 0.999878 0.194642 0.443473 -1.52258
FixedParameters: 0 0 0

#Transform 165
Transform: AffineTransform_float_3_3
Parameters: 0.999995 -0.00223066 -0.0024763 0.00226534 0.999895 0.0143635 0.00244371 -0.0143695 0.999894 0.219288 0.385954 -1.5506
FixedParameters: 0 0 0

#Transform 166
Transform: AffineTransform_float_3_3
Parameters: 0.999994 -0.00211345 -0.00283439 0.00215055 0.999909 0.013312 0.00280561 -0.013318 0.999908 0.21295 0.375423 -1.5936
FixedParameters: 0 0 0

#Transform 167
Transform: AffineTransform_float_3_3
Parameters: 0.999991 -0.00237505 -0.00345434 0.00241995 0.999911 0.0130677 0.00342266 -0.0130762 0.999908 0.226574 0.408111 -1.54353
FixedParameters: 0 0 0

#Transform 168
Transform: AffineTransform_float_3_3
Parameters: 0.999991 -0.00237817 -0.0033055 0.00242082 0.999917 0.0127091 0.00327448 -0.0127179 0.999914 0.202496 0.347837 -1.57942
FixedParameters: 0 0 0

#Transform 169
Transform: AffineTransform_float_3_3
Parameters: 0.99999 -0.0021723 -0.00389655 0.0022217 0.999919 0.0125385 0.00386844 -0.0125475 0.999914 0.208934 0.283548 -1.49897
FixedParameters: 0 0 0

#Transform 170
Transform: AffineTransform_float_3_3
Parameters: 0.999994 -0.00190536 -0.00272568 0.00193664 0.999934 0.0112838 0.00270431 -0.0112892 0.999932 0.200037 0.319198 -1.49499
FixedParameters: 0 0 0

#Transform 171
Transform: AffineTransform_float_3_3
Parameters: 0.999991 -0.00218261 -0.003821 0.00223539 0.999899 0.0140236 0.00379002 -0.0140324 0.999895 0.222447 0.329248 -1.44123
FixedParameters: 0 0 0

#Transform 172
Transform: AffineTransform_float_3_3
Parameters: 0.999994 -0.00189392 -0.00310033 0.00193008 0.99993 0.0116771 0.00307767 -0.0116829 0.999927 0.205659 0.336989 -1.58847
FixedParameters: 0 0 0

#Transform 173
Transform: AffineTransform_float_3_3
Parameters: 0.999992 -0.00228437 -0.00321886 0.00231863 0.999939 0.0107966 0.00319415 -0.0108044 0.999937 0.210288 0.268984 -1.60872
FixedParameters: 0 0 0

#Transform 174
Transform: AffineTransform_float_3_3
Parameters: 0.999996 -0.00147839 -0.00210307 0.00150061 0.99994 0.0107899 0.00208693 -0.0107931 0.999939 0.194991 0.356873 -1.64656
FixedParameters: 0 0 0

#Transform 175
Transform: AffineTransform_float_3_3
Parameters: 0.999994 -0.00203041 -0.00283046 0.0020606 0.999943 0.0104922 0.00280953 -0.0104978 0.999941 0.193867 0.265744 -1.64148
FixedParameters: 0 0 0

#Transform 176
Transform: AffineTransform_float_3_3
Parameters: 0.999992 -0.00238646 -0.00314375 0.00242055 0.999939 0.0107095 0.00311825 -0.0107175 0.999937 0.19863 0.333045 -1.61843
FixedParameters: 0 0 0

#Transform 177
Transform: AffineTransform_float_3_3
Parameters: 0.999993 -0.00165373 -0.00329537 0.00168428 0.999956 0.00920452 0.00328063 -0.00921049 0.999952 0.160773 0.311679 -1.69759
FixedParameters: 0 0 0

#Transform 178
Transform: AffineTransform_float_3_3
Parameters: 0.999991 -0.00164249 -0.00392036 0.00168051 0.99995 0.0098405 0.00390365 -0.0098465 0.999944 0.154594 0.316399 -1.73392
FixedParameters: 0 0 0

#Transform 179
Transform: AffineTransform_float_3_3
Parameters: 0.999993 -0.00149863 -0.00348753 0.00153237 0.999953 0.00958672 0.00347247 -0.00959127 0.999948 0.14115 0.326376 -1.78191
FixedParameters: 0 0 0

#Transform 180
Transform: AffineTransform_float_3_3
Parameters: 0.999993 -0.00158727 -0.00340489 0.00162273 0.999944 0.0105176 0.00338811 -0.0105235 0.999939 0.149621 0.316483 -1.75912
FixedParameters: 0 0 0

#Transform 181
Transform: AffineTransform_float_3_3
Parameters: 0.999993 -0.00165875 -0.00328305 0.00169425 0.99994 0.0107635 0.00326495 -0.0107695 0.999936 0.155351 0.30036 -1.6933
FixedParameters: 0 0 0

#Transform 182
Transform: AffineTransform_float_3_3
Parameters: 0.999993 -0.00153008 -0.00344103 0.00156992 0.999931 0.0116297 0.00342297 -0.0116353 0.999927 0.164471 0.315197 -1.61221
FixedParameters: 0 0 0

#Transform 183
Transform: AffineTransform_float_3_3
Parameters: 0.999991 -0.00153886 -0.00377754 0.00158514 0.99992 0.0125071 0.00375846 -0.0125129 0.999914 0.151541 0.357485 -1.42313
FixedParameters: 0 0 0

#Transform 184
Transform: AffineTransform_float_3_3
Parameters: 0.999997 -0.00182465 -0.00192837 0.00184835 0.999924 0.0121785 0.00190563 -0.0121825 0.999924 0.169089 0.347515 -1.45257
FixedParameters: 0 0 0

#Transform 185
Transform: AffineTransform_float_3_3
Parameters: 0.999996 -0.00189213 -0.00201568 0.00191687 0.999928 0.0119082 0.00199231 -0.0119118 0.999927 0.170935 0.327977 -1.40846
FixedParameters: 0 0 0

#Transform 186
Transform: AffineTransform_float_3_3
Parameters: 0.999997 -0.00185343 -0.00155836 0.00187257 0.999926 0.0120041 0.00153563 -0.0120069 0.999926 0.165084 0.305976 -1.48042
FixedParameters: 0 0 0

#Transform 187
Transform: AffineTransform_float_3_3
Parameters: 0.999995 -0.00218663 -0.00255246 0.00221638 0.99993 0.0115614 0.00252754 -0.0115666 0.99993 0.188671 0.283567 -1.49068
FixedParameters: 0 0 0

#Transform 188
Transform: AffineTransform_float_3_3
Parameters: 0.999998 -0.00169125 -0.000998439 0.00170176 0.999939 0.0108663 0.000980566 -0.0108677 0.999941 0.186102 0.327988 -1.48305
FixedParameters: 0 0 0

#Transform 189
Transform: AffineTransform_float_3_3
Parameters: 0.999995 -0.00204212 -0.00251192 0.00207688 0.999906 0.0135589 0.00248406 -0.0135641 0.999905 0.175628 0.348844 -1.36181
FixedParameters: 0 0 0

#Transform 190
Transform: AffineTransform_float_3_3
Parameters: 0.999995 -0.00203124 -0.00236268 0.00206276 0.999907 0.0135202 0.00233432 -0.0135258 0.999906 0.196885 0.331544 -1.38052
FixedParameters: 0 0 0

#Transform 191
Transform: AffineTransform_float_3_3
Parameters: 0.999995 -0.00207613 -0.00259773 0.00211488 0.999891 0.0146626 0.00256726 -0.0146674 0.999889 0.179874 0.402378 -1.55834
FixedParameters: 0 0 0

#Transform 192
Transform: AffineTransform_float_3_3
Parameters: 0.999995 -0.00211949 -0.00236989 0.00214651 0.999929 0.011665 0.00234512 -0.01167 0.999929 0.210376 0.309437 -1.53477
