# transform file /out/sourcedata/freesurfer/sub-v2s2x29084_ses-1/mri/transforms/cc_up.lta
# created by oesteban on Thu Mar 12 23:56:20 2026

type      = 0 # LINEAR_VOX_TO_VOX
nxforms   = 1
mean      = 128.0000 135.0000 120.0000
sigma     = 10000.0000
1 4 4
9.977157115936279e-01 -3.075647912919521e-02 -6.014623120427132e-02 1.069267368316650e+01 
3.070074506103992e-02 9.995269179344177e-01 -1.850761822424829e-03 5.364780902862549e+00 
6.017469987273216e-02 1.164153357047226e-10 9.981879591941833e-01 5.555695056915283e+00 
0.000000000000000e+00 0.000000000000000e+00 0.000000000000000e+00 1.000000000000000e+00 
src volume info
valid = 1  # volume info valid
filename = /out/sourcedata/freesurfer/sub-v2s2x29084_ses-1/mri/norm.mgz
volume = 256 256 256
voxelsize = 8.984375000000000e-01 8.984375000000000e-01 8.984375000000000e-01
xras   = -9.999999403953552e-01 0.000000000000000e+00 0.000000000000000e+00
yras   = 0.000000000000000e+00 0.000000000000000e+00 -9.999999403953552e-01
zras   = 0.000000000000000e+00 1.000000000000000e+00 0.000000000000000e+00
cras   = 8.706207275390625e+00 -2.352339172363281e+01 1.319181060791016e+01
dst volume info
valid = 1  # volume info valid
filename = /out/sourcedata/freesurfer/sub-v2s2x29084_ses-1/mri/norm.mgz
volume = 256 256 256
voxelsize = 8.984375000000000e-01 8.984375000000000e-01 8.984375000000000e-01
xras   = -9.999999403953552e-01 0.000000000000000e+00 0.000000000000000e+00
yras   = 0.000000000000000e+00 0.000000000000000e+00 -9.999999403953552e-01
zras   = 0.000000000000000e+00 1.000000000000000e+00 0.000000000000000e+00
cras   = 8.706207275390625e+00 -2.352339172363281e+01 1.319181060791016e+01
