# transform file /out/sourcedata/freesurfer/sub-v2s2x29077_ses-1/mri/transforms/cc_up.lta
# created by oesteban on Thu Mar 12 23:48:46 2026

type      = 0 # LINEAR_VOX_TO_VOX
nxforms   = 1
mean      = 127.0000 133.0000 122.0000
sigma     = 10000.0000
1 4 4
9.991306066513062e-01 -3.789905458688736e-02 -1.737216860055923e-02 7.361509323120117e+00 
3.789332509040833e-02 9.992816448211670e-01 -6.588620017282665e-04 8.379875183105469e+00 
1.738465949892998e-02 -5.820766091346741e-11 9.998489022254944e-01 1.682600593566895e+01 
0.000000000000000e+00 0.000000000000000e+00 0.000000000000000e+00 1.000000000000000e+00 
src volume info
valid = 1  # volume info valid
filename = /out/sourcedata/freesurfer/sub-v2s2x29077_ses-1/mri/norm.mgz
volume = 256 256 256
voxelsize = 8.984374403953552e-01 8.984374403953552e-01 8.984374403953552e-01
xras   = -1.000000000000000e+00 0.000000000000000e+00 0.000000000000000e+00
yras   = 0.000000000000000e+00 0.000000000000000e+00 -1.000000119209290e+00
zras   = 0.000000000000000e+00 1.000000000000000e+00 0.000000000000000e+00
cras   = 1.494560241699219e+00 -1.869367218017578e+01 1.333780670166016e+01
dst volume info
valid = 1  # volume info valid
filename = /out/sourcedata/freesurfer/sub-v2s2x29077_ses-1/mri/norm.mgz
volume = 256 256 256
voxelsize = 8.984374403953552e-01 8.984374403953552e-01 8.984374403953552e-01
xras   = -1.000000000000000e+00 0.000000000000000e+00 0.000000000000000e+00
yras   = 0.000000000000000e+00 0.000000000000000e+00 -1.000000119209290e+00
zras   = 0.000000000000000e+00 1.000000000000000e+00 0.000000000000000e+00
cras   = 1.494560241699219e+00 -1.869367218017578e+01 1.333780670166016e+01
