#Insight Transform File V1.0
#Transform 0
Transform: AffineTransform_float_3_3
Parameters: 0.999993 -0.000937616 0.00346729 0.000934383 1 0.000756245 -0.0034677 -0.000752753 0.999993 -0.0821933 0.0118386 0.0987494
FixedParameters: 0 0 0

#Transform 1
Transform: AffineTransform_float_3_3
Parameters: 0.999994 -0.000934756 0.00313807 0.000934243 0.999999 -7.60687e-05 -0.00313893 7.89345e-05 0.999995 -0.0795821 0.0423237 0.0285732
FixedParameters: 0 0 0

#Transform 2
Transform: AffineTransform_float_3_3
Parameters: 0.999996 -0.000725812 0.00272532 0.000727188 0.999999 -0.00043502 -0.00272468 0.000436979 0.999996 -0.071601 0.0169082 0.0109723
FixedParameters: 0 0 0

#Transform 3
Transform: AffineTransform_float_3_3
Parameters: 0.999997 -0.000466551 0.00263308 0.000466449 1 -0.000169772 -0.00263292 0.000171229 0.999996 -0.0552487 0.0144462 -0.017647
FixedParameters: 0 0 0

#Transform 4
Transform: AffineTransform_float_3_3
Parameters: 0.999996 -0.000129274 0.00275804 0.000130725 1 -0.00026264 -0.00275797 0.000263358 0.999996 -0.0677693 -0.0205905 0.0146398
FixedParameters: 0 0 0

#Transform 5
Transform: AffineTransform_float_3_3
Parameters: 0.999997 -0.000126275 0.00270118 0.000130727 0.999999 -0.00137965 -0.00270082 0.00137935 0.999996 -0.059084 0.0452213 -0.0431965
FixedParameters: 0 0 0

#Transform 6
Transform: AffineTransform_float_3_3
Parameters: 0.999997 -0.000273512 0.00245005 0.000274487 1 -0.000198328 -0.00244995 0.000199671 0.999997 -0.0423614 -0.0125367 0.0154651
FixedParameters: 0 0 0

#Transform 7
Transform: AffineTransform_float_3_3
Parameters: 0.999997 -0.000655018 0.00245053 0.000656982 1 -0.000808393 -0.00244947 0.000809607 0.999996 -0.0343132 -0.0021863 -0.0468605
FixedParameters: 0 0 0

#Transform 8
Transform: AffineTransform_float_3_3
Parameters: 0.999997 -0.000125368 0.00245008 0.000126631 1 -0.000665691 -0.00244992 0.000666309 0.999997 -0.0457267 0.010832 -0.0560052
FixedParameters: 0 0 0

#Transform 9
Transform: AffineTransform_float_3_3
Parameters: 0.999997 0.000108715 0.00244997 -0.000108284 1 -0.000292266 -0.00245003 0.000291734 0.999997 -0.0507976 -0.000255458 -0.0418406
FixedParameters: 0 0 0

#Transform 10
Transform: AffineTransform_float_3_3
Parameters: 0.999997 -5.56495e-05 0.00245001 5.63502e-05 1 -0.000142862 -0.00244999 0.000143137 0.999997 -0.0472687 0.0424514 -0.0530465
FixedParameters: 0 0 0

#Transform 11
Transform: AffineTransform_float_3_3
Parameters: 0.999998 0.000399066 0.00198539 -0.000400936 1 0.000974206 -0.00198561 -0.000974794 0.999997 -0.0523833 -0.0315885 0.027672
FixedParameters: 0 0 0

#Transform 12
Transform: AffineTransform_float_3_3
Parameters: 0.999998 0.000665481 0.00146623 -0.000665518 0.999999 0.000353025 -0.00146576 -0.000353976 0.999999 -0.0563286 0.00173497 0.00134909
FixedParameters: 0 0 0

#Transform 13
Transform: AffineTransform_float_3_3
Parameters: 0.999999 1.13851e-06 0.001458 -1.86149e-06 1 -9.50028e-05 -0.001458 9.49984e-05 0.999999 -0.0229951 -0.0154885 -0.0414767
FixedParameters: 0 0 0

#Transform 14
Transform: AffineTransform_float_3_3
Parameters: 0.999998 2.11853e-06 0.00203 -1.88146e-06 1 -0.000551005 -0.00203 0.000550997 0.999998 -0.0299572 -0.000331784 -0.0734643
FixedParameters: 0 0 0

#Transform 15
Transform: AffineTransform_float_3_3
Parameters: 0.999999 5.39529e-05 0.001239 -5.40483e-05 1 3.89331e-05 -0.001239 -3.80669e-05 0.999999 -0.0134034 -0.0421437 -0.0614486
FixedParameters: 0 0 0

#Transform 16
Transform: AffineTransform_float_3_3
Parameters: 1 8.05214e-07 0.000674 -1.19479e-06 1 0.000288999 -0.000673999 -0.000289001 0.999999 -0.00117569 -0.0582696 -0.00507473
FixedParameters: 0 0 0

#Transform 17
Transform: AffineTransform_float_3_3
Parameters: 1 0.000422033 0.000191928 -0.000421967 1 -0.000171081 -0.000192072 0.000170919 1 -0.0172899 -0.022687 -0.018349
FixedParameters: 0 0 0

#Transform 18
Transform: AffineTransform_float_3_3
Parameters: 1 1.0177e-06 5.99997e-05 -9.823e-07 1 -0.000295 -6.00003e-05 0.000295 1 0.00498214 -0.0560736 0.0526649
FixedParameters: 0 0 0

#Transform 19
Transform: AffineTransform_float_3_3
Parameters: 0.999999 0.000758899 0.000128599 -0.000759102 1 0.000789903 -0.0001284 -0.000790098 0.999999 -0.0235112 0.0133767 0.051706
FixedParameters: 0 0 0

#Transform 20
Transform: AffineTransform_float_3_3
Parameters: 1 0.000101157 0.000359956 -0.000100843 1 -0.000436036 -0.000360044 0.000435963 1 -0.000229578 0.00394294 0.0237567
FixedParameters: 0 0 0

#Transform 21
Transform: AffineTransform_float_3_3
Parameters: 1 -1.9838e-05 0.000360009 2.0162e-05 1 -0.000449993 -0.000359991 0.000450007 1 0.00229918 0.00996563 -0.00742892
FixedParameters: 0 0 0

#Transform 22
Transform: AffineTransform_float_3_3
Parameters: 1 0.000267882 0.000360088 -0.000268118 1 0.000327903 -0.000359912 -0.000328096 1 -0.0197136 -0.00431178 -0.0344309
FixedParameters: 0 0 0

#Transform 23
Transform: AffineTransform_float_3_3
Parameters: 0.999999 0.000653607 0.000360713 -0.000654392 0.999999 0.00109076 -0.000359287 -0.00109024 1 -0.0310507 -0.0377594 0.0522635
FixedParameters: 0 0 0

#Transform 24
Transform: AffineTransform_float_3_3
Parameters: 1 0.000585977 5.2252e-05 -0.000586022 0.999999 0.000429969 -5.1748e-05 -0.00043003 1 -0.0302277 -0.0115577 -0.0361391
FixedParameters: 0 0 0

#Transform 25
Transform: AffineTransform_float_3_3
Parameters: 1 0.000586239 -0.000228388 -0.000586762 1 0.00104413 0.000228613 -0.00104387 1 -0.0275397 0.0141676 -0.127624
FixedParameters: 0 0 0

#Transform 26
Transform: AffineTransform_float_3_3
Parameters: 0.999999 0.00077364 0.000291955 -0.000773359 0.999999 0.00123377 -0.000291046 -0.00123423 0.999999 -0.0558004 0.0449394 -0.128109
FixedParameters: 0 0 0

#Transform 27
Transform: AffineTransform_float_3_3
Parameters: 0.999999 0.00124646 -0.000280952 -0.00124554 0.999998 0.00164335 0.000283047 -0.00164265 0.999998 -0.0462684 -0.0184814 -0.114426
FixedParameters: 0 0 0

#Transform 28
Transform: AffineTransform_float_3_3
Parameters: 0.999999 0.00124748 -0.000710406 -0.00124552 0.999997 0.00208089 0.000713593 -0.00208011 0.999997 -0.0396974 -0.0226086 -0.000977695
FixedParameters: 0 0 0

#Transform 29
Transform: AffineTransform_float_3_3
Parameters: 0.999999 0.000692236 -0.000282422 -0.000691764 1 0.000835196 0.000282577 -0.000834805 0.999999 -0.0256893 0.0156917 -0.106814
FixedParameters: 0 0 0

#Transform 30
Transform: AffineTransform_float_3_3
Parameters: 0.999999 0.00112791 -0.000710562 -0.00112709 0.999998 0.0012758 0.000711438 -0.0012752 0.999999 -0.042624 0.0277401 -0.136375
FixedParameters: 0 0 0

#Transform 31
Transform: AffineTransform_float_3_3
Parameters: 0.999999 0.00117531 -0.000802084 -0.00117369 0.999998 0.00163194 0.000803916 -0.00163106 0.999999 -0.0442041 -0.0237088 -0.0913227
FixedParameters: 0 0 0

#Transform 32
Transform: AffineTransform_float_3_3
Parameters: 0.999998 0.00116838 -0.00111155 -0.00116662 0.999998 0.0012393 0.00111344 -0.0012377 0.999998 -0.0506736 -0.0562516 -0.0576788
FixedParameters: 0 0 0

#Transform 33
Transform: AffineTransform_float_3_3
Parameters: 0.999999 0.00138665 -0.000710732 -0.00138535 0.999998 0.000914986 0.000712267 -0.000914013 1 -0.0592998 0.0342743 -0.0710934
FixedParameters: 0 0 0

#Transform 34
Transform: AffineTransform_float_3_3
Parameters: 0.999999 0.00109043 -0.000650279 -0.00109057 0.999999 0.00066171 0.00065072 -0.000660291 0.999999 -0.047284 -0.0177407 -0.148072
FixedParameters: 0 0 0

#Transform 35
Transform: AffineTransform_float_3_3
Parameters: 0.999999 0.00109018 -0.000711729 -0.00109082 1 0.000248777 0.000712271 -0.000248224 0.999999 -0.0369758 -0.0164903 -0.140426
FixedParameters: 0 0 0

#Transform 36
Transform: AffineTransform_float_3_3
Parameters: 0.999998 0.001091 -0.00116707 -0.00109 0.999999 0.000857273 0.00116793 -0.000856727 0.999999 -0.0346675 -0.000593461 -0.125269
FixedParameters: 0 0 0

#Transform 37
Transform: AffineTransform_float_3_3
Parameters: 0.999998 0.00149714 -0.00173616 -0.00149486 0.999998 0.0012346 0.00173785 -0.0012324 0.999997 -0.0516707 -0.0328137 0.0152466
FixedParameters: 0 0 0

#Transform 38
Transform: AffineTransform_float_3_3
Parameters: 0.999996 0.00215872 -0.00218633 -0.00215528 0.999996 0.00170272 0.00218967 -0.00169728 0.999996 -0.0642859 -0.0482391 0.0227129
FixedParameters: 0 0 0

#Transform 39
Transform: AffineTransform_float_3_3
Parameters: 0.999993 0.00199171 -0.0029545 -0.00198829 0.999997 0.00125788 0.0029565 -0.00125212 0.999995 -0.0506738 -0.0557857 0.100624
FixedParameters: 0 0 0

#Transform 40
Transform: AffineTransform_float_3_3
Parameters: 0.999992 0.00257374 -0.00284171 -0.00256926 0.999996 0.00167131 0.00284629 -0.00166469 0.999994 -0.0644945 -0.0171921 0.199556
FixedParameters: 0 0 0

#Transform 41
Transform: AffineTransform_float_3_3
Parameters: 0.999994 0.00213662 -0.00256582 -0.00213338 0.999997 0.00102148 0.00256817 -0.00101652 0.999996 -0.0348977 -0.0283619 0.076386
FixedParameters: 0 0 0

#Transform 42
Transform: AffineTransform_float_3_3
Parameters: 0.999992 0.00247079 -0.00334821 -0.00246721 0.999997 0.00113527 0.00335079 -0.00112673 0.999994 -0.0439987 -0.0731327 0.196931
FixedParameters: 0 0 0

#Transform 43
Transform: AffineTransform_float_3_3
Parameters: 0.999994 0.00205999 -0.00302128 -0.00205601 0.999997 0.00132222 0.00302471 -0.00131578 0.999994 -0.0511781 -0.0124653 0.0805157
FixedParameters: 0 0 0

#Transform 44
Transform: AffineTransform_float_3_3
Parameters: 0.999996 0.0014914 -0.00215103 -0.00148959 0.999998 0.000655206 0.00215197 -0.000651793 0.999998 -0.0193256 -0.0231759 0.00814268
FixedParameters: 0 0 0

#Transform 45
Transform: AffineTransform_float_3_3
Parameters: 0.999996 0.00189833 -0.00203176 -0.00189667 0.999998 0.000655856 0.00203324 -0.000652143 0.999997 -0.0476276 -0.0333764 0.00922857
FixedParameters: 0 0 0

#Transform 46
Transform: AffineTransform_float_3_3
Parameters: 0.999998 0.00125579 -0.00190248 -0.00125522 0.999999 0.000413389 0.00190252 -0.000411612 0.999998 -0.0214872 0.0171141 -0.0766863
FixedParameters: 0 0 0

#Transform 47
Transform: AffineTransform_float_3_3
Parameters: 0.999996 0.00150554 -0.00244644 -0.00150246 0.999999 0.00103768 0.00244856 -0.00103432 0.999997 -0.0254449 -0.0317996 -0.0112094
FixedParameters: 0 0 0

#Transform 48
Transform: AffineTransform_float_3_3
Parameters: 0.999995 0.00159287 -0.00298187 -0.00158713 0.999997 0.00196874 0.00298513 -0.00196426 0.999993 -0.0227918 -0.0552195 0.0309268
FixedParameters: 0 0 0

#Transform 49
Transform: AffineTransform_float_3_3
Parameters: 0.999994 0.0015317 -0.00316321 -0.0015273 0.999998 0.00117184 0.00316479 -0.00116716 0.999995 -0.0289738 -0.0539387 0.0702862
FixedParameters: 0 0 0

#Transform 50
Transform: AffineTransform_float_3_3
Parameters: 0.999995 0.00158637 -0.0027379 -0.00158163 0.999997 0.00196234 0.00274111 -0.00195866 0.999995 -0.0307403 -0.0292232 0.00968989
FixedParameters: 0 0 0

#Transform 51
Transform: AffineTransform_float_3_3
Parameters: 0.999995 0.00198519 -0.00238552 -0.00198081 0.999997 0.00175874 0.00238948 -0.00175327 0.999996 -0.0557613 -0.0679443 0.0282181
FixedParameters: 0 0 0

#Transform 52
Transform: AffineTransform_float_3_3
Parameters: 0.999993 0.00205796 -0.00297883 -0.00204904 0.999994 0.00300712 0.00298517 -0.00300088 0.999991 -0.0674604 -0.0578818 0.122197
FixedParameters: 0 0 0

#Transform 53
Transform: AffineTransform_float_3_3
Parameters: 0.999995 0.00119563 -0.00298235 -0.00118837 0.999997 0.00222356 0.00298565 -0.00222044 0.999993 -0.0410656 -0.0481212 0.000972224
FixedParameters: 0 0 0

#Transform 54
Transform: AffineTransform_float_3_3
Parameters: 0.999998 0.00106635 -0.00176037 -0.00106165 0.999997 0.00247188 0.00176263 -0.00247013 0.999996 -0.0384833 -0.00976127 -0.0495744
FixedParameters: 0 0 0

#Transform 55
Transform: AffineTransform_float_3_3
Parameters: 0.999998 0.000993695 -0.0016612 -0.000989304 0.999995 0.00282565 0.0016638 -0.00282335 0.999994 -0.0625154 -0.0131087 0.018891
FixedParameters: 0 0 0

#Transform 56
Transform: AffineTransform_float_3_3
Parameters: 0.999996 0.00122669 -0.00274814 -0.00121832 0.999995 0.00315936 0.00275186 -0.00315664 0.999991 -0.0979987 -0.00726103 0.0690421
FixedParameters: 0 0 0

#Transform 57
Transform: AffineTransform_float_3_3
Parameters: 0.999997 0.00122687 -0.0023524 -0.00121814 0.999992 0.00376588 0.0023566 -0.00376312 0.99999 -0.101918 -0.00960854 0.0856261
FixedParameters: 0 0 0

#Transform 58
Transform: AffineTransform_float_3_3
Parameters: 0.999997 0.000775694 -0.00239052 -0.000768304 0.999994 0.00321785 0.00239348 -0.00321615 0.999992 -0.0783223 -0.0613596 0.0659415
FixedParameters: 0 0 0

#Transform 59
Transform: AffineTransform_float_3_3
Parameters: 0.999997 0.000775418 -0.00222943 -0.000768582 0.999994 0.00332572 0.00223257 -0.00332428 0.999992 -0.0933699 -0.0402248 0.0548621
FixedParameters: 0 0 0

#Transform 60
Transform: AffineTransform_float_3_3
Parameters: 0.999996 0.000338134 -0.00274689 -0.000329866 0.999995 0.00332492 0.00274811 -0.00332408 0.99999 -0.0342688 -0.0491977 0.154565
FixedParameters: 0 0 0

#Transform 61
Transform: AffineTransform_float_3_3
Parameters: 0.999995 0.000342064 -0.0031356 -0.000328934 0.999992 0.00416605 0.0031374 -0.00416495 0.999987 -0.0399369 -0.0484231 0.152406
FixedParameters: 0 0 0

#Transform 62
Transform: AffineTransform_float_3_3
Parameters: 0.999996 0.000288044 -0.0026038 -0.000276955 0.999991 0.00424073 0.0026052 -0.00424026 0.999987 -0.0441472 -0.0276613 0.172641
FixedParameters: 0 0 0

#Transform 63
Transform: AffineTransform_float_3_3
Parameters: 0.999997 0.000339636 -0.00265266 -0.000329363 0.999992 0.00400889 0.00265434 -0.00400811 0.999989 -0.0248304 -0.0300323 0.125782
FixedParameters: 0 0 0

#Transform 64
Transform: AffineTransform_float_3_3
Parameters: 0.999995 0.000431669 -0.00291029 -0.000419331 0.999992 0.00400924 0.0029117 -0.00400776 0.999987 -0.0148193 -0.0859909 0.168859
FixedParameters: 0 0 0

#Transform 65
Transform: AffineTransform_float_3_3
Parameters: 0.999993 0.000730579 -0.00346496 -0.000716422 0.999991 0.00420651 0.00346804 -0.00420449 0.999985 -0.0453806 -0.0409105 0.263375
FixedParameters: 0 0 0

#Transform 66
Transform: AffineTransform_float_3_3
Parameters: 0.999992 0.000244608 -0.00386498 -0.000227392 0.99999 0.00429691 0.00386601 -0.00429609 0.999984 -0.00147435 -0.075358 0.217752
FixedParameters: 0 0 0

#Transform 67
Transform: AffineTransform_float_3_3
Parameters: 0.999992 0.000843432 -0.00386624 -0.000825573 0.99999 0.00450723 0.00386976 -0.00450478 0.999983 -0.0317211 -0.0899235 0.332436
FixedParameters: 0 0 0

#Transform 68
Transform: AffineTransform_float_3_3
Parameters: 0.999994 0.000738629 -0.00335803 -0.000724369 0.999991 0.00405845 0.00336097 -0.00405554 0.999986 -0.0528655 -0.0169038 0.115432
FixedParameters: 0 0 0

#Transform 69
Transform: AffineTransform_float_3_3
Parameters: 0.999995 0.000664643 -0.00324825 -0.000656358 0.999996 0.00266115 0.00324976 -0.00265886 0.999991 -0.045406 0.0116818 0.0490044
FixedParameters: 0 0 0

#Transform 70
Transform: AffineTransform_float_3_3
Parameters: 0.999997 0.000426287 -0.00260782 -0.000419713 0.999996 0.0027941 0.00260918 -0.0027929 0.999992 -0.0335632 -0.0173992 0.00485584
FixedParameters: 0 0 0

#Transform 71
Transform: AffineTransform_float_3_3
Parameters: 0.999996 0.00014915 -0.0026086 -0.00014185 0.999996 0.00274038 0.0026094 -0.00274062 0.999993 -0.0227442 -0.0538763 0.0652639
FixedParameters: 0 0 0

#Transform 72
Transform: AffineTransform_float_3_3
Parameters: 0.999996 0.000147498 -0.00283457 -0.000138499 0.999995 0.0029984 0.00283543 -0.00299759 0.999991 -0.0212503 -0.056136 0.107319
FixedParameters: 0 0 0

#Transform 73
Transform: AffineTransform_float_3_3
Parameters: 0.999996 -0.00024393 -0.00260957 0.000250069 0.999998 0.00232536 0.00260942 -0.00232664 0.999994 -0.00462376 -0.00575994 0.084854
FixedParameters: 0 0 0

#Transform 74
Transform: AffineTransform_float_3_3
Parameters: 0.999996 -4.82508e-05 -0.00260915 5.57509e-05 0.999995 0.00297086 0.00260885 -0.00297014 0.999992 -0.00837892 -0.0118077 0.0765703
FixedParameters: 0 0 0

#Transform 75
Transform: AffineTransform_float_3_3
Parameters: 0.999996 0.000127655 -0.00260859 -0.000119342 0.999994 0.00331832 0.00260941 -0.00331768 0.999991 -0.02376 0.000248674 0.0347648
FixedParameters: 0 0 0

#Transform 76
Transform: AffineTransform_float_3_3
Parameters: 0.999998 0.000395878 -0.00194461 -0.000389121 0.999993 0.00353576 0.00194639 -0.00353523 0.999992 -0.0449452 -0.0748118 0.124683
FixedParameters: 0 0 0

#Transform 77
Transform: AffineTransform_float_3_3
Parameters: 0.999996 -0.000192818 -0.00285963 0.000202182 0.999995 0.00321043 0.00285936 -0.00321156 0.999991 -0.0308691 -0.0478676 0.128378
FixedParameters: 0 0 0

#Transform 78
Transform: AffineTransform_float_3_3
Parameters: 0.999995 -0.00045849 -0.00291735 0.00046651 0.999995 0.00291765 0.00291565 -0.00291835 0.999991 -0.0167905 -0.0234581 0.0417488
FixedParameters: 0 0 0

#Transform 79
Transform: AffineTransform_float_3_3
Parameters: 0.999994 -0.00045812 -0.00326326 0.000466884 0.999996 0.00272149 0.00326274 -0.00272251 0.999991 0.0143148 -0.0193507 0.0853995
FixedParameters: 0 0 0

#Transform 80
Transform: AffineTransform_float_3_3
Parameters: 0.999996 -0.000305934 -0.00305992 0.000315067 0.999996 0.00296305 0.00305908 -0.00296395 0.999991 -0.00695539 -0.0272315 0.114891
FixedParameters: 0 0 0

#Transform 81
Transform: AffineTransform_float_3_3
Parameters: 0.999994 4.30775e-05 -0.00367389 -3.29255e-05 0.999996 0.00274214 0.0036741 -0.00274286 0.999989 -0.0278385 0.00238566 0.0736207
FixedParameters: 0 0 0

#Transform 82
Transform: AffineTransform_float_3_3
Parameters: 0.999996 -0.000368409 -0.00260965 0.000372592 0.999999 0.00175903 0.00260935 -0.00175997 0.999995 0.0158417 -0.0470849 0.101146
FixedParameters: 0 0 0

#Transform 83
Transform: AffineTransform_float_3_3
Parameters: 0.999995 -0.000488029 -0.00296615 0.000494972 0.999997 0.00234954 0.00296584 -0.00235146 0.999993 0.0328995 -0.0107745 0.0625524
FixedParameters: 0 0 0

#Transform 84
Transform: AffineTransform_float_3_3
Parameters: 0.999996 7.74136e-05 -0.00279583 -7.15855e-05 0.999998 0.00229421 0.00279617 -0.00229379 0.999994 0.0360393 -0.0438338 0.103453
FixedParameters: 0 0 0

#Transform 85
Transform: AffineTransform_float_3_3
Parameters: 0.999995 0.000373007 -0.00291336 -0.000367993 0.999999 0.00171908 0.00291364 -0.00171792 0.999995 0.0317145 -0.0657822 0.101355
FixedParameters: 0 0 0

#Transform 86
Transform: AffineTransform_float_3_3
Parameters: 0.999996 0.000484959 -0.00285133 -0.000481043 0.999999 0.00138838 0.00285167 -0.00138762 0.999995 0.0304243 -0.0624534 0.128653
FixedParameters: 0 0 0

#Transform 87
Transform: AffineTransform_float_3_3
Parameters: 0.999997 0.000772182 -0.0022906 -0.000770816 0.999999 0.000517767 0.0022904 -0.000515233 0.999997 0.0141117 -0.0940326 0.132357
FixedParameters: 0 0 0

#Transform 88
Transform: AffineTransform_float_3_3
Parameters: 0.999996 0.000307539 -0.00258605 -0.000307462 1 -0.000178205 0.00258594 0.000178796 0.999996 0.0548664 -0.0106465 -0.0239722
FixedParameters: 0 0 0

#Transform 89
Transform: AffineTransform_float_3_3
Parameters: 0.999998 0.000116463 -0.00187603 -0.000116536 1 -0.000285782 0.00187597 0.000286219 0.999998 0.0518771 -0.0686062 0.0449518
FixedParameters: 0 0 0

#Transform 90
Transform: AffineTransform_float_3_3
Parameters: 0.999998 0.000500552 -0.00218233 -0.000502448 0.999999 -0.000662905 0.00218167 0.000664094 0.999998 0.0729734 0.00241806 -0.0318228
FixedParameters: 0 0 0

#Transform 91
Transform: AffineTransform_float_3_3
Parameters: 0.999996 0.000780881 -0.00245372 -0.000780119 0.999999 0.000359915 0.00245328 -0.000358085 0.999997 0.0576069 -0.0474154 0.0118423
FixedParameters: 0 0 0

#Transform 92
Transform: AffineTransform_float_3_3
Parameters: 0.999999 0.000779782 -0.00125714 -0.000780218 0.999999 -0.000173019 0.00125686 0.00017398 0.999999 0.073881 -0.0252803 0.0289739
FixedParameters: 0 0 0

#Transform 93
Transform: AffineTransform_float_3_3
Parameters: 0.999999 0.000779526 -0.00125729 -0.000780473 0.999999 -0.000376019 0.00125671 0.00037698 0.999999 0.0746234 -0.0143544 0.0608594
FixedParameters: 0 0 0

#Transform 94
Transform: AffineTransform_float_3_3
Parameters: 0.999998 -7.03884e-06 -0.00166 7.96113e-06 1 0.000578988 0.00166 -0.000579013 0.999999 0.099738 -0.140581 0.120307
FixedParameters: 0 0 0

#Transform 95
Transform: AffineTransform_float_3_3
Parameters: 0.999999 -0.000246877 -0.00140073 0.000251123 0.999995 0.00294365 0.00140027 -0.00294435 0.999994 0.107742 -0.0241666 0.0691486
FixedParameters: 0 0 0

#Transform 96
Transform: AffineTransform_float_3_3
Parameters: 0.999998 -3.79574e-05 -0.0019621 4.30441e-05 0.999996 0.00257092 0.0019619 -0.00257008 0.999995 0.0823028 -0.0606107 0.0605439
FixedParameters: 0 0 0

#Transform 97
Transform: AffineTransform_float_3_3
Parameters: 0.999999 0.000171767 -0.000799622 -0.000169231 0.999997 0.00221014 0.000800376 -0.00220986 0.999997 0.0663499 -0.0336409 0.00296918
FixedParameters: 0 0 0

#Transform 98
Transform: AffineTransform_float_3_3
Parameters: 0.999998 0.00153921 -0.00122021 -0.00153679 0.999997 0.00181188 0.00122278 -0.00181012 0.999997 0.050361 -0.0474227 -0.0990086
FixedParameters: 0 0 0

#Transform 99
Transform: AffineTransform_float_3_3
Parameters: 0.999997 0.00181975 -0.00167886 -0.00181525 0.999995 0.00282706 0.00168413 -0.00282394 0.999994 0.0395508 -0.0294137 -0.0902515
FixedParameters: 0 0 0

#Transform 100
Transform: AffineTransform_float_3_3
Parameters: 0.999996 0.000575472 -0.0027312 -0.000562525 0.999987 0.00493055 0.00273481 -0.00492944 0.999984 0.0999205 -0.109669 -0.0109117
FixedParameters: 0 0 0

#Transform 101
Transform: AffineTransform_float_3_3
Parameters: 0.999995 0.000117662 -0.00314955 -0.000104339 0.999992 0.00401935 0.00315044 -0.00401965 0.999987 0.131346 -0.110977 0.000995694
FixedParameters: 0 0 0

#Transform 102
Transform: AffineTransform_float_3_3
Parameters: 0.999991 4.80133e-05 -0.00434783 -2.89853e-05 0.999991 0.00437317 0.00434817 -0.00437283 0.999981 0.145177 -0.0698449 -0.0874853
FixedParameters: 0 0 0

#Transform 103
Transform: AffineTransform_float_3_3
Parameters: 0.999992 0.000798839 -0.00387737 -0.000781163 0.999989 0.00460006 0.00388063 -0.00459694 0.999982 0.0734799 -0.0620485 -0.031766
FixedParameters: 0 0 0

#Transform 104
Transform: AffineTransform_float_3_3
Parameters: 0.999991 0.000703842 -0.00414851 -0.000689157 0.999994 0.00357789 0.00415149 -0.00357511 0.999985 0.094896 -0.0964473 7.86263e-06
FixedParameters: 0 0 0

#Transform 105
Transform: AffineTransform_float_3_3
Parameters: 0.999993 -0.000247452 -0.00370786 0.000259549 0.999994 0.00338406 0.00370714 -0.00338494 0.999988 0.121206 -0.0525765 0.0466288
FixedParameters: 0 0 0

#Transform 106
Transform: AffineTransform_float_3_3
Parameters: 0.999994 0.000173943 -0.00324343 -0.000163053 0.999995 0.00337455 0.00324457 -0.00337345 0.999989 0.121676 -0.0692858 -0.0661421
FixedParameters: 0 0 0

#Transform 107
Transform: AffineTransform_float_3_3
Parameters: 0.999996 0.000429511 -0.00284343 -0.000418493 0.999993 0.00369521 0.00284457 -0.00369479 0.999989 0.0601423 -0.0882561 0.0347679
FixedParameters: 0 0 0

#Transform 108
Transform: AffineTransform_float_3_3
Parameters: 0.999995 0.00168946 -0.00243214 -0.00168054 0.999992 0.0034761 0.00243785 -0.00347189 0.999991 0.0286827 -0.0848239 0.0642849
FixedParameters: 0 0 0

#Transform 109
Transform: AffineTransform_float_3_3
Parameters: 0.999992 0.00180971 -0.00336573 -0.00179829 0.999993 0.00347808 0.00337227 -0.00347192 0.999989 0.0353872 -0.0818024 0.0490116
FixedParameters: 0 0 0

#Transform 110
Transform: AffineTransform_float_3_3
Parameters: 0.999994 0.00133401 -0.00313018 -0.00132499 0.999995 0.00287916 0.00313383 -0.00287484 0.999991 0.0154526 -0.117057 -0.0178631
FixedParameters: 0 0 0

#Transform 111
Transform: AffineTransform_float_3_3
Parameters: 0.999991 0.00177928 -0.00380443 -0.00176272 0.99999 0.00427774 0.00381157 -0.00427026 0.999983 0.0123499 -0.126886 0.0103709
FixedParameters: 0 0 0

#Transform 112
Transform: AffineTransform_float_3_3
Parameters: 0.999992 0.00131667 -0.00380833 -0.00130533 0.999995 0.00280299 0.00381167 -0.002798 0.999989 0.0441303 -0.093315 0.00618488
FixedParameters: 0 0 0

#Transform 113
Transform: AffineTransform_float_3_3
Parameters: 0.999993 0.000717678 -0.0038089 -0.000700324 0.99999 0.0043777 0.0038121 -0.0043753 0.999983 0.0354146 -0.0662033 0.0439651
FixedParameters: 0 0 0

#Transform 114
Transform: AffineTransform_float_3_3
Parameters: 0.999994 0.00154442 -0.00315249 -0.00152858 0.999987 0.00488785 0.0031595 -0.00488215 0.999983 0.0106197 -0.119957 0.145999
FixedParameters: 0 0 0

#Transform 115
Transform: AffineTransform_float_3_3
Parameters: 0.999995 0.00165246 -0.00265552 -0.00164154 0.999991 0.00393638 0.00266248 -0.00393162 0.999988 0.00333236 -0.0532618 0.157931
FixedParameters: 0 0 0

#Transform 116
Transform: AffineTransform_float_3_3
Parameters: 0.999993 0.00166848 -0.00317696 -0.00165452 0.999989 0.00423928 0.00318404 -0.00423471 0.999986 0.030478 -0.0909128 0.108887
FixedParameters: 0 0 0

#Transform 117
Transform: AffineTransform_float_3_3
Parameters: 0.999991 0.00184306 -0.00381943 -0.00182194 0.999981 0.00577201 0.00382957 -0.00576499 0.999976 0.0216327 -0.146535 0.187855
FixedParameters: 0 0 0

#Transform 118
Transform: AffineTransform_float_3_3
Parameters: 0.999985 0.00170056 -0.00506883 -0.00167644 0.999987 0.00484557 0.00507618 -0.00483644 0.999976 0.0336514 -0.124395 0.254466
FixedParameters: 0 0 0

#Transform 119
Transform: AffineTransform_float_3_3
Parameters: 0.999985 0.00210059 -0.00504483 -0.00207641 0.999986 0.00487455 0.00505517 -0.00486446 0.999976 0.0323311 -0.172904 0.371448
FixedParameters: 0 0 0

#Transform 120
Transform: AffineTransform_float_3_3
Parameters: 0.999989 0.00139545 -0.00447899 -0.00137556 0.999989 0.00434121 0.00448501 -0.00433579 0.999981 0.0494169 -0.0907897 0.195764
FixedParameters: 0 0 0

#Transform 121
Transform: AffineTransform_float_3_3
Parameters: 0.999992 0.00209022 -0.00345644 -0.00207678 0.99999 0.00411221 0.00346556 -0.00410479 0.999985 0.0177192 -0.11938 0.194215
FixedParameters: 0 0 0

#Transform 122
Transform: AffineTransform_float_3_3
Parameters: 0.999991 0.001887 -0.00379207 -0.001873 0.999992 0.00369114 0.00379893 -0.00368387 0.999986 0.00930189 -0.0973485 0.19217
FixedParameters: 0 0 0

#Transform 123
Transform: AffineTransform_float_3_3
Parameters: 0.999994 0.00119902 -0.00341746 -0.00118598 0.999992 0.00381008 0.00342254 -0.00380592 0.999987 -0.0738269 -0.0381623 0.0296961
FixedParameters: 0 0 0

#Transform 124
Transform: AffineTransform_float_3_3
Parameters: 0.999993 0.00150369 -0.00347425 -0.00148731 0.999988 0.0045142 0.00348074 -0.0045088 0.999984 -0.0814634 -0.0192972 -0.0283146
FixedParameters: 0 0 0

#Transform 125
Transform: AffineTransform_float_3_3
Parameters: 0.999993 0.000976189 -0.00363142 -0.000958811 0.999989 0.00473152 0.00363658 -0.00472849 0.999982 -0.0167469 -0.0573975 0.127572
FixedParameters: 0 0 0

#Transform 126
Transform: AffineTransform_float_3_3
Parameters: 0.999991 0.0016586 -0.00388485 -0.0016374 0.999983 0.00555641 0.00389415 -0.00554959 0.999977 -0.0583959 -0.0719011 0.224998
FixedParameters: 0 0 0

#Transform 127
Transform: AffineTransform_float_3_3
Parameters: 0.999993 0.00134798 -0.00367064 -0.00132502 0.999979 0.00625691 0.00367836 -0.00625108 0.999973 -0.0541309 -0.0592427 0.178905
FixedParameters: 0 0 0

#Transform 128
Transform: AffineTransform_float_3_3
Parameters: 0.999989 0.00137384 -0.00449809 -0.00135116 0.999986 0.00507613 0.00450491 -0.00507087 0.999977 -0.0571803 -0.0679197 0.150328
FixedParameters: 0 0 0

#Transform 129
Transform: AffineTransform_float_3_3
Parameters: 0.999989 0.0019057 -0.00428385 -0.0018853 0.999986 0.00483113 0.00429315 -0.00482287 0.999979 -0.0992083 -0.0646754 0.194006
FixedParameters: 0 0 0

#Transform 130
Transform: AffineTransform_float_3_3
Parameters: 0.999983 0.00187197 -0.00555732 -0.00184603 0.999988 0.00467434 0.00556568 -0.00466466 0.999973 -0.0681324 -0.0244357 0.192809
FixedParameters: 0 0 0

#Transform 131
Transform: AffineTransform_float_3_3
Parameters: 0.999986 0.00221786 -0.0049466 -0.00219014 0.999981 0.00563091 0.0049594 -0.00562008 0.999972 -0.10662 -0.0718392 0.275778
FixedParameters: 0 0 0

#Transform 132
Transform: AffineTransform_float_3_3
Parameters: 0.99999 0.00193472 -0.00403508 -0.00191629 0.999988 0.00463678 0.00404392 -0.00462922 0.999981 -0.104369 -0.0157439 0.169732
FixedParameters: 0 0 0

#Transform 133
Transform: AffineTransform_float_3_3
Parameters: 0.999986 0.00215629 -0.0049797 -0.00213772 0.99999 0.0038747 0.00498831 -0.0038643 0.99998 -0.109851 -0.0312217 0.132257
FixedParameters: 0 0 0

#Transform 134
Transform: AffineTransform_float_3_3
Parameters: 0.999985 0.00254099 -0.00483491 -0.00251401 0.999982 0.00558124 0.00484809 -0.00556876 0.999972 -0.12027 -0.0612111 0.281904
FixedParameters: 0 0 0

#Transform 135
Transform: AffineTransform_float_3_3
Parameters: 0.999978 0.0026092 -0.00609142 -0.0025818 0.999986 0.00446883 0.00610258 -0.00445318 0.999972 -0.134145 -0.0788806 0.230902
FixedParameters: 0 0 0

#Transform 136
Transform: AffineTransform_float_3_3
Parameters: 0.99998 0.0023589 -0.00577128 -0.0023351 0.999988 0.00414455 0.00578071 -0.00413044 0.999975 -0.153388 -0.0474789 0.215219
FixedParameters: 0 0 0

#Transform 137
Transform: AffineTransform_float_3_3
Parameters: 0.999983 0.00254293 -0.00522094 -0.00251808 0.999986 0.00477423 0.00523307 -0.00476177 0.999975 -0.151902 -0.0637337 0.174369
FixedParameters: 0 0 0

#Transform 138
Transform: AffineTransform_float_3_3
Parameters: 0.999981 0.00258231 -0.00572031 -0.00255469 0.999985 0.00495072 0.0057337 -0.0049353 0.999972 -0.12475 -0.0653708 0.209863
FixedParameters: 0 0 0

#Transform 139
Transform: AffineTransform_float_3_3
Parameters: 0.999978 0.00258806 -0.00600242 -0.00255394 0.99998 0.00567545 0.00601657 -0.00565955 0.999966 -0.145712 -0.0326102 0.222344
FixedParameters: 0 0 0

#Transform 140
Transform: AffineTransform_float_3_3
Parameters: 0.999977 0.00264915 -0.00621498 -0.00261685 0.999983 0.00533539 0.00622903 -0.00531862 0.999967 -0.134888 -0.0210151 0.228836
FixedParameters: 0 0 0

#Transform 141
Transform: AffineTransform_float_3_3
Parameters: 0.999979 0.00278058 -0.00574033 -0.00274741 0.99998 0.00567589 0.00575667 -0.00566011 0.999968 -0.150701 0.0186323 0.162036
FixedParameters: 0 0 0

#Transform 142
Transform: AffineTransform_float_3_3
Parameters: 0.999977 0.00317585 -0.00608299 -0.00314515 0.999982 0.00507425 0.00609901 -0.00505475 0.999968 -0.142848 -0.0442971 0.172516
FixedParameters: 0 0 0

#Transform 143
Transform: AffineTransform_float_3_3
Parameters: 0.999977 0.00367137 -0.00569727 -0.00363864 0.999977 0.00568086 0.00571772 -0.00566014 0.999967 -0.147363 -0.069028 0.244282
FixedParameters: 0 0 0

#Transform 144
Transform: AffineTransform_float_3_3
Parameters: 0.999981 0.00275638 -0.00551339 -0.00272962 0.999984 0.00496714 0.0055276 -0.00495185 0.999972 -0.117221 -0.0196671 0.127883
FixedParameters: 0 0 0

#Transform 145
Transform: AffineTransform_float_3_3
Parameters: 0.999976 0.00279752 -0.00630843 -0.00276948 0.999986 0.00452558 0.00632157 -0.00450742 0.99997 -0.120792 -0.0118192 0.179294
FixedParameters: 0 0 0

#Transform 146
Transform: AffineTransform_float_3_3
Parameters: 0.999977 0.00332168 -0.00592401 -0.00329232 0.999983 0.00484361 0.00593998 -0.00482438 0.99997 -0.136942 -0.0467321 0.235619
FixedParameters: 0 0 0

#Transform 147
Transform: AffineTransform_float_3_3
Parameters: 0.999979 0.00286515 -0.00581467 -0.00283984 0.999986 0.0043296 0.00582732 -0.00431239 0.999973 -0.119961 -0.0307255 0.154421
FixedParameters: 0 0 0

#Transform 148
Transform: AffineTransform_float_3_3
Parameters: 0.999977 0.00307343 -0.00592539 -0.00304957 0.999987 0.00412716 0.00593861 -0.00410984 0.999974 -0.109194 -0.0625401 0.15551
FixedParameters: 0 0 0

#Transform 149
Transform: AffineTransform_float_3_3
Parameters: 0.99998 0.00307377 -0.00563456 -0.00304923 0.999985 0.00439927 0.00564745 -0.00438173 0.999975 -0.125559 -0.0426872 0.213847
FixedParameters: 0 0 0

#Transform 150
Transform: AffineTransform_float_3_3
Parameters: 0.999983 0.0026197 -0.00521615 -0.00259929 0.999989 0.00378162 0.00522585 -0.00376737 0.999979 -0.112086 -0.00129644 0.109589
FixedParameters: 0 0 0

#Transform 151
Transform: AffineTransform_float_3_3
Parameters: 0.99998 0.00315633 -0.00535966 -0.00313666 0.999988 0.00361188 0.00537134 -0.00359511 0.999979 -0.121222 -0.0161191 0.0899898
FixedParameters: 0 0 0

#Transform 152
Transform: AffineTransform_float_3_3
Parameters: 0.999985 0.00262007 -0.00491736 -0.00259993 0.999989 0.00408385 0.00492764 -0.00407115 0.999979 -0.107998 0.0010377 0.100642
FixedParameters: 0 0 0

#Transform 153
Transform: AffineTransform_float_3_3
Parameters: 0.999987 0.00231618 -0.00457284 -0.00229982 0.999991 0.00354056 0.00458116 -0.00353044 0.999984 -0.0850966 0.00419738 0.0325815
FixedParameters: 0 0 0

#Transform 154
Transform: AffineTransform_float_3_3
Parameters: 0.999989 0.00231521 -0.0040273 -0.00229979 0.99999 0.0037763 0.0040367 -0.00376669 0.999985 -0.112456 0.0143008 0.0318608
FixedParameters: 0 0 0

#Transform 155
Transform: AffineTransform_float_3_3
Parameters: 0.999991 0.00214481 -0.00347468 -0.00212819 0.999986 0.00483444 0.00348432 -0.00482657 0.999983 -0.0829269 -0.0294508 0.0254174
FixedParameters: 0 0 0

#Transform 156
Transform: AffineTransform_float_3_3
Parameters: 0.99999 0.00232509 -0.00388359 -0.0023109 0.99999 0.00363001 0.0038924 -0.00362099 0.999986 -0.105777 0.00805986 -0.00132738
FixedParameters: 0 0 0

#Transform 157
Transform: AffineTransform_float_3_3
Parameters: 0.999988 0.00261728 -0.00411105 -0.00259972 0.999988 0.00420374 0.00412195 -0.00419326 0.999982 -0.113351 -0.0226798 0.037541
FixedParameters: 0 0 0

#Transform 158
Transform: AffineTransform_float_3_3
Parameters: 0.999985 0.00233966 -0.00504911 -0.00231634 0.999987 0.00468677 0.0050599 -0.00467524 0.999977 -0.0877769 -0.00795229 0.112086
FixedParameters: 0 0 0

#Transform 159
Transform: AffineTransform_float_3_3
Parameters: 0.999986 0.00247172 -0.0048119 -0.00244829 0.999985 0.00492785 0.00482411 -0.00491615 0.999977 -0.0954242 -0.0131107 0.138851
FixedParameters: 0 0 0

#Transform 160
Transform: AffineTransform_float_3_3
Parameters: 0.999987 0.0022145 -0.00456908 -0.00219651 0.99999 0.00404909 0.00457792 -0.00403892 0.999982 -0.0831183 -0.00122903 0.0629813
FixedParameters: 0 0 0

#Transform 161
Transform: AffineTransform_float_3_3
Parameters: 0.999986 0.00261971 -0.00462088 -0.00259929 0.999988 0.00426707 0.00463212 -0.00425493 0.99998 -0.0945733 -0.0119072 0.0539706
FixedParameters: 0 0 0

#Transform 162
Transform: AffineTransform_float_3_3
Parameters: 0.999989 0.00238604 -0.00401351 -0.00236997 0.999989 0.00399556 0.00402249 -0.00398645 0.999984 -0.100034 -0.0208706 0.0381791
FixedParameters: 0 0 0

#Transform 163
Transform: AffineTransform_float_3_3
Parameters: 0.999991 0.00195317 -0.00378672 -0.00193983 0.999991 0.00374338 0.00379328 -0.00373562 0.999986 -0.0698209 0.00514286 0.0197903
FixedParameters: 0 0 0

#Transform 164
Transform: AffineTransform_float_3_3
Parameters: 0.999991 0.00213941 -0.00372262 -0.00212359 0.999988 0.00440695 0.00373139 -0.00439906 0.999984 -0.102548 -0.0249937 0.0936138
FixedParameters: 0 0 0

#Transform 165
Transform: AffineTransform_float_3_3
Parameters: 0.999993 0.00195603 -0.00316855 -0.00193897 0.999983 0.00536918 0.00317945 -0.00536281 0.99998 -0.106176 0.00997918 0.147055
FixedParameters: 0 0 0

#Transform 166
Transform: AffineTransform_float_3_3
Parameters: 0.999991 0.00126002 -0.00400375 -0.00124098 0.999986 0.00499801 0.00401025 -0.00499299 0.999979 -0.0473495 -0.0568522 0.0882286
FixedParameters: 0 0 0

#Transform 167
Transform: AffineTransform_float_3_3
Parameters: 0.999992 0.00153386 -0.00385437 -0.00151215 0.999983 0.00566687 0.00386263 -0.00566112 0.999976 -0.0904844 -0.0339232 0.134013
FixedParameters: 0 0 0

#Transform 168
Transform: AffineTransform_float_3_3
Parameters: 0.999991 0.00154548 -0.00378049 -0.00151253 0.99996 0.00884179 0.00379352 -0.00883621 0.999954 -0.119346 -0.0397729 0.186582
FixedParameters: 0 0 0

#Transform 169
Transform: AffineTransform_float_3_3
Parameters: 0.999992 0.0015368 -0.00368676 -0.0015122 0.999977 0.00672063 0.00369724 -0.00671537 0.99997 -0.133548 -0.0133406 0.183337
FixedParameters: 0 0 0

#Transform 170
Transform: AffineTransform_float_3_3
Parameters: 0.999991 0.00153755 -0.00398022 -0.00151245 0.999979 0.00641408 0.00398978 -0.00640792 0.999971 -0.110834 -0.0135293 0.208783
FixedParameters: 0 0 0

#Transform 171
Transform: AffineTransform_float_3_3
Parameters: 0.999988 0.00230291 -0.00436892 -0.00227609 0.999979 0.00615402 0.00438308 -0.00614398 0.999971 -0.126737 -0.013776 0.233104
FixedParameters: 0 0 0

#Transform 172
Transform: AffineTransform_float_3_3
Parameters: 0.999988 0.00194188 -0.00454719 -0.00191411 0.99998 0.00612778 0.0045598 -0.00611822 0.999971 -0.120766 0.00216745 0.251108
FixedParameters: 0 0 0

#Transform 173
Transform: AffineTransform_float_3_3
Parameters: 0.999991 0.00216681 -0.00346516 -0.00215119 0.999988 0.00455949 0.00347583 -0.00455251 0.999983 -0.118608 0.00811349 0.147566
FixedParameters: 0 0 0

#Transform 174
Transform: AffineTransform_float_3_3
Parameters: 0.999992 0.00216605 -0.00351778 -0.00215095 0.999989 0.0042756 0.00352722 -0.0042684 0.999984 -0.136093 -0.0496335 0.106891
FixedParameters: 0 0 0

#Transform 175
Transform: AffineTransform_float_3_3
Parameters: 0.999993 0.00172651 -0.00346634 -0.00170949 0.999986 0.00504796 0.00347567 -0.00504204 0.999981 -0.111071 -0.0366533 0.187084
FixedParameters: 0 0 0

#Transform 176
Transform: AffineTransform_float_3_3
Parameters: 0.999989 0.00217312 -0.00413445 -0.00215088 0.999984 0.00534795 0.00414555 -0.00533905 0.999977 -0.143253 -0.0181919 0.216309
FixedParameters: 0 0 0

#Transform 177
Transform: AffineTransform_float_3_3
Parameters: 0.999992 0.00217168 -0.00354642 -0.00215131 0.99998 0.00582568 0.00355959 -0.00581832 0.999976 -0.126362 -0.00368439 0.2476
FixedParameters: 0 0 0

#Transform 178
Transform: AffineTransform_float_3_3
Parameters: 0.999989 0.00216959 -0.00398093 -0.00215142 0.999987 0.00466761 0.00399008 -0.00465939 0.999981 -0.123362 -0.0286687 0.194655
FixedParameters: 0 0 0

#Transform 179
Transform: AffineTransform_float_3_3
Parameters: 0.999987 0.00249186 -0.00434497 -0.00246914 0.999983 0.00525879 0.00435803 -0.00524821 0.999976 -0.101874 -0.0251279 0.259549
FixedParameters: 0 0 0

#Transform 180
Transform: AffineTransform_float_3_3
Parameters: 0.999984 0.00277036 -0.00483372 -0.00274065 0.999976 0.00627534 0.00485027 -0.00626266 0.999968 -0.119215 -0.0343744 0.332952
FixedParameters: 0 0 0

#Transform 181
Transform: AffineTransform_float_3_3
Parameters: 0.999988 0.00274595 -0.00400142 -0.00272905 0.999988 0.00423497 0.00401358 -0.00422403 0.999983 -0.113424 -0.0831976 0.207424
FixedParameters: 0 0 0

#Transform 182
Transform: AffineTransform_float_3_3
Parameters: 0.999989 0.00325747 -0.00336979 -0.00325053 0.999993 0.00222098 0.00337721 -0.00221002 0.999992 -0.146861 -0.0204187 0.100038
FixedParameters: 0 0 0

#Transform 183
Transform: AffineTransform_float_3_3
Parameters: 0.999991 0.00259315 -0.00330985 -0.00258385 0.999993 0.00276558 0.00331715 -0.00275742 0.99999 -0.126009 -0.00296721 0.056823
FixedParameters: 0 0 0

#Transform 184
Transform: AffineTransform_float_3_3
Parameters: 0.999989 0.00235206 -0.00388953 -0.00233794 0.99999 0.00361613 0.00389747 -0.00360787 0.999986 -0.100376 -0.0606615 0.148944
FixedParameters: 0 0 0

#Transform 185
Transform: AffineTransform_float_3_3
Parameters: 0.999987 0.00253759 -0.00436783 -0.0025204 0.999988 0.00402906 0.00437818 -0.00401794 0.999983 -0.0983459 -0.0562734 0.185408
FixedParameters: 0 0 0

#Transform 186
Transform: AffineTransform_float_3_3
Parameters: 0.999983 0.00260038 -0.00507364 -0.00258463 0.999992 0.00323117 0.00508136 -0.00321884 0.999982 -0.0942884 -0.0611307 0.198234
FixedParameters: 0 0 0

#Transform 187
