# transform file /out/sourcedata/freesurfer/sub-v2s2x29076_ses-1/mri/transforms/cc_up.lta
# created by oesteban on Thu Mar 12 23:45:31 2026

type      = 0 # LINEAR_VOX_TO_VOX
nxforms   = 1
mean      = 130.0000 133.0000 128.0000
sigma     = 10000.0000
1 4 4
9.990460276603699e-01 3.627221286296844e-02 2.431833185255527e-02 -9.087562561035156e+00 
-3.626146912574768e-02 9.993419647216797e-01 -8.826604462228715e-04 1.793631172180176e+01 
-2.433434501290321e-02 0.000000000000000e+00 9.997039437294006e-01 2.223671197891235e+00 
0.000000000000000e+00 0.000000000000000e+00 0.000000000000000e+00 1.000000000000000e+00 
src volume info
valid = 1  # volume info valid
filename = /out/sourcedata/freesurfer/sub-v2s2x29076_ses-1/mri/norm.mgz
volume = 256 256 256
voxelsize = 8.984374403953552e-01 8.984374403953552e-01 8.984374403953552e-01
xras   = -1.000000000000000e+00 0.000000000000000e+00 0.000000000000000e+00
yras   = 0.000000000000000e+00 0.000000000000000e+00 -1.000000119209290e+00
zras   = 0.000000000000000e+00 1.000000000000000e+00 0.000000000000000e+00
cras   = -2.049980163574219e+00 -2.080280303955078e+01 4.478088378906250e+00
dst volume info
valid = 1  # volume info valid
filename = /out/sourcedata/freesurfer/sub-v2s2x29076_ses-1/mri/norm.mgz
volume = 256 256 256
voxelsize = 8.984374403953552e-01 8.984374403953552e-01 8.984374403953552e-01
xras   = -1.000000000000000e+00 0.000000000000000e+00 0.000000000000000e+00
yras   = 0.000000000000000e+00 0.000000000000000e+00 -1.000000119209290e+00
zras   = 0.000000000000000e+00 1.000000000000000e+00 0.000000000000000e+00
cras   = -2.049980163574219e+00 -2.080280303955078e+01 4.478088378906250e+00
