# transform file /out/sourcedata/freesurfer/sub-v2s2x29068_ses-1/mri/transforms/cc_up.lta
# created by oesteban on Thu Mar 12 23:27:53 2026

type      = 0 # LINEAR_VOX_TO_VOX
nxforms   = 1
mean      = 129.0000 148.0000 121.0000
sigma     = 10000.0000
1 4 4
9.978471398353577e-01 -5.621035024523735e-02 3.378487378358841e-02 4.150077819824219e+00 
5.617816001176834e-02 9.984189271926880e-01 1.902066986076534e-03 -1.123800182342529e+01 
-3.383837267756462e-02 0.000000000000000e+00 9.994272589683533e-01 2.742528343200684e+01 
0.000000000000000e+00 0.000000000000000e+00 0.000000000000000e+00 1.000000000000000e+00 
src volume info
valid = 1  # volume info valid
filename = /out/sourcedata/freesurfer/sub-v2s2x29068_ses-1/mri/norm.mgz
volume = 256 256 256
voxelsize = 8.984374403953552e-01 8.984374403953552e-01 8.984374403953552e-01
xras   = -1.000000000000000e+00 0.000000000000000e+00 0.000000000000000e+00
yras   = 0.000000000000000e+00 0.000000000000000e+00 -1.000000119209290e+00
zras   = 0.000000000000000e+00 1.000000000000000e+00 0.000000000000000e+00
cras   = -1.948867797851562e+00 -2.519318389892578e+01 5.496383666992188e+00
dst volume info
valid = 1  # volume info valid
filename = /out/sourcedata/freesurfer/sub-v2s2x29068_ses-1/mri/norm.mgz
volume = 256 256 256
voxelsize = 8.984374403953552e-01 8.984374403953552e-01 8.984374403953552e-01
xras   = -1.000000000000000e+00 0.000000000000000e+00 0.000000000000000e+00
yras   = 0.000000000000000e+00 0.000000000000000e+00 -1.000000119209290e+00
zras   = 0.000000000000000e+00 1.000000000000000e+00 0.000000000000000e+00
cras   = -1.948867797851562e+00 -2.519318389892578e+01 5.496383666992188e+00
