# transform file /out/sourcedata/freesurfer/sub-v2s2x29081_ses-1/mri/transforms/cc_up.lta
# created by oesteban on Fri Mar 13 00:27:30 2026

type      = 0 # LINEAR_VOX_TO_VOX
nxforms   = 1
mean      = 132.0000 150.0000 122.0000
sigma     = 10000.0000
1 4 4
9.981610178947449e-01 -5.064612999558449e-02 3.330999612808228e-02 1.404132962226868e+00 
5.061795189976692e-02 9.987166523933411e-01 1.689190277829766e-03 -1.259201908111572e+01 
-3.335279971361160e-02 -1.164153218269348e-10 9.994436502456665e-01 2.139508056640625e+01 
0.000000000000000e+00 0.000000000000000e+00 0.000000000000000e+00 1.000000000000000e+00 
src volume info
valid = 1  # volume info valid
filename = /out/sourcedata/freesurfer/sub-v2s2x29081_ses-1/mri/norm.mgz
volume = 256 256 256
voxelsize = 8.984374403953552e-01 8.984374403953552e-01 8.984374403953552e-01
xras   = -1.000000119209290e+00 0.000000000000000e+00 0.000000000000000e+00
yras   = 0.000000000000000e+00 0.000000000000000e+00 -1.000000119209290e+00
zras   = 0.000000000000000e+00 1.000000000000000e+00 0.000000000000000e+00
cras   = 2.038040161132812e+00 -1.496314239501953e+01 2.674745559692383e+01
dst volume info
valid = 1  # volume info valid
filename = /out/sourcedata/freesurfer/sub-v2s2x29081_ses-1/mri/norm.mgz
volume = 256 256 256
voxelsize = 8.984374403953552e-01 8.984374403953552e-01 8.984374403953552e-01
xras   = -1.000000119209290e+00 0.000000000000000e+00 0.000000000000000e+00
yras   = 0.000000000000000e+00 0.000000000000000e+00 -1.000000119209290e+00
zras   = 0.000000000000000e+00 1.000000000000000e+00 0.000000000000000e+00
cras   = 2.038040161132812e+00 -1.496314239501953e+01 2.674745559692383e+01
