#Insight Transform File V1.0
#Transform 0
Transform: AffineTransform_float_3_3
Parameters: 0.999997 -0.00204606 0.000794852 0.00204594 0.999998 7.26264e-05 -0.000795145 -7.03732e-05 0.999999 0.176099 0.116235 -0.133433
FixedParameters: 0 0 0

#Transform 1
Transform: AffineTransform_float_3_3
Parameters: 0.999998 -0.00195685 0.000499578 0.00195715 0.999998 -0.000295023 -0.000498422 0.000295976 1 0.175025 0.0873726 -0.119048
FixedParameters: 0 0 0

#Transform 2
Transform: AffineTransform_float_3_3
Parameters: 0.999998 -0.00152404 0.000480865 0.00152396 0.999999 8.87329e-05 -0.000481135 -8.82668e-05 1 0.148268 0.0915837 -0.125664
FixedParameters: 0 0 0

#Transform 3
Transform: AffineTransform_float_3_3
Parameters: 0.999999 -0.00152403 0.000358865 0.00152397 0.999999 8.8547e-05 -0.000359134 -8.74528e-05 1 0.146849 0.0868618 -0.0878639
FixedParameters: 0 0 0

#Transform 4
Transform: AffineTransform_float_3_3
Parameters: 0.999998 -0.001524 0.000481005 0.001524 0.999999 -3.26695e-06 -0.000480995 3.73304e-06 1 0.136286 0.0537989 -0.112281
FixedParameters: 0 0 0

#Transform 5
Transform: AffineTransform_float_3_3
Parameters: 0.999998 -0.00152404 0.000480865 0.00152396 0.999999 8.87329e-05 -0.000481135 -8.82668e-05 1 0.151088 0.0535783 -0.11019
FixedParameters: 0 0 0

#Transform 6
Transform: AffineTransform_float_3_3
Parameters: 0.999999 -0.00127805 0.000182633 0.00127795 0.999999 0.000287234 -0.000183367 -0.000286766 1 0.118967 0.0524684 -0.125513
FixedParameters: 0 0 0

#Transform 7
Transform: AffineTransform_float_3_3
Parameters: 0.999999 -0.00128797 9.6443e-05 0.00128803 0.999999 -0.000343876 -9.65569e-05 0.000344125 1 0.11667 0.0542644 -0.139762
FixedParameters: 0 0 0

#Transform 8
Transform: AffineTransform_float_3_3
Parameters: 1 -0.00118201 0.000150896 0.00118199 1 8.81784e-05 -0.000151104 -8.78215e-05 1 0.0885125 0.0904397 -0.0788085
FixedParameters: 0 0 0

#Transform 9
Transform: AffineTransform_float_3_3
Parameters: 0.999999 -0.00109899 7.51395e-05 0.00109901 1 -0.000126918 -7.48603e-05 0.000127082 1 0.112715 -0.00129184 -0.0807813
FixedParameters: 0 0 0

#Transform 10
Transform: AffineTransform_float_3_3
Parameters: 1 -0.00109894 -0.00014448 0.00109906 1 0.000436842 0.00014352 -0.000437158 1 0.11803 0.0490078 -0.0702931
FixedParameters: 0 0 0

#Transform 11
Transform: AffineTransform_float_3_3
Parameters: 0.999999 -0.00124302 -8.36444e-05 0.00124298 0.999999 -0.000286104 8.33567e-05 0.000286897 1 0.136267 0.00763436 -0.028511
FixedParameters: 0 0 0

#Transform 12
Transform: AffineTransform_float_3_3
Parameters: 0.999999 -0.000879002 -0.000111977 0.000878996 0.999999 -2.60984e-05 0.000112023 2.59015e-05 1 0.0932949 0.0420588 -0.0976201
FixedParameters: 0 0 0

#Transform 13
Transform: AffineTransform_float_3_3
Parameters: 1 -0.00109912 -0.000333603 0.00109888 1 -0.000361367 0.000333398 0.000361634 1 0.100326 0.00890633 -0.0386573
FixedParameters: 0 0 0

#Transform 14
Transform: AffineTransform_float_3_3
Parameters: 0.999999 -0.000697001 0.000315996 0.000696998 1 5.22025e-06 -0.000316003 -4.77975e-06 1 0.057173 0.0440887 -0.0271022
FixedParameters: 0 0 0

#Transform 15
Transform: AffineTransform_float_3_3
Parameters: 1 -0.000413954 0.000142133 0.000414046 1 -0.000321941 -0.000141867 0.000322059 1 0.0542926 0.00598959 -0.00609439
FixedParameters: 0 0 0

#Transform 16
Transform: AffineTransform_float_3_3
Parameters: 1 -0.00029313 -0.000393903 0.00029287 1 -0.000329115 0.000394096 0.000328884 1 0.0597045 0.0876204 -0.0772253
FixedParameters: 0 0 0

#Transform 17
Transform: AffineTransform_float_3_3
Parameters: 1 -0.000190291 -0.000393859 0.000189709 0.999999 -0.000739074 0.00039414 0.000738925 0.999999 0.047361 0.0345802 -0.0604381
FixedParameters: 0 0 0

#Transform 18
Transform: AffineTransform_float_3_3
Parameters: 1 0.00022797 -9.60718e-05 -0.00022803 1 -0.000314978 9.59282e-05 0.000315022 1 0.0220483 0.0510494 -0.0293731
FixedParameters: 0 0 0

#Transform 19
Transform: AffineTransform_float_3_3
Parameters: 1 -0.000308133 -0.000429905 0.000307867 1 -0.000309132 0.000430095 0.000308867 1 0.0500926 0.0336886 -0.0694679
FixedParameters: 0 0 0

#Transform 20
Transform: AffineTransform_float_3_3
Parameters: 1 -0.00021005 0.000247957 0.00021095 1 0.000203052 -0.000248043 -0.000202948 1 0.0052219 -0.00470934 0.0119283
FixedParameters: 0 0 0

#Transform 21
Transform: AffineTransform_float_3_3
Parameters: 1 -0.00020987 -0.000414066 0.00021013 1 0.000313913 0.000414934 -0.000314087 1 0.0532475 0.0445039 -0.112308
FixedParameters: 0 0 0

#Transform 22
Transform: AffineTransform_float_3_3
Parameters: 1 0.000155799 -0.000616051 -0.000156201 1 -0.000325904 0.000615949 0.000326096 1 0.0354126 0.0664972 -0.117652
FixedParameters: 0 0 0

#Transform 23
Transform: AffineTransform_float_3_3
Parameters: 0.999999 0.000184278 -0.000824937 -0.000183722 1 0.000337152 0.000825061 -0.000336848 0.999999 0.0212773 0.0955516 -0.136806
FixedParameters: 0 0 0

#Transform 24
Transform: AffineTransform_float_3_3
Parameters: 0.999999 0.000125423 -0.000918943 -0.000124578 1 0.000459115 0.000919057 -0.000459885 1 0.0241162 -0.0475732 -0.0837783
FixedParameters: 0 0 0

#Transform 25
Transform: AffineTransform_float_3_3
Parameters: 0.999999 -0.000210856 -0.000824781 0.000210143 1 -0.00103817 0.000825218 0.00103783 0.999999 0.0442107 -0.000144455 -0.0556071
FixedParameters: 0 0 0

#Transform 26
Transform: AffineTransform_float_3_3
Parameters: 1 -7.55167e-06 -0.000639994 6.44831e-06 0.999999 -0.000862004 0.000640006 0.000861995 1 0.0158277 0.0214146 -0.0940579
FixedParameters: 0 0 0

#Transform 27
Transform: AffineTransform_float_3_3
Parameters: 0.999999 -0.000210711 -0.000824819 0.000210289 0.999999 -0.000862174 0.000825181 0.000861826 1 0.0442386 0.0376958 -0.10753
FixedParameters: 0 0 0

#Transform 28
Transform: AffineTransform_float_3_3
Parameters: 0.999999 0.000167753 -0.000705058 -0.000168247 1 -0.000349881 0.000704941 0.000350118 0.999999 0.000975804 0.0184514 -0.0961065
FixedParameters: 0 0 0

#Transform 29
Transform: AffineTransform_float_3_3
Parameters: 0.999999 6.05256e-05 -0.000825035 -6.04743e-05 1 -0.00057495 0.000824965 0.00057505 1 0.0380882 0.00705648 -0.162241
FixedParameters: 0 0 0

#Transform 30
Transform: AffineTransform_float_3_3
Parameters: 1 4.89693e-05 -0.001096 -4.80307e-05 1 -2.79474e-05 0.001096 2.80537e-05 1 0.0340856 -0.0168375 -0.149243
FixedParameters: 0 0 0

#Transform 31
Transform: AffineTransform_float_3_3
Parameters: 0.999999 8.85092e-05 -0.00141003 -8.9492e-05 1 -0.000348874 0.00140997 0.000348125 0.999999 0.0312745 0.0118011 -0.20145
FixedParameters: 0 0 0

#Transform 32
Transform: AffineTransform_float_3_3
Parameters: 0.999997 0.00059591 -0.0022825 -0.000594092 1 0.000836359 0.0022835 -0.000835642 0.999997 0.0578543 -0.0203234 -0.0729503
FixedParameters: 0 0 0

#Transform 33
Transform: AffineTransform_float_3_3
Parameters: 0.999998 0.00120543 -0.0017257 -0.00120456 0.999999 0.000253079 0.0017263 -0.00025092 0.999999 0.0231791 -0.00103947 -0.103448
FixedParameters: 0 0 0

#Transform 34
Transform: AffineTransform_float_3_3
Parameters: 0.999998 0.000934408 -0.00208282 -0.000933592 0.999999 0.000196945 0.00208318 -0.000195054 0.999998 0.000540809 0.0338126 -0.165192
FixedParameters: 0 0 0

#Transform 35
Transform: AffineTransform_float_3_3
Parameters: 0.999998 0.00152042 -0.00164762 -0.00151958 0.999999 0.000253504 0.00164838 -0.000250494 0.999998 -0.0143554 -0.0410378 -0.0432192
FixedParameters: 0 0 0

#Transform 36
Transform: AffineTransform_float_3_3
Parameters: 0.999998 0.00120517 -0.0019989 -0.00120483 1 8.74086e-05 0.00199911 -8.5591e-05 0.999998 -0.0058543 0.0411297 -0.180929
FixedParameters: 0 0 0

#Transform 37
Transform: AffineTransform_float_3_3
Parameters: 0.999998 0.00120534 -0.0019988 -0.00120466 1 0.000171408 0.00199921 -0.000168591 0.999998 -0.00592144 0.0150768 -0.163047
FixedParameters: 0 0 0

#Transform 38
Transform: AffineTransform_float_3_3
Parameters: 0.999996 0.00120612 -0.00253747 -0.00120488 0.999999 0.000444059 0.00253853 -0.00044094 0.999996 -0.00460713 0.0037599 -0.155804
FixedParameters: 0 0 0

#Transform 39
Transform: AffineTransform_float_3_3
Parameters: 0.999997 0.000757496 -0.00198181 -0.000756503 0.999999 0.0002515 0.00198219 -0.000249499 0.999998 0.0317663 0.0174748 -0.0983575
FixedParameters: 0 0 0

#Transform 40
Transform: AffineTransform_float_3_3
Parameters: 0.999996 0.00133535 -0.00224179 -0.00133565 0.999999 0.000156995 0.00224121 -0.000154008 0.999997 0.000977527 0.0689964 -0.218549
FixedParameters: 0 0 0

#Transform 41
Transform: AffineTransform_float_3_3
Parameters: 0.999996 0.00143573 -0.00251815 -0.00143626 0.999999 -0.000103384 0.00251785 0.000107615 0.999997 -0.0128698 0.0317779 -0.215138
FixedParameters: 0 0 0

#Transform 42
Transform: AffineTransform_float_3_3
Parameters: 0.999995 0.0015051 -0.00251674 -0.0015029 0.999998 0.000836786 0.00251726 -0.000833215 0.999997 -0.00175533 0.0144086 -0.132339
FixedParameters: 0 0 0

#Transform 43
Transform: AffineTransform_float_3_3
Parameters: 0.999995 0.00107994 -0.00294139 -0.00108106 1 -0.000357822 0.00294061 0.000361177 0.999995 0.0382336 -0.0192443 -0.124646
FixedParameters: 0 0 0

#Transform 44
Transform: AffineTransform_float_3_3
Parameters: 0.999994 0.00183709 -0.00294157 -0.00183791 0.999999 -0.000305595 0.00294043 0.000311404 0.999995 -0.0118878 0.0472458 -0.180918
FixedParameters: 0 0 0

#Transform 45
Transform: AffineTransform_float_3_3
Parameters: 0.999995 0.00134485 -0.00268408 -0.00134715 0.999999 -0.000799388 0.00268292 0.000802612 0.999996 0.0201625 0.0493157 -0.169796
FixedParameters: 0 0 0

#Transform 46
Transform: AffineTransform_float_3_3
Parameters: 0.999997 0.00144547 -0.00223335 -0.00144654 0.999999 -0.00023777 0.00223365 0.000240229 0.999997 -0.0252607 0.0429677 -0.113366
FixedParameters: 0 0 0

#Transform 47
Transform: AffineTransform_float_3_3
Parameters: 0.999996 0.000757374 -0.0027729 -0.000756625 0.999999 0.000136099 0.0027731 -0.0001339 0.999996 0.0373213 -0.0228872 -0.0960116
FixedParameters: 0 0 0

#Transform 48
Transform: AffineTransform_float_3_3
Parameters: 0.999998 0.000310211 -0.00231357 -0.000307791 0.999999 0.00138772 0.00231343 -0.00138729 0.999997 0.0282299 -0.0485623 0.031366
FixedParameters: 0 0 0

#Transform 49
Transform: AffineTransform_float_3_3
Parameters: 0.999997 -0.000127842 -0.00218601 0.000127157 1 7.17222e-05 0.00218599 -7.22796e-05 0.999997 0.0781543 -0.0396256 0.0180642
FixedParameters: 0 0 0

#Transform 50
Transform: AffineTransform_float_3_3
Parameters: 0.999999 0.000547778 -0.00168275 -0.000546222 0.999999 0.00046292 0.00168325 -0.000462078 0.999998 0.0295296 -0.0199101 -0.0315512
FixedParameters: 0 0 0

#Transform 51
Transform: AffineTransform_float_3_3
Parameters: 0.999997 0.000351964 -0.00218785 -0.000351036 1 0.000440769 0.00218816 -0.000440231 0.999998 0.0362866 -0.0413394 -0.099793
FixedParameters: 0 0 0

#Transform 52
Transform: AffineTransform_float_3_3
Parameters: 0.999998 0.000819068 -0.00177197 -0.000818933 0.999999 3.84512e-05 0.00177203 -3.75487e-05 0.999999 0.00152718 0.0294054 -0.0514818
FixedParameters: 0 0 0

#Transform 53
Transform: AffineTransform_float_3_3
Parameters: 0.999997 0.000961676 -0.00222871 -0.000961325 1 0.000304144 0.00222829 -0.000301858 0.999998 -0.00263511 -0.0169493 -0.1273
FixedParameters: 0 0 0

#Transform 54
Transform: AffineTransform_float_3_3
Parameters: 0.999996 0.000959867 -0.00238945 -0.000961132 1 -0.000472705 0.00238854 0.000475294 0.999997 -0.00233808 0.0061717 -0.0862669
FixedParameters: 0 0 0

#Transform 55
Transform: AffineTransform_float_3_3
Parameters: 0.999996 0.000961502 -0.00259981 -0.000960498 1 0.000194498 0.00260018 -0.000191501 0.999996 -0.00435956 0.0305872 -0.147241
FixedParameters: 0 0 0

#Transform 56
Transform: AffineTransform_float_3_3
Parameters: 0.999997 0.00114632 -0.00244185 -0.00114568 1 0.000131798 0.00244215 -0.000128201 0.999997 -0.0131273 -0.0288457 -0.101008
FixedParameters: 0 0 0

#Transform 57
Transform: AffineTransform_float_3_3
Parameters: 0.999996 0.00096202 -0.00284966 -0.000960982 1 0.00035874 0.00285034 -0.00035626 0.999996 -0.0133345 0.0141233 -0.157208
FixedParameters: 0 0 0

#Transform 58
Transform: AffineTransform_float_3_3
Parameters: 0.999996 0.001511 -0.00266244 -0.00151 0.999999 0.000376022 0.00266357 -0.000371977 0.999997 -0.0400574 0.00292761 -0.121467
FixedParameters: 0 0 0

#Transform 59
Transform: AffineTransform_float_3_3
Parameters: 0.999996 0.00115017 -0.00284953 -0.00114883 1 0.000413276 0.00285047 -0.000409723 0.999996 -0.0140937 -0.0387927 -0.182134
FixedParameters: 0 0 0

#Transform 60
Transform: AffineTransform_float_3_3
Parameters: 0.999996 0.00145719 -0.00249489 -0.00145681 0.999999 7.76349e-05 0.00249511 -7.33645e-05 0.999997 -0.0679891 0.00678404 -0.0924142
FixedParameters: 0 0 0

#Transform 61
Transform: AffineTransform_float_3_3
Parameters: 0.999994 0.00155366 -0.00302769 -0.00155534 0.999998 -0.000441293 0.00302731 0.000445706 0.999996 -0.0575671 -0.00389043 -0.182684
FixedParameters: 0 0 0

#Transform 62
Transform: AffineTransform_float_3_3
Parameters: 0.999994 0.00164566 -0.00285777 -0.00164733 0.999998 -0.000464295 0.00285723 0.000469704 0.999996 -0.0840276 -0.0380048 -0.12491
FixedParameters: 0 0 0

#Transform 63
Transform: AffineTransform_float_3_3
Parameters: 0.999993 0.00150983 -0.00319808 -0.00151016 0.999999 -4.91707e-05 0.00319792 5.38287e-05 0.999995 -0.0392378 -0.0222153 -0.142493
FixedParameters: 0 0 0

#Transform 64
Transform: AffineTransform_float_3_3
Parameters: 0.999993 0.000958372 -0.00367668 -0.000960626 1 -0.000712473 0.00367631 0.000716529 0.999993 0.0128431 -0.0633795 -0.0910106
FixedParameters: 0 0 0

#Transform 65
Transform: AffineTransform_float_3_3
Parameters: 0.999992 0.00131971 -0.00373681 -0.00132229 0.999999 -0.000610064 0.00373619 0.000614935 0.999993 0.00504138 -0.0149684 -0.146049
FixedParameters: 0 0 0

#Transform 66
Transform: AffineTransform_float_3_3
Parameters: 0.999993 0.00166668 -0.00354809 -0.00166832 0.999999 -0.000651086 0.00354691 0.000656917 0.999994 -0.0188341 -0.0708276 -0.0846551
FixedParameters: 0 0 0

#Transform 67
Transform: AffineTransform_float_3_3
Parameters: 0.999989 0.00221195 -0.0041425 -0.00221105 0.999997 0.000233162 0.00414251 -0.000223839 0.999992 -0.0331766 -0.077664 -0.0355955
FixedParameters: 0 0 0

#Transform 68
Transform: AffineTransform_float_3_3
Parameters: 0.999989 0.00220968 -0.00414371 -0.00221032 0.999998 -0.000314845 0.0041433 0.000324159 0.999992 -0.0354834 -0.0934718 -0.0209114
FixedParameters: 0 0 0

#Transform 69
Transform: AffineTransform_float_3_3
Parameters: 0.999988 0.00220958 -0.00442371 -0.00221041 0.999997 -0.000315226 0.00442329 0.000324778 0.99999 -0.027929 -0.0191359 -0.109275
FixedParameters: 0 0 0

#Transform 70
Transform: AffineTransform_float_3_3
Parameters: 0.999988 0.00212242 -0.00425828 -0.00212457 0.999997 -0.000599959 0.00425671 0.000609041 0.999991 -0.0536429 -0.0812331 -0.0969465
FixedParameters: 0 0 0

#Transform 71
Transform: AffineTransform_float_3_3
Parameters: 0.999987 0.00180146 -0.00478182 -0.00180054 0.999999 0.000101611 0.00478117 -9.23881e-05 0.999988 -0.0270782 0.0214719 -0.0585486
FixedParameters: 0 0 0

#Transform 72
Transform: AffineTransform_float_3_3
Parameters: 0.99999 0.00177943 -0.0039755 -0.00178457 0.999998 -0.00139892 0.0039735 0.00140608 0.999991 0.0148748 -0.0490954 -0.0977121
FixedParameters: 0 0 0

#Transform 73
Transform: AffineTransform_float_3_3
Parameters: 0.99999 0.00172765 -0.00397445 -0.00173135 0.999998 -0.000839127 0.00397354 0.000845873 0.999991 0.00271864 0.00619829 -0.13693
FixedParameters: 0 0 0

#Transform 74
Transform: AffineTransform_float_3_3
Parameters: 0.999992 0.000703438 -0.00397363 -0.000707563 1 -0.000895196 0.00397337 0.000897802 0.999991 0.0464212 -0.0308939 -0.20014
FixedParameters: 0 0 0

#Transform 75
Transform: AffineTransform_float_3_3
Parameters: 0.999993 0.00021624 -0.00378443 -0.000205759 0.999997 0.0027058 0.00378557 -0.0027052 0.999989 0.0788573 0.0959317 -0.141467
FixedParameters: 0 0 0

#Transform 76
Transform: AffineTransform_float_3_3
Parameters: 0.999993 -0.00161351 -0.00315574 0.00161349 0.999998 -0.000165093 0.00315626 0.000159908 0.999995 0.170189 -0.0759995 0.0434231
FixedParameters: 0 0 0

#Transform 77
Transform: AffineTransform_float_3_3
Parameters: 0.999995 -0.00130496 -0.00291679 0.00130004 0.999997 -0.0017028 0.00291922 0.0016992 0.999995 0.175304 -0.164415 0.146873
FixedParameters: 0 0 0

#Transform 78
Transform: AffineTransform_float_3_3
Parameters: 0.999996 -0.000996376 -0.00271913 0.000993625 0.999999 -0.000874706 0.00271987 0.000872294 0.999996 0.13665 0.0357153 -0.0153497
FixedParameters: 0 0 0

#Transform 79
Transform: AffineTransform_float_3_3
Parameters: 0.999996 -0.000684909 -0.00271952 0.00068309 0.999999 -0.00070286 0.00272048 0.000701139 0.999996 0.120177 -0.0217428 0.0122978
FixedParameters: 0 0 0

#Transform 80
Transform: AffineTransform_float_3_3
Parameters: 0.999997 -0.00012857 -0.00271988 0.000125429 0.999999 -0.000945344 0.00272012 0.000944653 0.999996 0.102355 0.0243962 -0.00859617
FixedParameters: 0 0 0

#Transform 81
Transform: AffineTransform_float_3_3
Parameters: 0.999994 0.000584684 -0.0032606 -0.000588316 1 -0.00101609 0.0032604 0.00101791 0.999994 0.0766855 -0.00660185 -0.00935701
FixedParameters: 0 0 0

#Transform 82
Transform: AffineTransform_float_3_3
Parameters: 0.999995 0.000585996 -0.00332836 -0.000588004 0.999999 -0.000601046 0.00332865 0.000602954 0.999995 0.0828924 -0.0619946 -0.0267922
FixedParameters: 0 0 0

#Transform 83
Transform: AffineTransform_float_3_3
Parameters: 0.999993 0.000583272 -0.00367975 -0.000588728 0.999999 -0.00128384 0.00367925 0.00128616 0.999993 0.0972004 -0.0658197 -0.08368
FixedParameters: 0 0 0

#Transform 84
Transform: AffineTransform_float_3_3
Parameters: 0.99999 -0.000124898 -0.00430191 0.000122104 1 -0.000673531 0.00430208 0.000673468 0.99999 0.110022 0.0302027 -0.192515
FixedParameters: 0 0 0

#Transform 85
Transform: AffineTransform_float_3_3
Parameters: 0.999993 -0.000670991 -0.00365245 0.000668008 1 -0.000820446 0.00365355 0.000817554 0.999993 0.147376 -0.0742958 -0.241297
FixedParameters: 0 0 0

#Transform 86
Transform: AffineTransform_float_3_3
Parameters: 0.999994 -0.00107678 -0.00324973 0.00107922 0.999999 0.000680497 0.00324826 -0.000684501 0.999994 0.154369 -0.212032 0.168416
FixedParameters: 0 0 0

#Transform 87
Transform: AffineTransform_float_3_3
Parameters: 0.999995 -0.0015057 -0.00276208 0.0015033 0.999998 -0.000616155 0.00276292 0.000611843 0.999996 0.194625 -0.0205181 0.0053735
FixedParameters: 0 0 0

#Transform 88
Transform: AffineTransform_float_3_3
Parameters: 0.999996 -0.00109137 -0.00254299 0.00108863 0.999999 -0.000932772 0.00254402 0.000930227 0.999997 0.180679 -0.0684429 0.0236376
FixedParameters: 0 0 0

#Transform 89
Transform: AffineTransform_float_3_3
Parameters: 0.999995 -0.00117683 -0.00290886 0.00117417 0.999999 -0.00097442 0.00291014 0.00097058 0.999996 0.183521 0.0149407 -0.0189502
FixedParameters: 0 0 0

#Transform 90
Transform: AffineTransform_float_3_3
Parameters: 0.999996 -0.000817998 -0.00274822 0.000812002 0.999998 -0.00218324 0.00274978 0.00218076 0.999994 0.157408 0.0681029 -0.189573
FixedParameters: 0 0 0

#Transform 91
Transform: AffineTransform_float_3_3
Parameters: 0.999994 -0.00102506 -0.00332283 0.00101794 0.999997 -0.0021274 0.00332417 0.00212361 0.999992 0.149812 0.0243801 -0.274313
FixedParameters: 0 0 0

#Transform 92
Transform: AffineTransform_float_3_3
Parameters: 0.999994 -0.000477928 -0.0036117 0.000468076 0.999996 -0.00274871 0.0036123 0.00274729 0.999989 0.105674 -0.0265696 -0.193861
FixedParameters: 0 0 0

#Transform 93
Transform: AffineTransform_float_3_3
Parameters: 0.99999 -0.000674811 -0.00429031 0.000664189 0.999996 -0.00252087 0.00429168 0.00251813 0.999987 0.112183 0.0126013 -0.275552
FixedParameters: 0 0 0

#Transform 94
Transform: AffineTransform_float_3_3
Parameters: 0.999992 -0.000164174 -0.00413261 0.000153829 0.999997 -0.00246166 0.00413239 0.00246134 0.999989 0.086171 0.0454248 -0.235745
FixedParameters: 0 0 0

#Transform 95
Transform: AffineTransform_float_3_3
Parameters: 0.999994 -5.48909e-05 -0.00363788 4.61082e-05 0.999997 -0.00244418 0.00363813 0.00244382 0.999991 0.0857686 -0.0382395 -0.147223
FixedParameters: 0 0 0

#Transform 96
Transform: AffineTransform_float_3_3
Parameters: 0.999989 -0.000417139 -0.00454599 0.000405861 0.999997 -0.00245087 0.004547 0.00244913 0.999986 0.106694 0.0137664 -0.201156
FixedParameters: 0 0 0

#Transform 97
Transform: AffineTransform_float_3_3
Parameters: 0.999988 0.000493343 -0.00485051 -0.000508657 0.999996 -0.00302057 0.00484948 0.00302343 0.999983 0.0497151 -0.0400023 -0.194291
FixedParameters: 0 0 0

#Transform 98
Transform: AffineTransform_float_3_3
Parameters: 0.999987 0.000721144 -0.0051471 -0.000735852 0.999995 -0.00288425 0.0051449 0.00288875 0.999982 0.0509341 0.0173533 -0.221615
FixedParameters: 0 0 0

#Transform 99
Transform: AffineTransform_float_3_3
Parameters: 0.999987 0.00220323 -0.00460516 -0.00221376 0.999995 -0.00233383 0.00459983 0.00234416 0.999986 -0.0419232 0.0177265 -0.245544
FixedParameters: 0 0 0

#Transform 100
Transform: AffineTransform_float_3_3
Parameters: 0.999982 0.00232429 -0.00542676 -0.00233972 0.999993 -0.00289135 0.00542024 0.00290365 0.999981 -0.00506117 -0.0595647 -0.15043
FixedParameters: 0 0 0

#Transform 101
Transform: AffineTransform_float_3_3
Parameters: 0.999981 0.00219564 -0.00578114 -0.00219636 0.999997 -5.53036e-05 0.00578087 6.7694e-05 0.999984 -0.000375918 -0.0386908 -0.213102
FixedParameters: 0 0 0

#Transform 102
Transform: AffineTransform_float_3_3
Parameters: 0.99999 0.000555244 -0.00430913 -0.000563754 0.999998 -0.00203059 0.00430786 0.00203341 0.999988 0.0650295 -0.117488 0.0851092
FixedParameters: 0 0 0

#Transform 103
Transform: AffineTransform_float_3_3
Parameters: 0.999992 0.000466337 -0.00414153 -0.000471663 1 -0.00112506 0.00414047 0.00112694 0.999991 0.0267014 -0.0445733 -0.0482096
FixedParameters: 0 0 0

#Transform 104
Transform: AffineTransform_float_3_3
Parameters: 0.999996 0.000103096 -0.00280518 -0.000107903 0.999999 -0.0017477 0.00280481 0.0017483 0.999994 0.0651945 -0.066398 0.000557828
FixedParameters: 0 0 0

#Transform 105
Transform: AffineTransform_float_3_3
Parameters: 0.999994 0.000788076 -0.00331394 -0.000791926 0.999999 -0.00118338 0.00331306 0.00118562 0.999994 0.00589751 -0.0302754 -0.0693519
FixedParameters: 0 0 0

#Transform 106
Transform: AffineTransform_float_3_3
Parameters: 0.999995 0.000327518 -0.00331145 -0.000331481 0.999999 -0.00135291 0.00331055 0.00135409 0.999993 0.0394097 -0.0636867 -0.142554
FixedParameters: 0 0 0

#Transform 107
Transform: AffineTransform_float_3_3
Parameters: 0.999993 0.0012891 -0.0035278 -0.00129391 0.999998 -0.00138845 0.0035262 0.00139256 0.999993 -0.019129 -0.0303635 -0.0626089
FixedParameters: 0 0 0

#Transform 108
Transform: AffineTransform_float_3_3
Parameters: 0.999994 0.00100247 -0.00352701 -0.00100553 0.999999 -0.00100046 0.003526 0.00100354 0.999994 0.00598563 -0.0307599 -0.116345
FixedParameters: 0 0 0

#Transform 109
Transform: AffineTransform_float_3_3
Parameters: 0.999989 0.00193972 -0.00427994 -0.00194428 0.999997 -0.00099569 0.00427806 0.00100331 0.999991 -0.0617282 0.0381993 -0.0748936
FixedParameters: 0 0 0

#Transform 110
Transform: AffineTransform_float_3_3
Parameters: 0.999989 0.00244445 -0.00404296 -0.00245055 0.999995 -0.00161511 0.00403903 0.00162489 0.99999 -0.0922171 0.00138191 -0.0500885
FixedParameters: 0 0 0

#Transform 111
Transform: AffineTransform_float_3_3
Parameters: 0.999987 0.00280664 -0.00428152 -0.00281136 0.999996 -0.00124698 0.00427748 0.00125902 0.99999 -0.118065 0.0314289 -0.149276
FixedParameters: 0 0 0

#Transform 112
Transform: AffineTransform_float_3_3
Parameters: 0.999984 0.00291281 -0.00481857 -0.00292219 0.999994 -0.00190095 0.00481243 0.00191505 0.999986 -0.124345 -0.0224581 -0.0982155
FixedParameters: 0 0 0

#Transform 113
Transform: AffineTransform_float_3_3
Parameters: 0.999985 0.00279695 -0.00475915 -0.00280405 0.999995 -0.00147468 0.00475485 0.00148832 0.999987 -0.0932362 -0.015896 -0.0733209
FixedParameters: 0 0 0

#Transform 114
Transform: AffineTransform_float_3_3
Parameters: 0.999982 0.00332166 -0.00497124 -0.00332834 0.999993 -0.00126748 0.00496776 0.00128452 0.999987 -0.127703 0.0325066 -0.171
FixedParameters: 0 0 0

#Transform 115
Transform: AffineTransform_float_3_3
Parameters: 0.999982 0.00333098 -0.00509492 -0.00334003 0.999993 -0.00176402 0.00508909 0.00178099 0.999986 -0.115743 -0.00774805 -0.0976077
FixedParameters: 0 0 0

#Transform 116
Transform: AffineTransform_float_3_3
Parameters: 0.999978 0.00320625 -0.00577254 -0.00321775 0.999993 -0.00202647 0.00576646 0.00204553 0.999982 -0.132433 0.0421752 -0.181295
FixedParameters: 0 0 0

#Transform 117
Transform: AffineTransform_float_3_3
Parameters: 0.999983 0.00226869 -0.0053814 -0.00227231 0.999997 -0.000609783 0.0053796 0.000622216 0.999986 -0.078903 0.0142582 -0.226517
FixedParameters: 0 0 0

#Transform 118
Transform: AffineTransform_float_3_3
Parameters: 0.99999 0.00240529 -0.00362346 -0.00241171 0.999996 -0.00184728 0.00361954 0.00185672 0.999991 -0.0942546 -0.0255287 -0.122705
FixedParameters: 0 0 0

#Transform 119
Transform: AffineTransform_float_3_3
Parameters: 0.999992 0.00204406 -0.00362236 -0.00204995 0.999996 -0.00163859 0.00361964 0.00164541 0.999992 -0.0854912 0.0409763 -0.16368
FixedParameters: 0 0 0

#Transform 120
Transform: AffineTransform_float_3_3
Parameters: 0.99999 0.00234602 -0.00362483 -0.00235498 0.999994 -0.00247549 0.00361917 0.00248452 0.999991 -0.10518 0.0031365 -0.190791
FixedParameters: 0 0 0

#Transform 121
Transform: AffineTransform_float_3_3
Parameters: 0.999987 0.00179496 -0.00490895 -0.00180304 0.999997 -0.00163417 0.00490605 0.00164283 0.999986 -0.062918 0.0500424 -0.237159
FixedParameters: 0 0 0

#Transform 122
Transform: AffineTransform_float_3_3
Parameters: 0.999992 0.00184527 -0.00369037 -0.00185173 0.999996 -0.00182018 0.00368663 0.00182682 0.999991 -0.0398406 -0.0422559 -0.0586545
FixedParameters: 0 0 0

#Transform 123
Transform: AffineTransform_float_3_3
Parameters: 0.999986 0.00204031 -0.00474418 -0.00205069 0.999996 -0.0020383 0.00473982 0.0020477 0.999986 -0.103362 0.0868735 -0.282141
FixedParameters: 0 0 0

#Transform 124
Transform: AffineTransform_float_3_3
Parameters: 0.999981 0.0032499 -0.00525299 -0.0032661 0.99999 -0.0030589 0.005243 0.0030761 0.999981 -0.142345 -0.00545588 -0.0653476
FixedParameters: 0 0 0

#Transform 125
Transform: AffineTransform_float_3_3
Parameters: 0.999979 0.00280542 -0.0057321 -0.00282757 0.999989 -0.00393387 0.00572089 0.00395013 0.999976 -0.143674 -0.00211323 -0.200964
FixedParameters: 0 0 0

#Transform 126
Transform: AffineTransform_float_3_3
Parameters: 0.999979 0.00290163 -0.00576978 -0.00292137 0.99999 -0.00335121 0.00576022 0.00336778 0.999977 -0.155026 0.000932498 -0.256391
FixedParameters: 0 0 0

#Transform 127
Transform: AffineTransform_float_3_3
Parameters: 0.999979 0.00283214 -0.00582971 -0.00284986 0.999992 -0.00305745 0.00582129 0.00307455 0.999979 -0.147628 0.00175544 -0.260447
FixedParameters: 0 0 0

#Transform 128
Transform: AffineTransform_float_3_3
Parameters: 0.999979 0.00325242 -0.00562487 -0.00326657 0.999992 -0.00240568 0.00561713 0.00242432 0.999982 -0.138325 0.0157677 -0.106741
FixedParameters: 0 0 0

#Transform 129
Transform: AffineTransform_float_3_3
Parameters: 0.999978 0.00324356 -0.00581857 -0.00326645 0.999987 -0.00385208 0.00580643 0.00387092 0.999975 -0.151117 -0.00343922 -0.0796031
FixedParameters: 0 0 0

#Transform 130
Transform: AffineTransform_float_3_3
Parameters: 0.999979 0.00324604 -0.00572237 -0.00326596 0.999988 -0.00348238 0.00571063 0.00350161 0.999977 -0.155364 0.0143106 -0.140251
FixedParameters: 0 0 0

#Transform 131
Transform: AffineTransform_float_3_3
Parameters: 0.99998 0.0032462 -0.0054688 -0.0032668 0.999988 -0.00361521 0.0054572 0.00363379 0.999979 -0.139782 -0.0569466 -0.111899
FixedParameters: 0 0 0

#Transform 132
Transform: AffineTransform_float_3_3
Parameters: 0.999983 0.00288527 -0.0052022 -0.00290073 0.999992 -0.00282596 0.00519481 0.00284104 0.999983 -0.130872 0.0995009 -0.223588
FixedParameters: 0 0 0

#Transform 133
Transform: AffineTransform_float_3_3
Parameters: 0.999982 0.00258677 -0.00553226 -0.00259723 0.999994 -0.00202367 0.00552674 0.00203733 0.999982 -0.100997 -0.0011177 -0.142773
FixedParameters: 0 0 0

#Transform 134
Transform: AffineTransform_float_3_3
Parameters: 0.999984 0.00243612 -0.00511037 -0.00243888 0.999997 -0.000556545 0.00510863 0.000569454 0.999987 -0.097192 0.0307888 -0.0909215
FixedParameters: 0 0 0

#Transform 135
Transform: AffineTransform_float_3_3
Parameters: 0.999985 0.00207144 -0.00509064 -0.00207357 0.999998 -0.000302449 0.00509036 0.000312549 0.999987 -0.0591758 -0.174962 0.310801
FixedParameters: 0 0 0

#Transform 136
Transform: AffineTransform_float_3_3
Parameters: 0.999985 0.00189717 -0.00517214 -0.00190283 0.999997 -0.00112317 0.00516986 0.00113282 0.999986 -0.048588 0.00447142 0.0836213
FixedParameters: 0 0 0

#Transform 137
Transform: AffineTransform_float_3_3
Parameters: 0.999985 0.00266331 -0.00466268 -0.00266769 0.999996 -0.000999575 0.00465932 0.00101142 0.999988 -0.115077 -0.0501299 0.125032
FixedParameters: 0 0 0

#Transform 138
Transform: AffineTransform_float_3_3
Parameters: 0.999983 0.00246187 -0.00530799 -0.00246414 0.999997 -0.000395927 0.00530601 0.00040807 0.999986 -0.0778527 -0.0346001 0.00772182
FixedParameters: 0 0 0

#Transform 139
Transform: AffineTransform_float_3_3
Parameters: 0.999981 0.00242224 -0.00569203 -0.00242676 0.999996 -0.000830203 0.00568997 0.000843799 0.999984 -0.0321755 -0.0660644 0.0879804
FixedParameters: 0 0 0

#Transform 140
Transform: AffineTransform_float_3_3
Parameters: 0.999975 0.00261847 -0.00656061 -0.00262453 0.999996 -0.000986806 0.00655839 0.0010042 0.999978 -0.0766139 0.0493248 -0.0488243
FixedParameters: 0 0 0

#Transform 141
Transform: AffineTransform_float_3_3
Parameters: 0.999977 0.0029103 -0.00610664 -0.00291971 0.999995 -0.00158121 0.00610237 0.0015988 0.99998 -0.105278 -0.0305835 -0.0179709
FixedParameters: 0 0 0

#Transform 142
Transform: AffineTransform_float_3_3
Parameters: 0.99998 0.00199621 -0.00599127 -0.00200579 0.999996 -0.00162901 0.00598773 0.00164098 0.99998 -0.0686332 0.0249441 -0.115824
FixedParameters: 0 0 0

#Transform 143
Transform: AffineTransform_float_3_3
Parameters: 0.99997 0.00307095 -0.00718317 -0.00308205 0.999994 -0.00166691 0.00717784 0.00168909 0.999973 -0.124113 -0.00481975 -0.00851248
FixedParameters: 0 0 0

#Transform 144
Transform: AffineTransform_float_3_3
Parameters: 0.999973 0.00278107 -0.00683768 -0.00279493 0.999994 -0.00202795 0.00683232 0.00204706 0.999975 -0.0761216 0.00659265 -0.174085
FixedParameters: 0 0 0

#Transform 145
Transform: AffineTransform_float_3_3
Parameters: 0.999981 0.00283037 -0.00534211 -0.00283963 0.999995 -0.00179586 0.00533689 0.00181114 0.999984 -0.111096 -0.0366923 -0.0131967
FixedParameters: 0 0 0

#Transform 146
Transform: AffineTransform_float_3_3
Parameters: 0.99998 0.00222878 -0.00579333 -0.00224022 0.999995 -0.00193106 0.00578867 0.00194394 0.999982 -0.042503 -0.0159872 -0.0825786
FixedParameters: 0 0 0

#Transform 147
Transform: AffineTransform_float_3_3
Parameters: 0.999983 0.00237144 -0.00534391 -0.00237756 0.999997 -0.00122132 0.00534108 0.00123469 0.999985 -0.0781086 0.0243007 -0.0247681
FixedParameters: 0 0 0

#Transform 148
Transform: AffineTransform_float_3_3
Parameters: 0.999978 0.0023457 -0.0063051 -0.00235331 0.999997 -0.00131019 0.00630191 0.00132481 0.99998 -0.0794583 0.024784 -0.148694
FixedParameters: 0 0 0

#Transform 149
Transform: AffineTransform_float_3_3
Parameters: 0.999982 0.00269256 -0.00525433 -0.00270144 0.999995 -0.00160083 0.00524966 0.00161416 0.999985 -0.105178 0.0141955 -0.0232952
FixedParameters: 0 0 0

#Transform 150
Transform: AffineTransform_float_3_3
Parameters: 0.999974 0.00268785 -0.00669388 -0.00269515 0.999996 -0.00105999 0.00669112 0.00107801 0.999977 -0.0727999 0.00829503 -0.0970211
FixedParameters: 0 0 0

#Transform 151
Transform: AffineTransform_float_3_3
Parameters: 0.999973 0.00311672 -0.00667334 -0.00312628 0.999994 -0.00138117 0.00666865 0.00140182 0.999977 -0.06534 0.000516546 0.00633826
FixedParameters: 0 0 0

#Transform 152
Transform: AffineTransform_float_3_3
Parameters: 0.999971 0.00359229 -0.00669346 -0.0035947 0.999993 -0.00039195 0.00669155 0.00041605 0.999978 -0.151782 0.0522926 -0.196293
FixedParameters: 0 0 0

#Transform 153
Transform: AffineTransform_float_3_3
Parameters: 0.999977 0.00473356 -0.00474243 -0.00473543 0.999988 -0.000291549 0.00474056 0.000314447 0.999988 -0.229986 0.0177128 -0.166939
FixedParameters: 0 0 0

#Transform 154
Transform: AffineTransform_float_3_3
Parameters: 0.999975 0.00417076 -0.00558541 -0.00418224 0.999989 -0.00200269 0.00557759 0.00202631 0.999983 -0.179206 -0.00713663 -0.122988
FixedParameters: 0 0 0

#Transform 155
Transform: AffineTransform_float_3_3
Parameters: 0.999978 0.00427486 -0.00521651 -0.00428415 0.99999 -0.00174269 0.0052095 0.00176431 0.999985 -0.185605 0.00426255 -0.117598
FixedParameters: 0 0 0

#Transform 156
Transform: AffineTransform_float_3_3
Parameters: 0.999975 0.00412248 -0.00586318 -0.00412653 0.999991 -0.000759825 0.00585981 0.000784177 0.999982 -0.158533 0.0462447 -0.187352
FixedParameters: 0 0 0

#Transform 157
Transform: AffineTransform_float_3_3
Parameters: 0.999974 0.00387141 -0.00605694 -0.00387659 0.999992 -0.000745539 0.00605407 0.000769458 0.999982 -0.147259 0.0132695 -0.104803
FixedParameters: 0 0 0

#Transform 158
Transform: AffineTransform_float_3_3
Parameters: 0.99998 0.00314239 -0.00560174 -0.0031326 0.999993 0.00168558 0.00560726 -0.00166741 0.999983 -0.085972 -0.0222538 -0.0615995
FixedParameters: 0 0 0

#Transform 159
Transform: AffineTransform_float_3_3
Parameters: 0.999985 0.00286058 -0.00466517 -0.00286842 0.999995 -0.00179865 0.00465983 0.00181236 0.999988 -0.0667573 -0.0394795 -0.136318
FixedParameters: 0 0 0

#Transform 160
Transform: AffineTransform_float_3_3
Parameters: 0.999987 0.00205244 -0.00452553 -0.00205756 0.999997 -0.0012247 0.00452247 0.0012343 0.999989 -0.0490807 0.0242255 -0.100215
FixedParameters: 0 0 0

#Transform 161
Transform: AffineTransform_float_3_3
Parameters: 0.99999 0.00285443 -0.00324591 -0.00286057 0.999995 -0.00171273 0.00324109 0.00172227 0.999994 -0.0856359 -0.0102876 -0.0214104
FixedParameters: 0 0 0

#Transform 162
Transform: AffineTransform_float_3_3
Parameters: 0.999982 0.00326484 -0.00503175 -0.00326616 0.999994 -0.000221569 0.00503125 0.000238431 0.999988 -0.0899814 0.0556619 -0.105482
FixedParameters: 0 0 0

#Transform 163
Transform: AffineTransform_float_3_3
Parameters: 0.999975 0.00494035 -0.0050395 -0.00494966 0.999987 -0.0017061 0.0050315 0.0017309 0.999986 -0.190412 -0.0198696 0.078222
FixedParameters: 0 0 0

#Transform 164
Transform: AffineTransform_float_3_3
Parameters: 0.99997 0.00493069 -0.00598403 -0.0049383 0.999987 -0.00120649 0.00597797 0.00123651 0.999982 -0.19895 0.0383069 -0.146322
FixedParameters: 0 0 0

#Transform 165
Transform: AffineTransform_float_3_3
Parameters: 0.999968 0.00492153 -0.00640292 -0.00493647 0.999985 -0.00240147 0.00639108 0.00243353 0.999976 -0.198964 0.00353227 -0.00280406
FixedParameters: 0 0 0

#Transform 166
Transform: AffineTransform_float_3_3
Parameters: 0.999963 0.0049445 -0.00702923 -0.0049585 0.999985 -0.00204722 0.00701978 0.00208179 0.999973 -0.196653 0.0490397 -0.144579
FixedParameters: 0 0 0

#Transform 167
Transform: AffineTransform_float_3_3
Parameters: 0.999961 0.00537864 -0.00710694 -0.00539736 0.999982 -0.00256674 0.00709307 0.00260526 0.999972 -0.214421 0.0434335 -0.167925
FixedParameters: 0 0 0

#Transform 168
Transform: AffineTransform_float_3_3
Parameters: 0.999963 0.00492951 -0.00696113 -0.00494848 0.999985 -0.00264065 0.00694787 0.00267535 0.999973 -0.207617 0.0444605 -0.196607
FixedParameters: 0 0 0

#Transform 169
Transform: AffineTransform_float_3_3
Parameters: 0.999967 0.00494491 -0.00642642 -0.00496109 0.999984 -0.0024902 0.00641359 0.0025218 0.999977 -0.243472 0.0274011 -0.0613896
FixedParameters: 0 0 0

#Transform 170
Transform: AffineTransform_float_3_3
Parameters: 0.999976 0.00337096 -0.00603038 -0.00339304 0.999987 -0.00364862 0.00601763 0.00366937 0.999975 -0.127564 0.00263776 -0.0578535
FixedParameters: 0 0 0

#Transform 171
Transform: AffineTransform_float_3_3
Parameters: 0.99997 0.00421704 -0.00649098 -0.00423997 0.999985 -0.00352858 0.00647602 0.00355541 0.999972 -0.177957 0.0572168 -0.177727
FixedParameters: 0 0 0

#Transform 172
Transform: AffineTransform_float_3_3
Parameters: 0.99998 0.00291675 -0.00551828 -0.00293825 0.999989 -0.00384686 0.00550771 0.00386314 0.999978 -0.125758 -0.0274307 -0.0710023
FixedParameters: 0 0 0

#Transform 173
Transform: AffineTransform_float_3_3
Parameters: 0.999974 0.00367589 -0.00608979 -0.00369711 0.999987 -0.00345858 0.00607721 0.00348143 0.999976 -0.180644 0.0761445 -0.246776
FixedParameters: 0 0 0

#Transform 174
Transform: AffineTransform_float_3_3
Parameters: 0.999979 0.00299289 -0.00577251 -0.0030151 0.999988 -0.00382468 0.00576048 0.00384232 0.999976 -0.127565 -0.0216276 -0.0348059
FixedParameters: 0 0 0

#Transform 175
Transform: AffineTransform_float_3_3
Parameters: 0.999972 0.00369092 -0.00652824 -0.00371607 0.999985 -0.00383285 0.00651376 0.00385715 0.999972 -0.160428 0.0916166 -0.240406
FixedParameters: 0 0 0

#Transform 176
Transform: AffineTransform_float_3_3
Parameters: 0.999973 0.0042668 -0.00594544 -0.0042912 0.999982 -0.00406359 0.00592756 0.0040894 0.999974 -0.183029 0.00934965 -0.153637
FixedParameters: 0 0 0

#Transform 177
Transform: AffineTransform_float_3_3
Parameters: 0.999975 0.00387364 -0.00593674 -0.00388636 0.99999 -0.00223998 0.00592826 0.00226302 0.99998 -0.196258 -0.0431569 -0.084739
FixedParameters: 0 0 0

#Transform 178
Transform: AffineTransform_float_3_3
Parameters: 0.99998 0.00352787 -0.00512752 -0.00354613 0.999988 -0.00353089 0.00511547 0.00354912 0.99998 -0.159148 -0.0633509 0.0260087
FixedParameters: 0 0 0

#Transform 179
Transform: AffineTransform_float_3_3
Parameters: 0.99998 0.00374616 -0.00512368 -0.00375884 0.999991 -0.00230379 0.00511532 0.00232321 0.999984 -0.186676 0.0111219 -0.0365283
FixedParameters: 0 0 0

#Transform 180
Transform: AffineTransform_float_3_3
Parameters: 0.99998 0.00367258 -0.00525422 -0.00369043 0.999987 -0.00331068 0.00524178 0.00332932 0.99998 -0.161695 -0.037964 -0.0840858
FixedParameters: 0 0 0

#Transform 181
Transform: AffineTransform_float_3_3
Parameters: 0.999974 0.005101 -0.00512596 -0.00511199 0.999984 -0.00213385 0.00511503 0.00216015 0.999984 -0.247122 0.0284949 -0.0387193
FixedParameters: 0 0 0

#Transform 182
Transform: AffineTransform_float_3_3
Parameters: 0.999973 0.00426835 -0.00596695 -0.00428465 0.999987 -0.00278051 0.00595506 0.00280649 0.999979 -0.176561 0.031392 -0.122921
FixedParameters: 0 0 0

#Transform 183
Transform: AffineTransform_float_3_3
Parameters: 0.999978 0.0037705 -0.00534795 -0.00378649 0.999988 -0.00288981 0.00533704 0.00291018 0.999981 -0.187903 0.121738 -0.269992
FixedParameters: 0 0 0

#Transform 184
Transform: AffineTransform_float_3_3
Parameters: 0.999979 0.00387624 -0.00533069 -0.00389576 0.999986 -0.00351331 0.00531731 0.00353369 0.999979 -0.198464 0.0464379 -0.378715
FixedParameters: 0 0 0

#Transform 185
Transform: AffineTransform_float_3_3
Parameters: 0.999982 0.00253102 -0.00533761 -0.00254698 0.999993 -0.00299046 0.00532939 0.00300354 0.999982 -0.0840743 0.0820224 -0.353143
FixedParameters: 0 0 0

#Transform 186
Transform: AffineTransform_float_3_3
Parameters: 0.999982 0.0031022 -0.00503514 -0.00311779 0.999991 -0.00293235 0.00502585 0.00294864 0.999983 -0.15321 0.0653082 -0.207856
FixedParameters: 0 0 0

#Transform 187
Transform: AffineTransform_float_3_3
Parameters: 0.99998 0.00282944 -0.00552352 -0.00284557 0.999992 -0.00299334 0.00551549 0.00300867 0.999981 -0.0839904 0.0729541 -0.332434
FixedParameters: 0 0 0
