#Insight Transform File V1.0
#Transform 0
Transform: AffineTransform_float_3_3
Parameters: 0.999999 -0.00123425 0.000588677 0.00123575 0.999995 -0.00297628 -0.000585325 0.00297673 0.999996 0.158754 0.155094 0.0859029
FixedParameters: 0 0 0

#Transform 1
Transform: AffineTransform_float_3_3
Parameters: 0.999998 -0.00171714 0.000869691 0.00171887 0.999996 -0.00214751 -0.000866309 0.00214949 0.999998 0.171899 0.110586 0.0375207
FixedParameters: 0 0 0

#Transform 2
Transform: AffineTransform_float_3_3
Parameters: 0.999999 -0.00128735 0.000196306 0.00128765 0.999993 -0.00334375 -0.000192696 0.00334325 0.999995 0.158015 0.0560746 0.0574181
FixedParameters: 0 0 0

#Transform 3
Transform: AffineTransform_float_3_3
Parameters: 0.999999 -0.00123121 0.000445977 0.00123279 0.999991 -0.00403945 -0.000441024 0.00403955 0.999991 0.159672 0.0454565 0.0500246
FixedParameters: 0 0 0

#Transform 4
Transform: AffineTransform_float_3_3
Parameters: 0.999999 -0.00126034 0.000758438 0.00126266 0.999993 -0.00351704 -0.000754563 0.00351795 0.999993 0.146684 0.068276 0.0436876
FixedParameters: 0 0 0

#Transform 5
Transform: AffineTransform_float_3_3
Parameters: 0.999999 -0.00120162 0.000730931 0.00120338 0.999994 -0.00326712 -0.000726072 0.00326788 0.999995 0.146219 0.0398103 0.0563259
FixedParameters: 0 0 0

#Transform 6
Transform: AffineTransform_float_3_3
Parameters: 1 -0.00103716 0.000310828 0.00103784 0.999995 -0.00272568 -0.000308172 0.00272632 0.999996 0.132838 0.0735746 0.0950467
FixedParameters: 0 0 0

#Transform 7
Transform: AffineTransform_float_3_3
Parameters: 0.999999 -0.000804105 -3.88941e-05 0.000803895 0.999996 -0.00261903 4.11055e-05 0.00261897 0.999996 0.120538 0.157352 0.0789568
FixedParameters: 0 0 0

#Transform 8
Transform: AffineTransform_float_3_3
Parameters: 1 -0.000616112 -3.92775e-05 0.000615888 0.999996 -0.00279602 4.07222e-05 0.00279598 0.999996 0.098402 0.162976 0.0396376
FixedParameters: 0 0 0

#Transform 9
Transform: AffineTransform_float_3_3
Parameters: 1 -0.00018954 0.000593468 0.000191459 0.999997 -0.00246089 -0.00059253 0.00246111 0.999997 0.102055 -0.11496 0.00176275
FixedParameters: 0 0 0

#Transform 10
Transform: AffineTransform_float_3_3
Parameters: 1 -0.000327006 -6.6985e-06 0.000326994 0.999999 -0.000922001 6.30149e-06 0.000921997 0.999999 0.0695996 0.104155 -0.0452705
FixedParameters: 0 0 0

#Transform 11
Transform: AffineTransform_float_3_3
Parameters: 1 8.50805e-07 -6.8002e-05 -1.14919e-06 0.999997 -0.002194 6.79976e-05 0.002194 0.999997 0.0573683 0.196339 -0.0188414
FixedParameters: 0 0 0

#Transform 12
Transform: AffineTransform_float_3_3
Parameters: 1 -3.55365e-05 0.000187089 3.64633e-05 0.999997 -0.00247799 -0.00018691 0.00247801 0.999997 0.0743443 0.063172 -0.0262316
FixedParameters: 0 0 0

#Transform 13
Transform: AffineTransform_float_3_3
Parameters: 1 0.000505475 -0.000431444 -0.000504525 1 0.00110122 0.000431556 -0.00110078 1 0.0541327 0.173156 0.0500047
FixedParameters: 0 0 0

#Transform 14
Transform: AffineTransform_float_3_3
Parameters: 0.999999 0.000479778 -0.000706472 -0.000479221 1 0.00110134 0.000707528 -0.00110066 0.999999 0.0425906 0.0961063 0.0565464
FixedParameters: 0 0 0

#Transform 15
Transform: AffineTransform_float_3_3
Parameters: 0.999999 -0.000575751 0.000596275 0.000575247 0.999999 0.00126034 -0.000597725 -0.00125966 0.999999 0.0367611 0.120406 0.0433365
FixedParameters: 0 0 0

#Transform 16
Transform: AffineTransform_float_3_3
Parameters: 1 -0.000182999 -7.02287e-06 0.000183001 1 0.000124999 6.97712e-06 -0.000125001 1 0.0332373 0.0761381 0.00720334
FixedParameters: 0 0 0

#Transform 17
Transform: AffineTransform_float_3_3
Parameters: 1 0.000123991 -7.15066e-06 -0.000124008 1 -0.001215 6.84934e-06 0.001215 1 0.0282647 0.16451 -0.0489195
FixedParameters: 0 0 0

#Transform 18
Transform: AffineTransform_float_3_3
Parameters: 1 0.000332991 -7.40459e-06 -0.000333008 0.999999 -0.001215 6.5954e-06 0.001215 1 0.0101735 0.115588 -0.0448051
FixedParameters: 0 0 0

#Transform 19
Transform: AffineTransform_float_3_3
Parameters: 1 0.000538965 -3.75147e-05 -0.000539036 1 -0.00095498 3.74857e-05 0.00095402 0.999999 0.00390889 -0.0542097 -0.0362329
FixedParameters: 0 0 0

#Transform 20
Transform: AffineTransform_float_3_3
Parameters: 1 -0.000180967 0.000243025 0.000181033 1 -0.000136956 -0.000242975 0.000136044 1 -0.00935019 -0.0191153 -0.00777917
FixedParameters: 0 0 0

#Transform 21
Transform: AffineTransform_float_3_3
Parameters: 1 -9.20095e-06 -0.000261993 8.79904e-06 0.999999 -0.000767002 0.000262007 0.000766997 0.999999 0.00246354 0.0714139 -0.048678
FixedParameters: 0 0 0

#Transform 22
Transform: AffineTransform_float_3_3
Parameters: 1 0.000104137 0.000155909 -0.000103863 0.999999 -0.000878016 -0.000156091 0.000877983 0.999999 -0.0192729 0.142323 -0.0379577
FixedParameters: 0 0 0

#Transform 23
Transform: AffineTransform_float_3_3
Parameters: 1 0.000444052 0.000295922 -0.000443948 1 -0.000175131 -0.000296078 0.000174869 1 -0.0477976 0.0386165 -0.0246561
FixedParameters: 0 0 0

#Transform 24
Transform: AffineTransform_float_3_3
Parameters: 1 0.000688998 5.30172e-05 -0.000689001 1 2.49635e-05 -5.29827e-05 -2.50365e-05 1 -0.0337926 0.045926 -0.00124009
FixedParameters: 0 0 0

#Transform 25
Transform: AffineTransform_float_3_3
Parameters: 0.999999 0.001261 5.29243e-05 -0.001261 0.999999 -6.00668e-05 -5.30756e-05 5.99331e-05 1 -0.0457236 0.115756 -0.0325084
FixedParameters: 0 0 0

#Transform 26
Transform: AffineTransform_float_3_3
Parameters: 0.999998 0.00160472 -0.000437021 -0.00160528 0.999998 -0.000636299 0.000435977 0.0006377 0.999999 -0.0511967 0.181261 -0.0356412
FixedParameters: 0 0 0

#Transform 27
Transform: AffineTransform_float_3_3
Parameters: 0.999999 0.00161368 -0.000655787 -0.00161432 0.999999 -0.000486942 0.000654213 0.000488057 0.999999 -0.0379493 0.0367925 -0.0492928
FixedParameters: 0 0 0

#Transform 28
Transform: AffineTransform_float_3_3
Parameters: 0.999999 0.0012612 -0.00044444 -0.0012618 0.999999 0.000444561 0.00044456 -0.00044344 1 -0.0388153 0.0116098 -0.0140287
FixedParameters: 0 0 0

#Transform 29
Transform: AffineTransform_float_3_3
Parameters: 0.999998 0.0014154 -0.000778094 -0.0014156 0.999998 -0.0007719 0.000776907 0.000773101 1 -0.0162845 0.0992753 -0.0688083
FixedParameters: 0 0 0

#Transform 30
Transform: AffineTransform_float_3_3
Parameters: 0.999998 0.00143391 -0.000868803 -0.00143509 0.999998 -0.00125675 0.000866195 0.00125824 0.999999 -0.0344336 0.218432 -0.0991209
FixedParameters: 0 0 0

#Transform 31
Transform: AffineTransform_float_3_3
Parameters: 0.999998 0.00166363 -0.000320921 -0.00166437 0.999998 -0.00115447 0.000319077 0.00115553 1 -0.0962409 0.152912 -0.104155
FixedParameters: 0 0 0

#Transform 32
Transform: AffineTransform_float_3_3
Parameters: 0.999998 0.00187872 -0.000608854 -0.00187928 0.999998 -0.000453857 0.000608146 0.000455143 0.999999 -0.0864401 -0.0512319 -0.0550952
FixedParameters: 0 0 0

#Transform 33
Transform: AffineTransform_float_3_3
Parameters: 0.999997 0.00182086 -0.00119673 -0.00182113 0.999998 -0.000947823 0.00119527 0.000950178 0.999999 -0.0768672 0.063205 -0.0593176
FixedParameters: 0 0 0

#Transform 34
Transform: AffineTransform_float_3_3
Parameters: 0.999997 0.00217839 -0.000946404 -0.00217961 0.999998 -0.00064294 0.000945597 0.000645062 1 -0.0909488 0.164892 -0.0498557
FixedParameters: 0 0 0

#Transform 35
Transform: AffineTransform_float_3_3
Parameters: 0.999998 0.00211016 -0.000946887 -0.00211185 0.999998 -0.000893003 0.000945113 0.000894997 0.999999 -0.0952586 0.101686 -0.0789618
FixedParameters: 0 0 0

#Transform 36
Transform: AffineTransform_float_3_3
Parameters: 0.999997 0.00233928 -0.0013013 -0.00233972 0.999997 -0.000553957 0.0012997 0.000557042 0.999999 -0.127732 -0.0218694 -0.118833
FixedParameters: 0 0 0

#Transform 37
Transform: AffineTransform_float_3_3
Parameters: 0.999996 0.00252703 -0.00115593 -0.00252697 0.999997 2.79211e-05 0.00115607 -2.50787e-05 1 -0.151028 -0.063555 -0.110209
FixedParameters: 0 0 0

#Transform 38
Transform: AffineTransform_float_3_3
Parameters: 0.999997 0.00210749 -0.00135779 -0.0021085 0.999997 -0.000371138 0.00135721 0.000374861 0.999999 -0.151372 0.107718 -0.133433
FixedParameters: 0 0 0

#Transform 39
Transform: AffineTransform_float_3_3
Parameters: 0.999998 0.00210699 -0.00100413 -0.00210801 0.999998 -0.00100889 0.00100187 0.00101111 0.999999 -0.125149 0.201159 -0.16425
FixedParameters: 0 0 0

#Transform 40
Transform: AffineTransform_float_3_3
Parameters: 0.999995 0.00278795 -0.0015216 -0.00279105 0.999994 -0.00200376 0.0015154 0.00200823 0.999997 -0.129152 0.179647 -0.142842
FixedParameters: 0 0 0

#Transform 41
Transform: AffineTransform_float_3_3
Parameters: 0.999997 0.0023825 -0.000701704 -0.0023825 0.999997 -0.00071433 0.000699294 0.000716668 0.999999 -0.153095 0.0572973 -0.157998
FixedParameters: 0 0 0

#Transform 42
Transform: AffineTransform_float_3_3
Parameters: 0.999997 0.00257701 -0.000904974 -0.00257699 0.999996 1.13321e-05 0.000905025 -8.66777e-06 0.999999 -0.169222 -0.0365684 -0.165669
FixedParameters: 0 0 0

#Transform 43
Transform: AffineTransform_float_3_3
Parameters: 0.999996 0.00238334 -0.000980163 -0.00238266 0.999997 0.000352337 0.000980838 -0.000350664 1 -0.14942 -0.0359664 -0.149337
FixedParameters: 0 0 0

#Transform 44
Transform: AffineTransform_float_3_3
Parameters: 0.999997 0.00248037 -0.00114121 -0.00247964 0.999997 0.000320831 0.00114179 -0.000318169 1 -0.148489 0.0752018 -0.125877
FixedParameters: 0 0 0

#Transform 45
Transform: AffineTransform_float_3_3
Parameters: 0.999995 0.00285593 -0.00134228 -0.00285707 0.999995 -0.000795168 0.00133972 0.00079983 0.999999 -0.12964 0.186923 -0.160237
FixedParameters: 0 0 0

#Transform 46
Transform: AffineTransform_float_3_3
Parameters: 0.999994 0.00302484 -0.00131267 -0.00302616 0.999995 -0.000882032 0.00131032 0.000885968 0.999998 -0.136415 0.155557 -0.135707
FixedParameters: 0 0 0

#Transform 47
Transform: AffineTransform_float_3_3
Parameters: 0.999995 0.00301133 -0.000794747 -0.00301167 0.999996 0.000417396 0.000795252 -0.000414607 0.999999 -0.162019 -0.00836187 -0.146842
FixedParameters: 0 0 0

#Transform 48
Transform: AffineTransform_float_3_3
Parameters: 0.999995 0.00282917 -0.00128364 -0.00282984 0.999996 0.000129633 0.00128436 -0.000126367 0.999999 -0.166225 -0.0660577 -0.134186
FixedParameters: 0 0 0

#Transform 49
Transform: AffineTransform_float_3_3
Parameters: 0.999995 0.00281265 -0.00147258 -0.00281435 0.999995 -0.000915859 0.00146942 0.000920137 0.999998 -0.165402 0.1102 -0.265372
FixedParameters: 0 0 0

#Transform 50
Transform: AffineTransform_float_3_3
Parameters: 0.999995 0.00294861 -0.00108606 -0.00294939 0.999995 -0.000356799 0.00108494 0.000360201 1 -0.170933 0.140399 -0.235542
FixedParameters: 0 0 0

#Transform 51
Transform: AffineTransform_float_3_3
Parameters: 0.999993 0.00342473 -0.0015336 -0.00342527 0.999994 -0.000172748 0.0015324 0.000178249 0.999999 -0.169041 0.142335 -0.214556
FixedParameters: 0 0 0

#Transform 52
Transform: AffineTransform_float_3_3
Parameters: 0.999994 0.00292126 -0.00144948 -0.00292074 0.999995 0.000180234 0.00145052 -0.000175764 0.999999 -0.160418 0.0574097 -0.13507
FixedParameters: 0 0 0

#Transform 53
Transform: AffineTransform_float_3_3
Parameters: 0.999994 0.00309356 -0.00145793 -0.00309444 0.999995 -0.00029949 0.00145707 0.000303509 0.999999 -0.137584 0.189975 -0.100634
FixedParameters: 0 0 0

#Transform 54
Transform: AffineTransform_float_3_3
Parameters: 0.999994 0.00348062 -0.00104926 -0.00348138 0.999994 -0.00035935 0.00104874 0.000363653 1 -0.153813 0.108193 -0.0857442
FixedParameters: 0 0 0

#Transform 55
Transform: AffineTransform_float_3_3
Parameters: 0.999991 0.00382957 -0.00185696 -0.00383143 0.999993 -0.000768892 0.00185404 0.000776107 0.999998 -0.172549 -0.0847064 -0.165422
FixedParameters: 0 0 0

#Transform 56
Transform: AffineTransform_float_3_3
Parameters: 0.999995 0.00310912 -0.00121669 -0.00310888 0.999995 0.000102783 0.00121731 -9.82158e-05 1 -0.170759 -0.121985 -0.0948729
FixedParameters: 0 0 0

#Transform 57
Transform: AffineTransform_float_3_3
Parameters: 0.999994 0.00304041 -0.00121447 -0.00304159 0.999996 -0.000482309 0.00121253 0.000485689 0.999999 -0.184306 0.0230586 -0.104434
FixedParameters: 0 0 0

#Transform 58
Transform: AffineTransform_float_3_3
Parameters: 0.999992 0.00365158 -0.00165513 -0.00365342 0.999993 -0.00085496 0.00165187 0.000860039 0.999999 -0.176831 0.0833274 -0.074662
FixedParameters: 0 0 0

#Transform 59
Transform: AffineTransform_float_3_3
Parameters: 0.999993 0.003529 -0.00157151 -0.00353101 0.999993 -0.00127446 0.00156649 0.00128054 0.999998 -0.179456 0.188529 -0.149351
FixedParameters: 0 0 0

#Transform 60
Transform: AffineTransform_float_3_3
Parameters: 0.999993 0.00348944 -0.000794466 -0.00349056 0.999993 -0.000705231 0.000791531 0.000708767 1 -0.164901 0.234631 -0.114157
FixedParameters: 0 0 0

#Transform 61
Transform: AffineTransform_float_3_3
Parameters: 0.999992 0.00375969 -0.00079346 -0.00376031 0.999993 -0.000387019 0.000791539 0.000389979 0.999999 -0.148368 0.037523 -0.0494834
FixedParameters: 0 0 0

#Transform 62
Transform: AffineTransform_float_3_3
Parameters: 0.99999 0.00386924 -0.00218735 -0.00387076 0.999993 -0.000344537 0.00218565 0.00035346 0.999997 -0.177222 -0.122484 -0.0607796
FixedParameters: 0 0 0

#Transform 63
Transform: AffineTransform_float_3_3
Parameters: 0.999992 0.00353292 -0.00182316 -0.00353308 0.999994 -4.0559e-05 0.00182285 4.64403e-05 0.999999 -0.169787 -0.0442273 0.000537043
FixedParameters: 0 0 0

#Transform 64
Transform: AffineTransform_float_3_3
Parameters: 0.999991 0.00398634 -0.00135695 -0.00398766 0.999992 -0.000485593 0.00135405 0.000491402 0.999999 -0.191821 0.0443802 0.00662439
FixedParameters: 0 0 0

#Transform 65
Transform: AffineTransform_float_3_3
Parameters: 0.99999 0.00409153 -0.00188121 -0.00409348 0.999992 -0.000781307 0.00187879 0.000788695 0.999998 -0.198093 0.080108 -0.0336771
FixedParameters: 0 0 0

#Transform 66
Transform: AffineTransform_float_3_3
Parameters: 0.999991 0.00398708 -0.00157879 -0.00398792 0.999992 5.62966e-05 0.00157921 -4.9704e-05 0.999999 -0.18849 0.102957 0.00182625
FixedParameters: 0 0 0

#Transform 67
Transform: AffineTransform_float_3_3
Parameters: 0.999991 0.0039866 -0.00158001 -0.0039874 0.999992 -0.000250702 0.00157899 0.000257297 0.999998 -0.188426 0.110248 -0.0201808
FixedParameters: 0 0 0

#Transform 68
Transform: AffineTransform_float_3_3
Parameters: 0.999988 0.00421057 -0.00225481 -0.00421143 0.999991 -0.000186506 0.0022542 0.000195494 0.999998 -0.213959 0.121596 -0.0592725
FixedParameters: 0 0 0

#Transform 69
Transform: AffineTransform_float_3_3
Parameters: 0.99999 0.0041679 -0.00195435 -0.0041691 0.999991 -0.000559858 0.00195165 0.00056814 0.999998 -0.204756 0.172802 -0.122182
FixedParameters: 0 0 0

#Transform 70
Transform: AffineTransform_float_3_3
Parameters: 0.999992 0.00394072 -0.000893223 -0.00394128 0.999992 -0.000308482 0.000891776 0.000312517 1 -0.194845 0.135045 -0.113196
FixedParameters: 0 0 0

#Transform 71
Transform: AffineTransform_float_3_3
Parameters: 0.999988 0.00460133 -0.00163988 -0.00460267 0.99999 -0.000404457 0.00163812 0.000412542 0.999998 -0.21834 0.0435978 -0.110254
FixedParameters: 0 0 0

#Transform 72
Transform: AffineTransform_float_3_3
Parameters: 0.99999 0.00402475 -0.00156306 -0.00402424 0.999992 0.000485294 0.00156494 -0.000478706 0.999998 -0.213345 -0.0882052 -0.119861
FixedParameters: 0 0 0

#Transform 73
Transform: AffineTransform_float_3_3
Parameters: 0.99999 0.00402439 -0.00194519 -0.00402361 0.999992 0.000204829 0.00194581 -0.000196171 0.999998 -0.20723 0.105715 -0.126402
FixedParameters: 0 0 0

#Transform 74
Transform: AffineTransform_float_3_3
Parameters: 0.99999 0.00418008 -0.00170735 -0.00417892 0.999991 0.000637142 0.00170965 -0.00062986 0.999999 -0.22127 0.0682628 -0.120159
FixedParameters: 0 0 0

#Transform 75
Transform: AffineTransform_float_3_3
Parameters: 0.999989 0.00430036 -0.0019654 -0.00430164 0.99999 -0.000321549 0.0019636 0.000330448 0.999998 -0.225717 0.0956346 -0.108768
FixedParameters: 0 0 0

#Transform 76
Transform: AffineTransform_float_3_3
Parameters: 0.999987 0.00463244 -0.00205977 -0.00463556 0.999988 -0.00123947 0.00205424 0.00124853 0.999997 -0.239559 0.1493 -0.151863
FixedParameters: 0 0 0

#Transform 77
Transform: AffineTransform_float_3_3
Parameters: 0.999985 0.00482593 -0.00237916 -0.00482706 0.999989 -0.000442522 0.00237684 0.000453477 0.999997 -0.214314 0.0871564 -0.149544
FixedParameters: 0 0 0

#Transform 78
Transform: AffineTransform_float_3_3
Parameters: 0.999987 0.00456951 -0.00223499 -0.00457048 0.999989 -0.000211788 0.00223401 0.000222211 0.999998 -0.220217 0.0485023 -0.144079
FixedParameters: 0 0 0

#Transform 79
Transform: AffineTransform_float_3_3
Parameters: 0.999987 0.00463253 -0.00213803 -0.00463248 0.999989 -0.000217098 0.00213697 0.000226903 0.999997 -0.214365 0.109289 -0.162686
FixedParameters: 0 0 0

#Transform 80
Transform: AffineTransform_float_3_3
Parameters: 0.999988 0.00449061 -0.00155523 -0.00449038 0.99999 0.000397988 0.00155677 -0.000391013 0.999998 -0.220326 0.0425457 -0.162955
FixedParameters: 0 0 0

#Transform 81
Transform: AffineTransform_float_3_3
Parameters: 0.999988 0.00449126 -0.00153732 -0.00448973 0.999989 0.000823911 0.00154168 -0.000817085 0.999999 -0.221021 -0.0518233 -0.121423
FixedParameters: 0 0 0

#Transform 82
Transform: AffineTransform_float_3_3
Parameters: 0.999989 0.00425183 -0.00158409 -0.00425017 0.999991 0.00115775 0.00158891 -0.00115126 0.999998 -0.216429 -0.0215725 -0.0761975
FixedParameters: 0 0 0

#Transform 83
Transform: AffineTransform_float_3_3
Parameters: 0.999988 0.00447452 -0.00159454 -0.00447448 0.99999 0.000330138 0.00159646 -0.00032286 0.999998 -0.21949 0.0577654 -0.104386
FixedParameters: 0 0 0

#Transform 84
Transform: AffineTransform_float_3_3
Parameters: 0.999989 0.00424451 -0.00165469 -0.00424449 0.999991 0.000311026 0.0016553 -0.000303977 0.999998 -0.214724 0.124747 -0.133648
FixedParameters: 0 0 0

#Transform 85
Transform: AffineTransform_float_3_3
Parameters: 0.999989 0.00457326 -0.000986801 -0.00457274 0.999989 0.000264515 0.000988202 -0.000260484 1 -0.22893 0.169062 -0.108463
FixedParameters: 0 0 0

#Transform 86
Transform: AffineTransform_float_3_3
Parameters: 0.999989 0.00463045 -0.000540179 -0.00463055 0.999989 0.00082651 0.000543819 -0.00082349 0.999999 -0.247756 0.0375888 -0.112866
FixedParameters: 0 0 0

#Transform 87
Transform: AffineTransform_float_3_3
Parameters: 0.999986 0.00507985 -0.00095018 -0.00507815 0.999985 0.00193585 0.000959815 -0.00193015 0.999997 -0.276593 -0.167804 -0.121791
FixedParameters: 0 0 0

#Transform 88
Transform: AffineTransform_float_3_3
Parameters: 0.999987 0.00490961 -0.000885171 -0.00490638 0.99998 0.00404239 0.000904828 -0.00403761 0.999992 -0.256721 -0.0290221 -0.131598
FixedParameters: 0 0 0

#Transform 89
Transform: AffineTransform_float_3_3
Parameters: 0.999992 0.00398784 -0.000146785 -0.00398716 0.999978 0.00532063 0.000168217 -0.00532037 0.999986 -0.268705 0.0228964 -0.106654
FixedParameters: 0 0 0

#Transform 90
Transform: AffineTransform_float_3_3
Parameters: 0.999988 0.00474424 -0.000180913 -0.00474376 0.999968 0.00634293 0.000210092 -0.00634207 0.99998 -0.329504 0.0139356 -0.187308
FixedParameters: 0 0 0

#Transform 91
Transform: AffineTransform_float_3_3
Parameters: 0.999985 0.00535294 0.000176497 -0.00535405 0.999963 0.00663015 -0.000141503 -0.00663085 0.999978 -0.397328 0.0187605 -0.209632
FixedParameters: 0 0 0

#Transform 92
Transform: AffineTransform_float_3_3
Parameters: 0.999983 0.00576222 -0.000826402 -0.00575678 0.999965 0.00618286 0.000862597 -0.00617813 0.99998 -0.400021 0.0237135 -0.265151
FixedParameters: 0 0 0

#Transform 93
Transform: AffineTransform_float_3_3
Parameters: 0.999985 0.00535118 -0.000214403 -0.00534983 0.999973 0.00515822 0.000241594 -0.00515678 0.999986 -0.367642 0.218271 -0.368959
FixedParameters: 0 0 0

#Transform 94
Transform: AffineTransform_float_3_3
Parameters: 0.999982 0.00587549 0.000353061 -0.00587651 0.999973 0.004434 -0.000326941 -0.004436 0.99999 -0.387553 0.207171 -0.407033
FixedParameters: 0 0 0

#Transform 95
Transform: AffineTransform_float_3_3
Parameters: 0.999984 0.00560587 0.00041961 -0.00560814 0.999971 0.00527973 -0.000390388 -0.00528227 0.999986 -0.386474 -0.00478352 -0.456672
FixedParameters: 0 0 0

#Transform 96
Transform: AffineTransform_float_3_3
Parameters: 0.999988 0.0047077 0.000633009 -0.00471029 0.999975 0.00530908 -0.000607994 -0.00531192 0.999985 -0.369979 0.00917759 -0.393342
FixedParameters: 0 0 0

#Transform 97
Transform: AffineTransform_float_3_3
Parameters: 0.999986 0.00518781 4.76022e-05 -0.00518818 0.999971 0.00570583 -1.7401e-05 -0.00570517 0.999983 -0.369153 0.0616836 -0.446168
FixedParameters: 0 0 0

#Transform 98
Transform: AffineTransform_float_3_3
Parameters: 0.999985 0.00549917 0.000767957 -0.00550283 0.999972 0.00507985 -0.000740044 -0.00508415 0.999987 -0.360905 0.148818 -0.460334
FixedParameters: 0 0 0

#Transform 99
Transform: AffineTransform_float_3_3
Parameters: 0.999983 0.00571222 0.00101603 -0.00571778 0.999967 0.00577729 -0.000982968 -0.00578271 0.999983 -0.373067 0.0723321 -0.454411
FixedParameters: 0 0 0

#Transform 100
Transform: AffineTransform_float_3_3
Parameters: 0.999984 0.00556585 0.00109599 -0.00557316 0.999963 0.006639 -0.00105901 -0.00664501 0.999978 -0.40307 -0.0485184 -0.496018
FixedParameters: 0 0 0

#Transform 101
Transform: AffineTransform_float_3_3
Parameters: 0.999985 0.00549764 7.49432e-05 -0.00549836 0.999966 0.00617368 -4.10528e-05 -0.00617432 0.999981 -0.401381 0.0232205 -0.512701
FixedParameters: 0 0 0

#Transform 102
Transform: AffineTransform_float_3_3
Parameters: 0.999984 0.00549445 0.000697537 -0.00549755 0.999972 0.00519025 -0.000668466 -0.00519376 0.999987 -0.3936 0.238074 -0.573447
FixedParameters: 0 0 0

#Transform 103
Transform: AffineTransform_float_3_3
Parameters: 0.999983 0.00560651 0.00117548 -0.00561149 0.999973 0.00471748 -0.00114952 -0.00472452 0.999988 -0.416051 0.205316 -0.592593
FixedParameters: 0 0 0

#Transform 104
Transform: AffineTransform_float_3_3
Parameters: 0.999981 0.00611901 0.000971937 -0.00612398 0.999967 0.00521415 -0.000940064 -0.00521985 0.999986 -0.401708 0.0559899 -0.560397
FixedParameters: 0 0 0

#Transform 105
Transform: AffineTransform_float_3_3
Parameters: 0.999979 0.00634008 0.000583244 -0.00634391 0.999955 0.00697443 -0.000538752 -0.00697855 0.999975 -0.435193 -0.0042913 -0.542762
FixedParameters: 0 0 0

#Transform 106
Transform: AffineTransform_float_3_3
Parameters: 0.999981 0.00618866 0.000386553 -0.00619134 0.999961 0.00638874 -0.000346443 -0.00639127 0.99998 -0.431611 0.0470771 -0.534666
FixedParameters: 0 0 0

#Transform 107
Transform: AffineTransform_float_3_3
Parameters: 0.99998 0.00631958 0.000102113 -0.00631941 0.999968 0.00476445 -7.18931e-05 -0.00476455 0.999988 -0.414795 0.175293 -0.599382
FixedParameters: 0 0 0

#Transform 108
Transform: AffineTransform_float_3_3
Parameters: 0.999978 0.00653948 0.000125441 -0.00654051 0.999968 0.00465428 -9.45523e-05 -0.00465572 0.999989 -0.445506 0.198972 -0.601211
FixedParameters: 0 0 0

#Transform 109
Transform: AffineTransform_float_3_3
Parameters: 0.999971 0.00770327 0.000127221 -0.00770374 0.999942 0.00742724 -7.07826e-05 -0.00742777 0.999973 -0.500471 0.0218686 -0.504703
FixedParameters: 0 0 0

#Transform 110
Transform: AffineTransform_float_3_3
Parameters: 0.99997 0.00775317 0.000270034 -0.00775583 0.999941 0.00761213 -0.000210961 -0.00761386 0.999971 -0.513335 -0.125478 -0.525429
FixedParameters: 0 0 0

#Transform 111
Transform: AffineTransform_float_3_3
Parameters: 0.99997 0.00776742 0.000272368 -0.00776857 0.999949 0.00635407 -0.000223635 -0.00635593 0.99998 -0.577096 -0.00505085 -0.685484
FixedParameters: 0 0 0

#Transform 112
Transform: AffineTransform_float_3_3
Parameters: 0.99996 0.00894546 -8.71188e-05 -0.00894453 0.99995 0.00434695 0.00012588 -0.00434604 0.99999 -0.653613 0.0948607 -0.764965
FixedParameters: 0 0 0

#Transform 113
Transform: AffineTransform_float_3_3
Parameters: 0.999964 0.00839709 -1.90798e-06 -0.00839692 0.999956 0.00429817 3.80986e-05 -0.00429883 0.999991 -0.653136 0.222239 -0.88382
FixedParameters: 0 0 0

#Transform 114
Transform: AffineTransform_float_3_3
Parameters: 0.99997 0.00780049 0.000523093 -0.00780152 0.999965 0.00295801 -0.00049991 -0.00296199 0.999996 -0.612643 0.331533 -0.952316
FixedParameters: 0 0 0

#Transform 115
Transform: AffineTransform_float_3_3
Parameters: 0.999961 0.00879935 0.000839524 -0.00880066 0.99996 0.00198769 -0.000821482 -0.00199431 0.999997 -0.668723 0.166536 -1.01284
FixedParameters: 0 0 0

#Transform 116
Transform: AffineTransform_float_3_3
Parameters: 0.999947 0.0102496 0.00098423 -0.0102534 0.999941 0.0035291 -0.00094777 -0.0035389 0.999994 -0.747444 0.101433 -0.988123
FixedParameters: 0 0 0

#Transform 117
Transform: AffineTransform_float_3_3
Parameters: 0.999954 0.00949144 0.00130459 -0.00949556 0.999948 0.00353177 -0.00127142 -0.00354323 0.999993 -0.695702 0.0284511 -1.11594
FixedParameters: 0 0 0

#Transform 118
Transform: AffineTransform_float_3_3
Parameters: 0.999959 0.00905184 7.58673e-05 -0.00905216 0.999956 0.00241541 -5.41361e-05 -0.00241559 0.999997 -0.696233 0.0424834 -1.10895
FixedParameters: 0 0 0

#Transform 119
Transform: AffineTransform_float_3_3
Parameters: 0.999959 0.00910744 0.000402862 -0.00910856 0.999957 0.00141039 -0.000390141 -0.00141361 0.999999 -0.712397 0.273768 -1.16443
FixedParameters: 0 0 0

#Transform 120
Transform: AffineTransform_float_3_3
Parameters: 0.999962 0.00878773 0.000147815 -0.00878827 0.999959 0.00191277 -0.000131183 -0.00191423 0.999998 -0.699796 0.237724 -1.09085
FixedParameters: 0 0 0

#Transform 121
Transform: AffineTransform_float_3_3
Parameters: 0.999952 0.009766 0.00055873 -0.009767 0.99995 0.00181263 -0.000540267 -0.00181836 0.999998 -0.751814 0.159729 -1.18871
FixedParameters: 0 0 0

#Transform 122
Transform: AffineTransform_float_3_3
Parameters: 0.999949 0.0099894 0.00147646 -0.0099936 0.999945 0.00314141 -0.00144553 -0.0031566 0.999994 -0.791551 0.0330094 -1.30488
FixedParameters: 0 0 0

#Transform 123
Transform: AffineTransform_float_3_3
Parameters: 0.999949 0.0101594 0.000324101 -0.0101596 0.999947 0.00197681 -0.000303898 -0.00198019 0.999998 -0.768814 0.0942294 -1.31846
FixedParameters: 0 0 0

#Transform 124
Transform: AffineTransform_float_3_3
Parameters: 0.999952 0.00972844 0.00164334 -0.00973557 0.999945 0.0040342 -0.00160366 -0.0040498 0.999991 -0.772656 0.276043 -1.22208
FixedParameters: 0 0 0

#Transform 125
Transform: AffineTransform_float_3_3
Parameters: 0.99995 0.00994275 0.001552 -0.00994825 0.999944 0.00341073 -0.001518 -0.00342627 0.999993 -0.758605 0.176375 -1.36623
FixedParameters: 0 0 0

#Transform 126
Transform: AffineTransform_float_3_3
Parameters: 0.999934 0.0113781 0.00151995 -0.011386 0.999925 0.004644 -0.00146704 -0.004661 0.999988 -0.829205 -0.0236435 -1.3484
FixedParameters: 0 0 0

#Transform 127
Transform: AffineTransform_float_3_3
Parameters: 0.999924 0.0122996 0.000830176 -0.0123033 0.999915 0.0041551 -0.000778824 -0.00416489 0.999991 -0.860199 -0.13585 -1.27449
FixedParameters: 0 0 0

#Transform 128
Transform: AffineTransform_float_3_3
Parameters: 0.999915 0.0130283 0.000488692 -0.0130297 0.999908 0.00373395 -0.000439309 -0.00374004 0.999993 -0.919124 0.156205 -1.32651
FixedParameters: 0 0 0

#Transform 129
Transform: AffineTransform_float_3_3
Parameters: 0.999912 0.0133025 0.00026838 -0.0133036 0.999909 0.00213162 -0.000240627 -0.00213439 0.999997 -0.895788 0.216462 -1.27877
FixedParameters: 0 0 0

#Transform 130
Transform: AffineTransform_float_3_3
Parameters: 0.999911 0.0133445 0.000137965 -0.0133445 0.999901 0.00449256 -7.80317e-05 -0.00449444 0.99999 -0.901812 0.0891071 -1.30072
FixedParameters: 0 0 0

#Transform 131
Transform: AffineTransform_float_3_3
Parameters: 0.99991 0.0134167 0.000574839 -0.0134183 0.999902 0.00415766 -0.00051916 -0.00416534 0.999991 -0.911759 0.0232874 -1.35997
FixedParameters: 0 0 0

#Transform 132
Transform: AffineTransform_float_3_3
Parameters: 0.99991 0.0134211 -0.000488499 -0.0134189 0.999902 0.00413893 0.000544501 -0.00413207 0.999992 -0.90172 0.0841513 -1.35439
FixedParameters: 0 0 0

#Transform 133
Transform: AffineTransform_float_3_3
Parameters: 0.999909 0.0134223 -0.000800086 -0.0134187 0.999902 0.00394809 0.000852925 -0.00393791 0.999992 -0.90655 0.127557 -1.36329
FixedParameters: 0 0 0

#Transform 134
Transform: AffineTransform_float_3_3
Parameters: 0.999911 0.0132927 -0.000431083 -0.0132903 0.999905 0.00368306 0.000479913 -0.00367695 0.999993 -0.880596 0.147206 -1.37651
FixedParameters: 0 0 0

#Transform 135
Transform: AffineTransform_float_3_3
Parameters: 0.999913 0.0131802 -0.000398848 -0.0131788 0.999909 0.0028215 0.000436145 -0.0028155 0.999996 -0.86078 0.0717522 -1.48146
FixedParameters: 0 0 0

#Transform 136
Transform: AffineTransform_float_3_3
Parameters: 0.999905 0.0137658 -0.000502894 -0.0137642 0.999899 0.00349825 0.000551116 -0.00349174 0.999994 -0.916376 0.130818 -1.5475
FixedParameters: 0 0 0

#Transform 137
Transform: AffineTransform_float_3_3
Parameters: 0.99991 0.0134214 -0.00109649 -0.0134186 0.999907 0.00213191 0.00112551 -0.00211709 0.999997 -0.880664 0.117053 -1.69754
FixedParameters: 0 0 0

#Transform 138
Transform: AffineTransform_float_3_3
Parameters: 0.999909 0.01348 -0.000794024 -0.013478 0.999906 0.00252593 0.000827975 -0.00251507 0.999996 -0.900393 0.141028 -1.61875
FixedParameters: 0 0 0

#Transform 139
Transform: AffineTransform_float_3_3
Parameters: 0.999896 0.0143633 -0.000501917 -0.0143616 0.999893 0.00258547 0.000539074 -0.00257752 0.999996 -0.946286 0.183474 -1.52112
FixedParameters: 0 0 0

#Transform 140
Transform: AffineTransform_float_3_3
Parameters: 0.9999 0.014137 3.16705e-05 -0.014137 0.999896 0.00308886 1.16726e-05 -0.00308915 0.999995 -0.935156 0.0895558 -1.6021
FixedParameters: 0 0 0

#Transform 141
Transform: AffineTransform_float_3_3
Parameters: 0.999897 0.0143175 -0.000717592 -0.0143145 0.999887 0.00471376 0.000785413 -0.00470324 0.999988 -0.943826 -0.0808697 -1.4911
FixedParameters: 0 0 0

#Transform 142
Transform: AffineTransform_float_3_3
Parameters: 0.999896 0.0143736 -0.00117479 -0.0143694 0.999892 0.00301519 0.00121821 -0.0029978 0.999995 -0.916805 0.0715183 -1.54523
FixedParameters: 0 0 0

#Transform 143
Transform: AffineTransform_float_3_3
Parameters: 0.999896 0.0143019 -0.00185838 -0.0142981 0.999895 0.00208479 0.00188763 -0.00205822 0.999996 -0.897844 0.142334 -1.58428
FixedParameters: 0 0 0

#Transform 144
Transform: AffineTransform_float_3_3
Parameters: 0.999892 0.0146734 -0.00124401 -0.0146696 0.999888 0.00273455 0.00128399 -0.00271645 0.999996 -0.939643 0.12884 -1.58937
FixedParameters: 0 0 0

#Transform 145
Transform: AffineTransform_float_3_3
Parameters: 0.999897 0.0142382 -0.00175098 -0.0142348 0.999897 0.00184011 0.00177702 -0.00181488 0.999997 -0.906538 0.152298 -1.60486
FixedParameters: 0 0 0

#Transform 146
Transform: AffineTransform_float_3_3
Parameters: 0.999896 0.0144181 -5.47976e-05 -0.0144179 0.999895 0.00147094 7.62031e-05 -0.00147005 0.999999 -0.908023 0.285945 -1.73549
FixedParameters: 0 0 0

#Transform 147
Transform: AffineTransform_float_3_3
Parameters: 0.999899 0.0141084 -0.00163342 -0.0141056 0.9999 0.00147019 0.00165359 -0.00144782 0.999997 -0.848708 0.130287 -1.94352
FixedParameters: 0 0 0

#Transform 148
Transform: AffineTransform_float_3_3
Parameters: 0.999893 0.0145162 -0.00181813 -0.0145118 0.999892 0.00227763 0.00185086 -0.00225037 0.999996 -0.865815 -0.110616 -1.87697
FixedParameters: 0 0 0

#Transform 149
Transform: AffineTransform_float_3_3
Parameters: 0.999895 0.014278 -0.00239489 -0.01427 0.999892 0.00331752 0.0024421 -0.00328247 0.999991 -0.848671 -0.156584 -1.8244
FixedParameters: 0 0 0

#Transform 150
Transform: AffineTransform_float_3_3
Parameters: 0.999889 0.0145422 -0.00339486 -0.0145368 0.999893 0.00154752 0.00341714 -0.00149747 0.999993 -0.853128 0.0273745 -1.91012
FixedParameters: 0 0 0

#Transform 151
Transform: AffineTransform_float_3_3
Parameters: 0.999883 0.0151276 -0.00196726 -0.0151234 0.999883 0.00231202 0.00200175 -0.00228198 0.999996 -0.91282 0.267743 -2.00409
FixedParameters: 0 0 0

#Transform 152
Transform: AffineTransform_float_3_3
Parameters: 0.999871 0.0158809 -0.00249208 -0.0158801 0.999874 0.000392625 0.00249793 -0.000353376 0.999997 -0.898147 0.237705 -2.01089
FixedParameters: 0 0 0

#Transform 153
Transform: AffineTransform_float_3_3
Parameters: 0.999892 0.0144658 -0.0025353 -0.0144652 0.999896 -7.1334e-05 0.00253471 0.000107678 0.999997 -0.838933 0.0680942 -2.21016
FixedParameters: 0 0 0

#Transform 154
Transform: AffineTransform_float_3_3
Parameters: 0.999887 0.0146462 -0.0032038 -0.0146468 0.999892 -0.000236101 0.0032002 0.000282902 0.999995 -0.846056 -0.0718382 -2.19722
FixedParameters: 0 0 0

#Transform 155
Transform: AffineTransform_float_3_3
Parameters: 0.999891 0.014425 -0.00293786 -0.01443 0.999895 -0.00170179 0.00291314 0.00174421 0.999994 -0.832294 0.045329 -2.26508
FixedParameters: 0 0 0

#Transform 156
Transform: AffineTransform_float_3_3
Parameters: 0.999894 0.0141886 -0.00321453 -0.0141954 0.999898 -0.00198758 0.00318646 0.00203343 0.999993 -0.817341 0.112291 -2.27045
FixedParameters: 0 0 0

#Transform 157
Transform: AffineTransform_float_3_3
Parameters: 0.999899 0.0139353 -0.00284692 -0.0139397 0.999901 -0.00162448 0.00282409 0.00166352 0.999994 -0.812167 0.199508 -2.28513
FixedParameters: 0 0 0

#Transform 158
Transform: AffineTransform_float_3_3
Parameters: 0.999896 0.0142073 -0.00241115 -0.0142107 0.999898 -0.0015419 0.00238886 0.0015751 0.999996 -0.839236 0.0211051 -2.40786
FixedParameters: 0 0 0

#Transform 159
Transform: AffineTransform_float_3_3
Parameters: 0.999892 0.0143565 -0.00294687 -0.0143595 0.999896 -0.00115381 0.00293013 0.0011962 0.999995 -0.836601 -0.073472 -2.34171
FixedParameters: 0 0 0

#Transform 160
Transform: AffineTransform_float_3_3
Parameters: 0.999892 0.0144624 -0.00257856 -0.0144667 0.999895 -0.00140285 0.00255744 0.00144014 0.999995 -0.841558 0.0512455 -2.36046
FixedParameters: 0 0 0

#Transform 161
Transform: AffineTransform_float_3_3
Parameters: 0.999881 0.0151226 -0.00282424 -0.0151254 0.999885 -0.00118442 0.00280577 0.00122658 0.999996 -0.843838 0.109273 -2.41247
FixedParameters: 0 0 0

#Transform 162
Transform: AffineTransform_float_3_3
Parameters: 0.999895 0.014435 -0.00137107 -0.014437 0.999894 -0.00144936 0.00134994 0.00146864 0.999998 -0.855295 0.0824329 -2.42099
FixedParameters: 0 0 0

#Transform 163
Transform: AffineTransform_float_3_3
Parameters: 0.999902 0.0139151 -0.00146174 -0.0139159 0.999903 -0.000617719 0.00145327 0.000637285 0.999998 -0.856802 -0.0595725 -2.36077
FixedParameters: 0 0 0

#Transform 164
Transform: AffineTransform_float_3_3
Parameters: 0.999896 0.0142673 -0.00218105 -0.0142697 0.999898 -0.000758956 0.00216995 0.000790042 0.999998 -0.854605 0.0236067 -2.32021
FixedParameters: 0 0 0

#Transform 165
Transform: AffineTransform_float_3_3
Parameters: 0.99989 0.014479 -0.00298552 -0.014484 0.999893 -0.00167194 0.00296147 0.00171507 0.999994 -0.824039 0.114939 -2.38591
FixedParameters: 0 0 0

#Transform 166
Transform: AffineTransform_float_3_3
Parameters: 0.999889 0.0146919 -0.00227376 -0.0146981 0.999889 -0.00268888 0.00223424 0.00272213 0.999994 -0.836235 0.241413 -2.46234
FixedParameters: 0 0 0

#Transform 167
Transform: AffineTransform_float_3_3
Parameters: 0.999891 0.0146377 -0.00198811 -0.0146423 0.99989 -0.00217913 0.00195587 0.00220887 0.999995 -0.837732 0.0566144 -2.46513
FixedParameters: 0 0 0

#Transform 168
Transform: AffineTransform_float_3_3
Parameters: 0.999904 0.0137207 -0.00164655 -0.0137233 0.999904 -0.00199659 0.00161846 0.0020184 0.999996 -0.776883 -0.0946107 -2.42651
FixedParameters: 0 0 0

#Transform 169
Transform: AffineTransform_float_3_3
Parameters: 0.999891 0.0143747 -0.00315748 -0.0143843 0.999891 -0.00327894 0.00310952 0.00332406 0.999989 -0.768566 0.131925 -2.48463
FixedParameters: 0 0 0

#Transform 170
Transform: AffineTransform_float_3_3
Parameters: 0.999905 0.0136289 -0.00195914 -0.0136361 0.999901 -0.00366463 0.00190886 0.00369137 0.999992 -0.773505 0.15378 -2.45646
FixedParameters: 0 0 0

#Transform 171
Transform: AffineTransform_float_3_3
Parameters: 0.999903 0.0137408 -0.0025472 -0.0137512 0.999895 -0.0044344 0.0024858 0.00446959 0.999987 -0.774394 0.0264913 -2.43562
FixedParameters: 0 0 0

#Transform 172
Transform: AffineTransform_float_3_3
Parameters: 0.999904 0.0136419 -0.00252714 -0.0136541 0.999895 -0.00482896 0.00246086 0.00486304 0.999985 -0.760164 0.191412 -2.59417
FixedParameters: 0 0 0

#Transform 173
Transform: AffineTransform_float_3_3
Parameters: 0.999894 0.0143479 -0.00228007 -0.0143571 0.999889 -0.00402969 0.00222192 0.00406231 0.99999 -0.80192 0.165085 -2.70376
FixedParameters: 0 0 0

#Transform 174
Transform: AffineTransform_float_3_3
Parameters: 0.999897 0.0142373 -0.00217317 -0.0142447 0.999894 -0.00308636 0.00212882 0.00311763 0.999993 -0.810314 -0.028171 -2.69018
FixedParameters: 0 0 0

#Transform 175
Transform: AffineTransform_float_3_3
Parameters: 0.999895 0.0142287 -0.00252732 -0.0142363 0.999895 -0.00288532 0.00248568 0.00292067 0.999992 -0.821286 0.0142464 -2.60189
FixedParameters: 0 0 0

#Transform 176
Transform: AffineTransform_float_3_3
Parameters: 0.999894 0.0142284 -0.00291897 -0.0142416 0.999889 -0.00433289 0.00285702 0.00437411 0.999987 -0.807126 0.201052 -2.67037
FixedParameters: 0 0 0

#Transform 177
Transform: AffineTransform_float_3_3
Parameters: 0.999885 0.0150398 -0.00228495 -0.0150512 0.999875 -0.00496419 0.00221006 0.00499782 0.999985 -0.854963 0.242248 -2.76901
FixedParameters: 0 0 0

#Transform 178
Transform: AffineTransform_float_3_3
Parameters: 0.999899 0.0141162 -0.00171485 -0.0141238 0.99989 -0.00465125 0.00164916 0.00467475 0.999987 -0.81539 0.0909552 -2.78581
FixedParameters: 0 0 0

#Transform 179
Transform: AffineTransform_float_3_3
Parameters: 0.999897 0.0142065 -0.00234292 -0.0142155 0.999893 -0.00363707 0.00229108 0.00366993 0.99999 -0.815537 -0.051646 -2.70181
FixedParameters: 0 0 0

#Transform 180
Transform: AffineTransform_float_3_3
Parameters: 0.99989 0.0144916 -0.00317628 -0.0145064 0.999885 -0.00454842 0.00310972 0.00459357 0.999984 -0.799914 0.0959051 -2.71858
FixedParameters: 0 0 0

#Transform 181
Transform: AffineTransform_float_3_3
Parameters: 0.999902 0.0137796 -0.00247012 -0.0137914 0.999892 -0.00506943 0.00239987 0.00510357 0.999984 -0.774054 0.130702 -2.69206
FixedParameters: 0 0 0

#Transform 182
Transform: AffineTransform_float_3_3
Parameters: 0.999903 0.0137177 -0.00247 -0.0137273 0.999898 -0.00377246 0.002418 0.00380554 0.99999 -0.800745 0.0435004 -2.62885
FixedParameters: 0 0 0

#Transform 183
Transform: AffineTransform_float_3_3
Parameters: 0.999895 0.0139901 -0.00381409 -0.0140049 0.999895 -0.003909 0.00375891 0.00396201 0.999985 -0.785063 0.131664 -2.57968
FixedParameters: 0 0 0

#Transform 184
Transform: AffineTransform_float_3_3
Parameters: 0.999891 0.0142856 -0.00375378 -0.0143044 0.999885 -0.00492484 0.00368321 0.00497816 0.999981 -0.80478 0.226094 -2.60707
FixedParameters: 0 0 0

#Transform 185
Transform: AffineTransform_float_3_3
Parameters: 0.99989 0.0145076 -0.00288065 -0.0145173 0.999888 -0.00360658 0.00282735 0.00364842 0.99999 -0.775991 0.130781 -2.63635
FixedParameters: 0 0 0

#Transform 186
Transform: AffineTransform_float_3_3
Parameters: 0.999899 0.014099 -0.00214611 -0.0141051 0.999897 -0.00282902 0.00210589 0.00285898 0.999993 -0.800184 0.00130371 -2.65465
FixedParameters: 0 0 0

#Transform 187
Transform: AffineTransform_float_3_3
Parameters: 0.999897 0.0141741 -0.00221419 -0.0141799 0.999896 -0.00267788 0.00217581 0.00270912 0.999994 -0.806312 0.0278227 -2.67795
FixedParameters: 0 0 0

#Transform 188
Transform: AffineTransform_float_3_3
Parameters: 0.99989 0.0145653 -0.00276931 -0.0145737 0.999889 -0.00315799 0.0027227 0.00319801 0.999991 -0.802581 0.0960139 -2.68237
FixedParameters: 0 0 0

#Transform 189
