#Insight Transform File V1.0
#Transform 0
Transform: AffineTransform_float_3_3
Parameters: 1 -0.000357889 0.000433091 0.000358111 1 -0.000255845 -0.000432908 0.000256155 1 -0.012634 0.0114552 0.137636
FixedParameters: 0 0 0

#Transform 1
Transform: AffineTransform_float_3_3
Parameters: 0.999999 0.000820122 0.000218545 -0.000820879 1 -0.00055518 -0.000218455 0.000554821 1 -0.0441368 0.0610774 -0.0226905
FixedParameters: 0 0 0

#Transform 2
Transform: AffineTransform_float_3_3
Parameters: 0.999999 0.000725936 -0.000129359 -0.000726063 0.999999 -0.000493906 0.000128641 0.000494093 1 -0.0279256 0.0294911 0.0300552
FixedParameters: 0 0 0

#Transform 3
Transform: AffineTransform_float_3_3
Parameters: 0.999999 0.00072637 0.000359252 -0.00072663 0.999999 -0.00103026 -0.000359749 0.00102974 1 -0.0383579 0.0680618 -0.0143789
FixedParameters: 0 0 0

#Transform 4
Transform: AffineTransform_float_3_3
Parameters: 0.999999 0.000726251 0.000359491 -0.000726747 0.999999 -0.000700261 -0.000360508 0.000699738 0.999999 -0.0386366 0.0104828 0.0163662
FixedParameters: 0 0 0

#Transform 5
Transform: AffineTransform_float_3_3
Parameters: 0.999999 0.000726182 0.000173238 -0.000726817 0.999999 -0.00105013 -0.000174763 0.00104987 1 -0.0347259 0.065462 -0.0311118
FixedParameters: 0 0 0

#Transform 6
Transform: AffineTransform_float_3_3
Parameters: 1 0.00021607 0.000134888 -0.00021593 1 -0.000519029 -0.000135112 0.000518971 1 -0.0154178 0.0264353 0.0437676
FixedParameters: 0 0 0

#Transform 7
Transform: AffineTransform_float_3_3
Parameters: 0.999999 0.000726018 6.27916e-05 -0.000725981 0.999999 -0.000287046 -6.32083e-05 0.000286954 1 -0.0420471 0.0285814 -0.00878967
FixedParameters: 0 0 0

#Transform 8
Transform: AffineTransform_float_3_3
Parameters: 1 0.000253002 -0.000132997 -0.000252998 1 1.20336e-05 0.000133003 -1.19664e-05 1 -0.00191936 -0.0277293 0.0670216
FixedParameters: 0 0 0

#Transform 9
Transform: AffineTransform_float_3_3
Parameters: 1 0.000617013 5.28445e-05 -0.000616986 1 -0.000252033 -5.31555e-05 0.000251967 1 -0.0226976 0.036485 -0.00942635
FixedParameters: 0 0 0

#Transform 10
Transform: AffineTransform_float_3_3
Parameters: 1 0.000156984 -8.30311e-05 -0.000157016 1 -0.000197987 8.29689e-05 0.000198013 1 -0.00276369 -0.00890667 0.0431091
FixedParameters: 0 0 0

#Transform 11
Transform: AffineTransform_float_3_3
Parameters: 1 0.000368997 4.60218e-05 -0.000369003 1 5.8983e-05 -4.59782e-05 -5.9017e-05 1 -0.0252937 0.0350298 0.00477549
FixedParameters: 0 0 0

#Transform 12
Transform: AffineTransform_float_3_3
Parameters: 1 0.000299999 -0.000142003 -0.000300002 1 -1.09574e-05 0.000141997 1.00426e-05 1 -0.0051669 0.0258379 0.0372898
FixedParameters: 0 0 0

#Transform 13
Transform: AffineTransform_float_3_3
Parameters: 0.999999 0.000708028 0.000107814 -0.000707971 0.999999 -0.000263076 -0.000108186 0.000262923 1 -0.0440083 0.0388253 -0.0312702
FixedParameters: 0 0 0

#Transform 14
Transform: AffineTransform_float_3_3
Parameters: 1 0.000299984 -8.90543e-05 -0.000300016 1 -0.000180973 8.89457e-05 0.000181027 1 -0.00586822 0.0105309 0.0280072
FixedParameters: 0 0 0

#Transform 15
Transform: AffineTransform_float_3_3
Parameters: 1 0.000595943 -6.45304e-05 -0.000596058 1 -0.000889962 6.44695e-05 0.000890039 0.999999 -0.0299913 0.0395635 -0.0410968
FixedParameters: 0 0 0

#Transform 16
Transform: AffineTransform_float_3_3
Parameters: 1 0.000215011 -9.39759e-05 -0.00021499 1 0.00011202 9.30241e-05 -0.00011198 1 -0.000236945 0.018333 0.0115504
FixedParameters: 0 0 0

#Transform 17
Transform: AffineTransform_float_3_3
Parameters: 1 0.000300005 8.8209e-06 -0.000299994 1 -0.000597002 -9.1791e-06 0.000596997 1 -0.00712834 0.0628912 -0.0056153
FixedParameters: 0 0 0

#Transform 18
Transform: AffineTransform_float_3_3
Parameters: 1 0.000127068 0.000206958 -0.000127931 1 -0.000331026 -0.000207042 0.000330974 1 -0.00576417 -0.0193855 -0.0124811
FixedParameters: 0 0 0

#Transform 19
Transform: AffineTransform_float_3_3
Parameters: 1 0.000300005 9.79856e-05 -0.000299995 1 -4.80294e-05 -9.80144e-05 4.79706e-05 1 -0.0150946 0.0399504 0.017673
FixedParameters: 0 0 0

#Transform 20
Transform: AffineTransform_float_3_3
Parameters: 1 0.000300066 0.000194898 -0.000299933 1 -0.000341058 -0.000195102 0.000340941 1 -0.00961169 0.0102295 -0.0131245
FixedParameters: 0 0 0

#Transform 21
Transform: AffineTransform_float_3_3
Parameters: 1 0.00030003 0.000140936 -0.00029997 1 -0.000213042 -0.000141064 0.000212958 1 -0.0268147 0.0270472 0.0387839
FixedParameters: 0 0 0

#Transform 22
Transform: AffineTransform_float_3_3
Parameters: 1 5.79756e-05 0.000122012 -5.80244e-05 1 0.000199993 -0.000121988 -0.000200007 1 0.014897 -0.00133005 0.00572367
FixedParameters: 0 0 0

#Transform 23
Transform: AffineTransform_float_3_3
Parameters: 1 0.000248968 9.70827e-05 -0.000249032 1 0.000331976 -9.69173e-05 -0.000332024 1 -0.021814 0.001501 0.0349805
FixedParameters: 0 0 0

#Transform 24
Transform: AffineTransform_float_3_3
Parameters: 1 0.000300015 0.000133965 -0.000299985 1 -0.00011504 -0.000134034 0.00011496 1 -0.00871846 0.00727657 0.0016269
FixedParameters: 0 0 0

#Transform 25
Transform: AffineTransform_float_3_3
Parameters: 1 0.00030009 -0.000210872 -0.00029991 1 0.000428063 0.000211128 -0.000427937 1 -0.00423993 0.0460508 0.0356654
FixedParameters: 0 0 0

#Transform 26
Transform: AffineTransform_float_3_3
Parameters: 1 0.000154016 6.69632e-05 -0.000153984 1 -0.00023901 -6.70368e-05 0.00023899 1 0.015721 -0.0371401 -0.0112723
FixedParameters: 0 0 0

#Transform 27
Transform: AffineTransform_float_3_3
Parameters: 1 0.000300023 -9.39253e-05 -0.000299977 1 0.000249028 9.40747e-05 -0.000248972 1 -0.00269005 0.0082816 0.0680289
FixedParameters: 0 0 0

#Transform 28
Transform: AffineTransform_float_3_3
Parameters: 1 0.0003 8.9976e-06 -0.0003 1 -8.0027e-06 -9.0024e-06 7.9973e-06 1 -0.00328595 -0.0126273 -0.00054983
FixedParameters: 0 0 0

#Transform 29
Transform: AffineTransform_float_3_3
Parameters: 1 -0.000696788 -0.000895388 0.000695213 1 -0.000879624 0.000895612 0.000879377 0.999999 0.0476117 0.109715 -0.160624
FixedParameters: 0 0 0

#Transform 30
Transform: AffineTransform_float_3_3
Parameters: 0.999999 0.000315985 -0.00121721 -0.000309018 0.999984 0.00573338 0.00121879 -0.00573362 0.999983 -0.00154963 -0.101666 0.129844
FixedParameters: 0 0 0

#Transform 31
Transform: AffineTransform_float_3_3
Parameters: 1 0.000127201 -3.2215e-05 -0.0001268 0.999981 0.006176 3.27837e-05 -0.00617599 0.999981 0.0313958 -0.209048 0.407479
FixedParameters: 0 0 0

#Transform 32
Transform: AffineTransform_float_3_3
Parameters: 1 -7.88049e-05 -3.34632e-05 7.91923e-05 0.999983 0.00586999 3.25357e-05 -0.00587 0.999983 0.0262212 -0.0390022 0.379367
FixedParameters: 0 0 0

#Transform 33
Transform: AffineTransform_float_3_3
Parameters: 1 0.00026645 0.000106389 -0.000266549 0.999987 0.00520798 -0.000104613 -0.00520803 0.999987 0.0353634 -0.0824764 0.233308
FixedParameters: 0 0 0

#Transform 34
Transform: AffineTransform_float_3_3
Parameters: 1 0.00026682 3.53882e-05 -0.000266179 0.999987 0.005201 -3.36161e-05 -0.00520101 0.999987 0.0287326 -0.0230142 0.266539
FixedParameters: 0 0 0

#Transform 35
Transform: AffineTransform_float_3_3
Parameters: 1 0.00026837 -0.000310822 -0.000266629 0.999991 0.00439909 0.000312176 -0.00439892 0.999991 0.0171679 -0.0410525 0.242936
FixedParameters: 0 0 0

#Transform 36
Transform: AffineTransform_float_3_3
Parameters: 1 0.000162054 -0.000231265 -0.000160942 0.999989 0.00455203 0.000232735 -0.00455196 0.999989 0.042323 -0.032598 0.181273
FixedParameters: 0 0 0

#Transform 37
Transform: AffineTransform_float_3_3
Parameters: 1 0.000358125 -0.000285594 -0.000357877 0.999992 0.0039311 0.000286409 -0.0039309 0.999992 0.0258546 0.00713853 0.166805
FixedParameters: 0 0 0

#Transform 38
Transform: AffineTransform_float_3_3
Parameters: 1 0.000267227 -9.23458e-05 -0.000266774 0.999997 0.00244902 9.26536e-05 -0.00244898 0.999997 0.0180137 0.0134885 0.118504
FixedParameters: 0 0 0

#Transform 39
Transform: AffineTransform_float_3_3
Parameters: 1 0.000202223 -6.53124e-05 -0.000201774 0.999994 0.00340201 6.66868e-05 -0.00340199 0.999994 0.0305646 -0.0185603 0.181677
FixedParameters: 0 0 0

#Transform 40
Transform: AffineTransform_float_3_3
Parameters: 1 0.00026644 0.000292511 -0.000266561 0.999998 0.00191592 -0.00029249 -0.00191608 0.999998 0.0167374 0.000420298 0.0814919
FixedParameters: 0 0 0

#Transform 41
Transform: AffineTransform_float_3_3
Parameters: 1 0.000266836 5.08691e-05 -0.000266165 0.999994 0.00325598 -5.01336e-05 -0.00325601 0.999994 0.00757162 0.0277918 0.221822
FixedParameters: 0 0 0

#Transform 42
Transform: AffineTransform_float_3_3
Parameters: 1 0.000326867 5.28278e-05 -0.000327133 0.999996 0.00253198 -5.21718e-05 -0.00253202 0.999997 0.0127446 0.0191516 0.114629
FixedParameters: 0 0 0

#Transform 43
Transform: AffineTransform_float_3_3
Parameters: 1 0.000201255 -8.43958e-05 -0.000200747 0.999996 0.00300402 8.46035e-05 -0.00300399 0.999996 0.0241755 0.0271995 0.182422
FixedParameters: 0 0 0

#Transform 44
Transform: AffineTransform_float_3_3
Parameters: 1 0.000266601 0.000157676 -0.0002664 0.999997 0.00253496 -0.000157325 -0.00253404 0.999997 0.0227441 0.036905 0.124769
FixedParameters: 0 0 0

#Transform 45
Transform: AffineTransform_float_3_3
Parameters: 1 0.000266519 0.000157816 -0.000266482 0.999996 0.00305696 -0.000157186 -0.00305704 0.999996 0.0347144 0.000716511 0.175245
FixedParameters: 0 0 0

#Transform 46
Transform: AffineTransform_float_3_3
Parameters: 1 0.000318576 0.000157859 -0.000318425 0.999997 0.00269395 -0.000157143 -0.00269405 0.999997 0.015024 0.0435272 0.102842
FixedParameters: 0 0 0

#Transform 47
Transform: AffineTransform_float_3_3
Parameters: 1 0.000266498 0.00015785 -0.000266502 0.999995 0.00318796 -0.000157151 -0.00318804 0.999995 0.0347043 -0.0134443 0.179669
FixedParameters: 0 0 0

#Transform 48
Transform: AffineTransform_float_3_3
Parameters: 1 0.000267039 -1.42823e-05 -0.000266959 0.999997 0.00268801 1.57176e-05 -0.002688 0.999997 0.0302854 0.0424021 0.114239
FixedParameters: 0 0 0

#Transform 49
Transform: AffineTransform_float_3_3
Parameters: 1 0.000266529 0.000157798 -0.000266472 0.999996 0.00299196 -0.000157203 -0.00299204 0.999995 0.0346937 -0.0488138 0.12764
FixedParameters: 0 0 0

#Transform 50
Transform: AffineTransform_float_3_3
Parameters: 1 0.0002669 4.16463e-05 -0.000266101 0.999997 0.00242099 -4.13559e-05 -0.00242101 0.999997 0.0318254 0.0127343 0.114499
FixedParameters: 0 0 0

#Transform 51
Transform: AffineTransform_float_3_3
Parameters: 1 0.000213531 0.00021347 -0.00021447 0.999997 0.00220095 -0.000213528 -0.00220104 0.999997 0.0352603 0.0127484 0.0759772
FixedParameters: 0 0 0

#Transform 52
Transform: AffineTransform_float_3_3
Parameters: 1 0.000267416 -0.000166332 -0.000266584 0.999997 0.00249804 0.000166666 -0.00249795 0.999997 0.0388761 0.00423901 0.0902427
FixedParameters: 0 0 0

#Transform 53
Transform: AffineTransform_float_3_3
Parameters: 1 0.000266767 0.000157395 -0.000266232 0.999999 0.00147896 -0.000156606 -0.00147904 0.999999 0.0347056 0.050137 0.0353401
FixedParameters: 0 0 0

#Transform 54
Transform: AffineTransform_float_3_3
Parameters: 1 0.000267028 -1.24064e-05 -0.000266971 0.999998 0.002223 1.35935e-05 -0.002223 0.999997 0.0153924 0.0550967 0.112231
FixedParameters: 0 0 0

#Transform 55
Transform: AffineTransform_float_3_3
Parameters: 1 0.000365745 0.000157593 -0.000366255 0.999998 0.00162094 -0.000157406 -0.00162106 0.999998 0.015169 0.0242993 0.013922
FixedParameters: 0 0 0

#Transform 56
Transform: AffineTransform_float_3_3
Parameters: 1 0.000319683 0.000157644 -0.000319318 0.999998 0.00201495 -0.000157357 -0.00201505 0.999998 0.0128509 0.041421 0.1163
FixedParameters: 0 0 0

#Transform 57
Transform: AffineTransform_float_3_3
Parameters: 1 0.000630767 0.000157933 -0.000631233 0.999998 0.0014789 -0.000157066 -0.0014791 0.999999 -0.00327643 0.0541778 0.0307485
FixedParameters: 0 0 0

#Transform 58
Transform: AffineTransform_float_3_3
Parameters: 1 0.000266944 2.95145e-05 -0.000266055 0.999998 0.00192699 -2.84874e-05 -0.00192701 0.999998 0.0269251 0.0327024 0.0662657
FixedParameters: 0 0 0

#Transform 59
Transform: AffineTransform_float_3_3
Parameters: 1 0.000480719 0.000157859 -0.000480281 0.999999 0.00178593 -0.000157142 -0.00178608 0.999999 -0.00284619 0.0658732 0.0673414
FixedParameters: 0 0 0

#Transform 60
Transform: AffineTransform_float_3_3
Parameters: 1 0.000266813 0.000126395 -0.000266186 0.999999 0.00147897 -0.000125606 -0.00147903 0.999999 0.0351384 0.0516529 0.0481468
FixedParameters: 0 0 0

#Transform 61
Transform: AffineTransform_float_3_3
Parameters: 1 0.000267114 -4.73599e-05 -0.000266884 0.999997 0.00239701 4.86399e-05 -0.00239699 0.999997 0.015605 0.0265084 0.0918742
FixedParameters: 0 0 0

#Transform 62
Transform: AffineTransform_float_3_3
Parameters: 1 0.000409471 0.000315687 -0.000409529 0.999998 0.00167787 -0.000315313 -0.00167813 0.999998 0.0226836 0.0237472 0.0180688
FixedParameters: 0 0 0

#Transform 63
Transform: AffineTransform_float_3_3
Parameters: 1 0.000267275 -0.000127424 -0.000266726 0.999997 0.00215503 0.000127575 -0.00215496 0.999997 0.0245121 0.00977625 0.100396
FixedParameters: 0 0 0

#Transform 64
Transform: AffineTransform_float_3_3
Parameters: 1 0.000568836 0.000110841 -0.000569163 0.999998 0.00147894 -0.000110158 -0.00147906 0.999999 0.0198305 0.0053088 -0.0141813
FixedParameters: 0 0 0

#Transform 65
Transform: AffineTransform_float_3_3
Parameters: 1 0.000267408 -0.000191431 -0.000266591 0.999997 0.00212805 0.000192568 -0.00212795 0.999997 0.0392637 -0.00502821 0.0871309
FixedParameters: 0 0 0

#Transform 66
Transform: AffineTransform_float_3_3
Parameters: 1 0.00055387 0.000139517 -0.00055313 1 0.000933923 -0.000138483 -0.000934077 0.999999 0.0283691 0.0622173 -0.0304907
FixedParameters: 0 0 0

#Transform 67
Transform: AffineTransform_float_3_3
Parameters: 1 0.000351286 -0.000136264 -0.000350712 0.999997 0.00209605 0.000137735 -0.00209595 0.999998 0.0366296 0.00803394 0.0796702
FixedParameters: 0 0 0

#Transform 68
Transform: AffineTransform_float_3_3
Parameters: 1 0.000556816 0.000158648 -0.000557184 0.999999 0.00116391 -0.000157352 -0.00116409 1 0.0111914 0.0527171 -0.0105101
FixedParameters: 0 0 0

#Transform 69
Transform: AffineTransform_float_3_3
Parameters: 1 0.000354324 -0.000151242 -0.000353674 0.999997 0.00214005 0.000152757 -0.00213994 0.999997 0.0168827 0.00439999 0.0805508
FixedParameters: 0 0 0

#Transform 70
Transform: AffineTransform_float_3_3
Parameters: 1 0.000363746 0.000240385 -0.000363255 1 0.00105891 -0.000240616 -0.00105909 1 0.0109539 0.0514733 -0.0325198
FixedParameters: 0 0 0

#Transform 71
Transform: AffineTransform_float_3_3
Parameters: 1 0.000431368 -0.000185145 -0.00043063 0.999998 0.00198208 0.000186854 -0.00198192 0.999998 0.00576293 0.0450094 0.0787049
FixedParameters: 0 0 0

#Transform 72
Transform: AffineTransform_float_3_3
Parameters: 0.999999 0.000263256 0.00066769 -0.000264744 0.999996 0.00261282 -0.000667311 -0.00261318 0.999997 0.0115404 0.0298019 0.0691543
FixedParameters: 0 0 0

#Transform 73
Transform: AffineTransform_float_3_3
Parameters: 1 -0.000360747 0.0003843 0.000360254 0.999998 0.00194214 -0.0003847 -0.00194186 0.999998 0.0608756 0.0463722 -0.0314248
FixedParameters: 0 0 0

#Transform 74
Transform: AffineTransform_float_3_3
Parameters: 0.999999 -0.000362207 0.0013384 0.000359792 0.999998 0.00164848 -0.00133959 -0.00164852 0.999997 0.0361035 0.0500918 -0.0566654
FixedParameters: 0 0 0

#Transform 75
Transform: AffineTransform_float_3_3
Parameters: 0.999999 -0.000682831 0.0011071 0.000682169 1 -0.000152245 -0.0011069 0.000152756 1 0.0577788 0.0726482 -0.183789
FixedParameters: 0 0 0

#Transform 76
Transform: AffineTransform_float_3_3
Parameters: 0.999999 -0.000850014 0.00116099 0.000849985 0.999999 1.29868e-05 -0.00116101 -1.20131e-05 1 0.0545798 0.109754 -0.136894
FixedParameters: 0 0 0

#Transform 77
Transform: AffineTransform_float_3_3
Parameters: 0.999999 -0.000925677 0.00110227 0.000926322 0.999999 -0.000291979 -0.00110273 0.000293021 1 0.0709778 0.06516 -0.255051
FixedParameters: 0 0 0

#Transform 78
Transform: AffineTransform_float_3_3
Parameters: 0.999999 -0.000636266 0.00114185 0.000636733 1 0.000233727 -0.00114215 -0.000232274 1 0.0604077 0.0821217 -0.197534
FixedParameters: 0 0 0

#Transform 79
Transform: AffineTransform_float_3_3
Parameters: 0.999998 -0.000855596 0.00137825 0.000856402 0.999999 -0.00029182 -0.00137775 0.000293179 0.999999 0.0726005 0.102652 -0.290275
FixedParameters: 0 0 0

#Transform 80
Transform: AffineTransform_float_3_3
Parameters: 0.999999 -0.000856247 0.00101479 0.000855753 0.999999 0.000243869 -0.00101521 -0.000243131 1 0.0745917 0.0735069 -0.215461
FixedParameters: 0 0 0

#Transform 81
Transform: AffineTransform_float_3_3
Parameters: 0.999999 -0.000855539 0.00158625 0.000856462 0.999999 -0.000290642 -0.00158675 0.000291358 0.999998 0.0673332 0.0865595 -0.30267
FixedParameters: 0 0 0

#Transform 82
Transform: AffineTransform_float_3_3
Parameters: 0.999999 -0.000856413 0.00112969 0.000856587 0.999999 0.000365968 -0.00113031 -0.000365032 1 0.085864 0.0919048 -0.23049
FixedParameters: 0 0 0

#Transform 83
Transform: AffineTransform_float_3_3
Parameters: 0.999999 -0.000912436 0.00127141 0.000912565 1 -0.000443841 -0.0012706 0.00044416 0.999999 0.0891022 0.0921986 -0.295692
FixedParameters: 0 0 0

#Transform 84
Transform: AffineTransform_float_3_3
Parameters: 0.999998 -0.000978482 0.00144135 0.000979518 1 -0.000358589 -0.00144165 0.000360411 0.999999 0.0883421 0.0821534 -0.275133
FixedParameters: 0 0 0

#Transform 85
Transform: AffineTransform_float_3_3
Parameters: 0.999999 -0.00073965 0.00123721 0.000739349 0.999999 -0.000282086 -0.00123779 0.000282916 0.999999 0.0636086 0.150631 -0.266531
FixedParameters: 0 0 0

#Transform 86
Transform: AffineTransform_float_3_3
Parameters: 0.999998 -0.000740229 0.00149538 0.00074077 0.999999 -0.000514893 -0.00149462 0.000516107 0.999998 0.0705453 0.128073 -0.298942
FixedParameters: 0 0 0

#Transform 87
Transform: AffineTransform_float_3_3
Parameters: 0.999999 -0.000706934 0.00118704 0.000707066 0.999999 -5.51607e-05 -0.00118696 5.58392e-05 1 0.0643826 0.116111 -0.219882
FixedParameters: 0 0 0

#Transform 88
Transform: AffineTransform_float_3_3
Parameters: 0.999999 -0.000638376 0.00173623 0.000638624 0.999999 -0.000358892 -0.00173677 0.000360109 0.999999 0.0469286 0.0868995 -0.292614
FixedParameters: 0 0 0

#Transform 89
Transform: AffineTransform_float_3_3
Parameters: 0.999999 -0.000455749 0.00126709 0.00045625 1 -0.000197422 -0.00126691 0.000198578 0.999999 0.0498884 0.109668 -0.240281
FixedParameters: 0 0 0

#Transform 90
Transform: AffineTransform_float_3_3
Parameters: 0.999998 -0.000569878 0.0015924 0.000571121 0.999999 -0.000704092 -0.0015916 0.000704908 0.999999 0.0467299 0.09133 -0.29927
FixedParameters: 0 0 0

#Transform 91
Transform: AffineTransform_float_3_3
Parameters: 0.999999 -0.000456048 0.00127698 0.000455952 1 3.75823e-05 -0.00127702 -3.74177e-05 0.999999 0.0377208 0.081423 -0.204709
FixedParameters: 0 0 0

#Transform 92
Transform: AffineTransform_float_3_3
Parameters: 0.999999 -0.000574989 0.00128745 0.000576011 0.999999 -0.000785259 -0.00128755 0.000785741 0.999999 0.0578932 0.0806795 -0.282984
FixedParameters: 0 0 0

#Transform 93
Transform: AffineTransform_float_3_3
Parameters: 0.999999 -0.000455929 0.000842038 0.00045607 1 -8.3616e-05 -0.000841961 8.43839e-05 0.999999 0.0749564 0.103792 -0.21855
FixedParameters: 0 0 0

#Transform 94
Transform: AffineTransform_float_3_3
Parameters: 0.999999 -0.000454884 0.00130439 0.000456115 0.999999 -0.000854405 -0.00130461 0.000855594 0.999999 0.0554426 0.114757 -0.30361
FixedParameters: 0 0 0

#Transform 95
Transform: AffineTransform_float_3_3
Parameters: 1 -0.000597572 0.000962267 0.000598428 0.999999 -0.000444425 -0.000961734 0.000445575 1 0.0605617 0.0804342 -0.214595
FixedParameters: 0 0 0

#Transform 96
Transform: AffineTransform_float_3_3
Parameters: 0.999999 -0.000454021 0.00130469 0.00045598 0.999998 -0.00151741 -0.00130431 0.00151759 0.999998 0.0424289 0.136294 -0.339592
FixedParameters: 0 0 0

#Transform 97
Transform: AffineTransform_float_3_3
Parameters: 1 -0.000670539 0.000963321 0.00067146 0.999999 -0.000477354 -0.00096368 0.000478647 1 0.0684945 0.0863869 -0.230877
FixedParameters: 0 0 0

#Transform 98
Transform: AffineTransform_float_3_3
Parameters: 0.999999 -0.000453765 0.00130478 0.000456236 0.999999 -0.00171341 -0.00130422 0.00171359 0.999997 0.0460241 0.132001 -0.327901
FixedParameters: 0 0 0

#Transform 99
Transform: AffineTransform_float_3_3
Parameters: 0.999999 -0.000648244 0.00112202 0.000649756 0.999998 -0.00156527 -0.00112098 0.00156573 0.999998 0.0677675 0.091664 -0.315136
FixedParameters: 0 0 0

#Transform 100
Transform: AffineTransform_float_3_3
Parameters: 0.999999 -0.000454509 0.000910745 0.000455491 0.999998 -0.00163759 -0.000910255 0.00163741 0.999998 0.0530909 0.126235 -0.299514
FixedParameters: 0 0 0

#Transform 101
Transform: AffineTransform_float_3_3
Parameters: 0.999999 -0.000453803 0.00128278 0.000456198 0.999999 -0.00171342 -0.00128222 0.00171358 0.999997 0.0604321 0.100644 -0.35145
FixedParameters: 0 0 0

#Transform 102
Transform: AffineTransform_float_3_3
Parameters: 1 -0.000455083 0.000967432 0.000455918 1 -0.00094756 -0.000967569 0.000948441 0.999999 0.0536357 0.0969279 -0.266673
FixedParameters: 0 0 0

#Transform 103
Transform: AffineTransform_float_3_3
Parameters: 0.999999 -0.000668853 0.00135756 0.000672148 0.999997 -0.00231909 -0.00135644 0.00231991 0.999997 0.059257 0.0878142 -0.401866
FixedParameters: 0 0 0

#Transform 104
Transform: AffineTransform_float_3_3
Parameters: 0.999999 -0.000657447 0.00122138 0.000659552 0.999997 -0.0020912 -0.00121962 0.0020918 0.999997 0.0622565 0.132175 -0.348641
FixedParameters: 0 0 0

#Transform 105
Transform: AffineTransform_float_3_3
Parameters: 0.999998 -0.000728126 0.00149239 0.000732873 0.999995 -0.00326791 -0.00148961 0.00326909 0.999993 0.082058 0.088961 -0.462684
FixedParameters: 0 0 0

#Transform 106
Transform: AffineTransform_float_3_3
Parameters: 0.999999 -0.000714151 0.0011338 0.000716849 0.999996 -0.00251419 -0.0011322 0.00251481 0.999996 0.0665599 0.153915 -0.331243
FixedParameters: 0 0 0

#Transform 107
Transform: AffineTransform_float_3_3
Parameters: 0.999999 -0.000560707 0.00164082 0.000566294 0.999994 -0.00322708 -0.00163918 0.00322792 0.999994 0.0593069 0.141021 -0.434026
FixedParameters: 0 0 0

#Transform 108
Transform: AffineTransform_float_3_3
Parameters: 0.999998 -0.000926016 0.0013181 0.000928984 0.999997 -0.00226578 -0.0013159 0.00226622 0.999996 0.0765837 0.136968 -0.359472
FixedParameters: 0 0 0

#Transform 109
Transform: AffineTransform_float_3_3
Parameters: 0.999999 -0.000835507 0.00117649 0.000839492 0.999995 -0.00297202 -0.00117351 0.00297298 0.999995 0.0801523 0.156006 -0.428013
FixedParameters: 0 0 0

#Transform 110
Transform: AffineTransform_float_3_3
Parameters: 0.999998 -0.000926279 0.00130365 0.00092972 0.999996 -0.00285679 -0.00130035 0.00285821 0.999995 0.0807527 0.0944441 -0.416025
FixedParameters: 0 0 0

#Transform 111
Transform: AffineTransform_float_3_3
Parameters: 0.999999 -0.000926935 0.00112054 0.000930063 0.999996 -0.00273796 -0.00111746 0.00273904 0.999995 0.0810553 0.134594 -0.392956
FixedParameters: 0 0 0

#Transform 112
Transform: AffineTransform_float_3_3
Parameters: 0.999998 -0.000925486 0.00133115 0.000929512 0.999994 -0.00339377 -0.00132785 0.00339523 0.999994 0.0887184 0.137775 -0.457693
FixedParameters: 0 0 0

#Transform 113
Transform: AffineTransform_float_3_3
Parameters: 0.999999 -0.000926139 0.00124588 0.000929861 0.999995 -0.00310185 -0.00124312 0.00310316 0.999995 0.0861032 0.111519 -0.378231
FixedParameters: 0 0 0

#Transform 114
Transform: AffineTransform_float_3_3
Parameters: 0.999998 -0.000923413 0.00168263 0.000929585 0.999992 -0.00391844 -0.00167837 0.00391956 0.999991 0.0840389 0.0927527 -0.512906
FixedParameters: 0 0 0

#Transform 115
Transform: AffineTransform_float_3_3
Parameters: 0.999998 -0.000925052 0.00137734 0.000929951 0.999993 -0.00359672 -0.00137466 0.00359728 0.999992 0.0881427 0.13444 -0.412332
FixedParameters: 0 0 0

#Transform 116
Transform: AffineTransform_float_3_3
Parameters: 0.999998 -0.000922435 0.00165624 0.000929566 0.999989 -0.00457347 -0.00165177 0.00457453 0.999988 0.0843339 0.122317 -0.550873
FixedParameters: 0 0 0

#Transform 117
Transform: AffineTransform_float_3_3
Parameters: 0.999999 -0.000786114 0.0011806 0.000789885 0.999995 -0.00329507 -0.0011774 0.00329593 0.999994 0.0874711 0.105035 -0.438023
FixedParameters: 0 0 0

#Transform 118
Transform: AffineTransform_float_3_3
Parameters: 0.999998 -0.000923632 0.00133144 0.000930365 0.999988 -0.00478977 -0.00132656 0.00479123 0.999987 0.102785 0.125314 -0.567969
FixedParameters: 0 0 0

#Transform 119
Transform: AffineTransform_float_3_3
Parameters: 0.999999 -0.000924811 0.00121796 0.00093019 0.999991 -0.00426687 -0.00121404 0.00426813 0.99999 0.0901304 0.118001 -0.482777
FixedParameters: 0 0 0

#Transform 120
Transform: AffineTransform_float_3_3
Parameters: 0.999998 -0.000920766 0.00173693 0.000930236 0.999986 -0.0053234 -0.00173207 0.00532461 0.999985 0.0831115 0.154831 -0.591972
FixedParameters: 0 0 0

#Transform 121
Transform: AffineTransform_float_3_3
Parameters: 0.999999 -0.00092546 0.00118157 0.000929542 0.999992 -0.00384791 -0.00117843 0.0038491 0.999992 0.0905405 0.144543 -0.493074
FixedParameters: 0 0 0

#Transform 122
Transform: AffineTransform_float_3_3
Parameters: 0.999998 -0.000922929 0.00140368 0.000930068 0.999987 -0.0050457 -0.00139832 0.0050463 0.999987 0.087525 0.183416 -0.557493
FixedParameters: 0 0 0

#Transform 123
Transform: AffineTransform_float_3_3
Parameters: 0.999999 -0.000502157 0.00173229 0.00050984 0.999989 -0.00452912 -0.00172971 0.00453088 0.999988 0.0652553 0.129135 -0.525562
FixedParameters: 0 0 0

#Transform 124
Transform: AffineTransform_float_3_3
Parameters: 0.999998 -0.00050191 0.00188917 0.000510089 0.99999 -0.00428404 -0.00188683 0.00428495 0.999989 0.0414135 0.119046 -0.439992
FixedParameters: 0 0 0

#Transform 125
Transform: AffineTransform_float_3_3
Parameters: 0.999999 -0.00136175 0.000731337 0.00136325 0.999997 -0.001715 -0.000728662 0.00171599 0.999999 0.10682 0.074408 -0.289182
FixedParameters: 0 0 0

#Transform 126
Transform: AffineTransform_float_3_3
Parameters: 0.999997 -0.00161586 0.00182424 0.00161514 0.999998 0.000474948 -0.00182477 -0.000472053 0.999998 0.0985724 0.0796912 -0.124506
FixedParameters: 0 0 0

#Transform 127
Transform: AffineTransform_float_3_3
Parameters: 0.999992 -0.00162357 0.003473 0.00161542 0.999995 0.00247063 -0.00347699 -0.00246437 0.999991 0.129179 -0.0320558 -0.192835
FixedParameters: 0 0 0

#Transform 128
Transform: AffineTransform_float_3_3
Parameters: 0.999981 -0.00335921 0.00521623 0.00334479 0.99999 0.0029225 -0.00522577 -0.0029045 0.999982 0.235205 0.0745282 -0.086095
FixedParameters: 0 0 0

#Transform 129
Transform: AffineTransform_float_3_3
Parameters: 0.999987 -0.00352337 0.00365571 0.00352062 0.999993 0.000656879 -0.00365829 -0.000643119 0.999993 0.235519 -0.0208451 -0.157219
FixedParameters: 0 0 0

#Transform 130
Transform: AffineTransform_float_3_3
Parameters: 0.999987 -0.00339223 0.00366242 0.00339677 0.999994 -0.00129658 -0.00365757 0.00130942 0.999992 0.234561 0.152068 -0.296258
FixedParameters: 0 0 0

#Transform 131
Transform: AffineTransform_float_3_3
Parameters: 0.999987 -0.00349146 0.00366615 0.00350054 0.999991 -0.0023242 -0.00365785 0.0023378 0.99999 0.244167 0.149231 -0.414345
FixedParameters: 0 0 0

#Transform 132
Transform: AffineTransform_float_3_3
Parameters: 0.999988 -0.00342957 0.00366685 0.00343944 0.999991 -0.00257042 -0.00365815 0.00258258 0.99999 0.237479 0.136211 -0.366456
FixedParameters: 0 0 0

#Transform 133
Transform: AffineTransform_float_3_3
Parameters: 0.999988 -0.00343091 0.00366841 0.00344209 0.999989 -0.00302241 -0.00365759 0.00303458 0.999988 0.249989 0.101605 -0.473824
FixedParameters: 0 0 0

#Transform 134
Transform: AffineTransform_float_3_3
Parameters: 0.999988 -0.00339936 0.0036679 0.00340965 0.99999 -0.00289953 -0.00365811 0.00291247 0.999989 0.239202 0.136737 -0.426141
FixedParameters: 0 0 0

#Transform 135
Transform: AffineTransform_float_3_3
Parameters: 0.999987 -0.00351809 0.0036733 0.00353491 0.999985 -0.00433407 -0.00365769 0.00434693 0.999984 0.251665 0.106897 -0.555281
FixedParameters: 0 0 0

#Transform 136
Transform: AffineTransform_float_3_3
Parameters: 0.999988 -0.00328943 0.00367291 0.00330658 0.999985 -0.00451591 -0.00365808 0.00452809 0.999983 0.246359 0.151475 -0.522604
FixedParameters: 0 0 0

#Transform 137
Transform: AffineTransform_float_3_3
Parameters: 0.999986 -0.00352804 0.00391598 0.00354896 0.99998 -0.00535718 -0.00389702 0.00537183 0.999978 0.237399 0.117144 -0.594254
FixedParameters: 0 0 0

#Transform 138
Transform: AffineTransform_float_3_3
Parameters: 0.999988 -0.00343258 0.00367248 0.00344742 0.999985 -0.0042014 -0.00365753 0.00421361 0.999985 0.235178 0.127959 -0.483179
FixedParameters: 0 0 0

#Transform 139
Transform: AffineTransform_float_3_3
Parameters: 0.999988 -0.00327504 0.00367498 0.00329396 0.999981 -0.00516496 -0.00365801 0.00517704 0.99998 0.230367 0.150472 -0.58687
FixedParameters: 0 0 0

#Transform 140
Transform: AffineTransform_float_3_3
Parameters: 0.999991 -0.00426525 0.00100353 0.00427275 0.99996 -0.00785079 -0.000970475 0.00785521 0.999968 0.345848 0.245304 -0.806236
FixedParameters: 0 0 0

#Transform 141
Transform: AffineTransform_float_3_3
Parameters: 0.999989 -0.00411146 0.00203714 0.00414454 0.999851 -0.0167427 -0.00196786 0.0167513 0.999858 0.239616 0.350585 -1.87734
FixedParameters: 0 0 0

#Transform 142
Transform: AffineTransform_float_3_3
Parameters: 0.999969 -0.00695594 0.00375429 0.00699505 0.99992 -0.0104931 -0.00368071 0.0105189 0.999938 0.332964 0.194949 -1.56999
FixedParameters: 0 0 0

#Transform 143
Transform: AffineTransform_float_3_3
Parameters: 0.999976 -0.00482164 0.00509037 0.00484236 0.999981 -0.00399545 -0.00507063 0.00402055 0.999979 0.229132 0.104062 -0.568966
FixedParameters: 0 0 0

#Transform 144
Transform: AffineTransform_float_3_3
Parameters: 0.999973 -0.00481049 0.00565695 0.00484251 0.999973 -0.00556876 -0.00563006 0.00559624 0.999969 0.244498 0.153599 -0.827279
FixedParameters: 0 0 0

#Transform 145
Transform: AffineTransform_float_3_3
Parameters: 0.999976 -0.00458818 0.00523506 0.00461982 0.999971 -0.00608196 -0.00520694 0.00610604 0.999968 0.231736 0.228727 -0.859003
FixedParameters: 0 0 0

#Transform 146
Transform: AffineTransform_float_3_3
Parameters: 0.999975 -0.00445684 0.00558907 0.00449816 0.999962 -0.00737305 -0.00555593 0.00739795 0.999957 0.236191 0.230713 -1.03363
FixedParameters: 0 0 0

#Transform 147
Transform: AffineTransform_float_3_3
Parameters: 0.999976 -0.00429738 0.00540811 0.00433562 0.999967 -0.00696372 -0.00537789 0.00698728 0.999961 0.235306 0.219222 -0.933564
FixedParameters: 0 0 0

#Transform 148
Transform: AffineTransform_float_3_3
Parameters: 0.999974 -0.00428993 0.00575686 0.00433506 0.99996 -0.00783824 -0.00572314 0.00786375 0.999952 0.230142 0.228217 -1.04088
FixedParameters: 0 0 0

#Transform 149
Transform: AffineTransform_float_3_3
Parameters: 0.999975 -0.00429511 0.00564458 0.00433488 0.999965 -0.00707371 -0.00561342 0.00709829 0.999959 0.202802 0.235453 -0.800082
FixedParameters: 0 0 0

#Transform 150
Transform: AffineTransform_float_3_3
Parameters: 0.999972 -0.00451823 0.0058422 0.00457177 0.999948 -0.00905153 -0.0058008 0.00907745 0.999942 0.224818 0.191134 -0.933013
FixedParameters: 0 0 0

#Transform 151
Transform: AffineTransform_float_3_3
Parameters: 0.999963 -0.00535194 0.00684011 0.00537506 0.99998 -0.00335736 -0.0068219 0.00339364 0.999971 0.206847 0.0428704 -0.680995
FixedParameters: 0 0 0

#Transform 152
Transform: AffineTransform_float_3_3
Parameters: 0.999901 -0.0141141 -0.000303524 0.0140969 0.999381 -0.0322135 0.000757467 0.0322055 0.999481 0.839541 0.175589 -2.46701
FixedParameters: 0 0 0

#Transform 153
Transform: AffineTransform_float_3_3
Parameters: 0.999884 -0.0143547 0.00519721 0.0144943 0.999508 -0.0278409 -0.00479478 0.0279131 0.999599 0.955536 0.222839 -3.28442
FixedParameters: 0 0 0

#Transform 154
Transform: AffineTransform_float_3_3
Parameters: 0.999968 -0.00731117 0.0034246 0.00736685 0.999841 -0.0162833 -0.00330538 0.0163087 0.999861 0.380986 0.426861 -1.96837
FixedParameters: 0 0 0

#Transform 155
Transform: AffineTransform_float_3_3
Parameters: 0.999954 -0.00726451 0.00626073 0.00736648 0.99984 -0.0163426 -0.00614026 0.0163884 0.999847 0.322914 0.488106 -1.88904
FixedParameters: 0 0 0

#Transform 156
Transform: AffineTransform_float_3_3
Parameters: 0.999967 -0.00665283 0.00466281 0.00672118 0.999869 -0.0147602 -0.00456419 0.0147909 0.99988 0.341943 0.346355 -1.69614
FixedParameters: 0 0 0

#Transform 157
Transform: AffineTransform_float_3_3
Parameters: 0.999966 -0.00672885 0.00490968 0.00680413 0.999857 -0.0154531 -0.00480432 0.0154858 0.999868 0.342295 0.31567 -1.82593
FixedParameters: 0 0 0

#Transform 158
Transform: AffineTransform_float_3_3
Parameters: 0.999965 -0.00676933 0.00478841 0.00684166 0.999859 -0.0153248 -0.00468359 0.0153572 0.999871 0.344763 0.350058 -1.76401
FixedParameters: 0 0 0

#Transform 159
Transform: AffineTransform_float_3_3
Parameters: 0.999965 -0.00619657 0.00560309 0.00628342 0.999859 -0.0155413 -0.0055059 0.0155756 0.999863 0.291007 0.364553 -1.80604
FixedParameters: 0 0 0

#Transform 160
Transform: AffineTransform_float_3_3
Parameters: 0.999957 -0.00875827 0.00282604 0.00880773 0.999798 -0.0180939 -0.00266696 0.0181181 0.999833 0.478939 0.399362 -1.92762
FixedParameters: 0 0 0

#Transform 161
Transform: AffineTransform_float_3_3
Parameters: 0.99994 -0.00955724 0.0053541 0.00965676 0.999774 -0.0189274 -0.0051719 0.0189776 0.999806 0.49494 0.411589 -2.10591
FixedParameters: 0 0 0

#Transform 162
Transform: AffineTransform_float_3_3
Parameters: 0.999931 -0.00903939 0.00758007 0.00916761 0.999811 -0.0171077 -0.00742394 0.0171763 0.999825 0.423159 0.411803 -2.26799
FixedParameters: 0 0 0

#Transform 163
Transform: AffineTransform_float_3_3
Parameters: 0.999921 -0.00772101 0.00985135 0.00802302 0.999488 -0.0309934 -0.00960765 0.0310696 0.999471 0.336448 0.0804421 -3.16386
FixedParameters: 0 0 0

#Transform 164
Transform: AffineTransform_float_3_3
Parameters: 0.999919 -0.0106436 0.0069468 0.0107864 0.999723 -0.0209398 -0.00672221 0.0210132 0.999756 0.6255 -0.26101 -2.00306
FixedParameters: 0 0 0

#Transform 165
Transform: AffineTransform_float_3_3
Parameters: 0.999931 -0.0108942 0.00455761 0.0109998 0.999654 -0.0238695 -0.0042964 0.0239175 0.999704 0.674314 0.268643 -2.03357
FixedParameters: 0 0 0

#Transform 166
Transform: AffineTransform_float_3_3
Parameters: 0.999946 -0.00994842 0.00308642 0.0100186 0.999668 -0.0237624 -0.00284958 0.0237926 0.999713 0.60882 0.263898 -2.44232
FixedParameters: 0 0 0

#Transform 167
Transform: AffineTransform_float_3_3
Parameters: 0.999957 -0.00890574 0.00233019 0.00896024 0.999662 -0.0244112 -0.0021118 0.0244318 0.9997 0.586151 0.496281 -2.52679
FixedParameters: 0 0 0

#Transform 168
Transform: AffineTransform_float_3_3
Parameters: 0.999962 -0.00855723 0.00200813 0.00860376 0.999674 -0.0240116 -0.00180186 0.0240273 0.999709 0.564135 0.484174 -2.39318
FixedParameters: 0 0 0

#Transform 169
Transform: AffineTransform_float_3_3
Parameters: 0.999961 -0.00850714 0.00205173 0.00855485 0.999662 -0.0245714 -0.00184128 0.0245876 0.999696 0.559695 0.487114 -2.54038
FixedParameters: 0 0 0

#Transform 170
Transform: AffineTransform_float_3_3
Parameters: 0.999963 -0.00845313 0.00125807 0.00848185 0.999673 -0.0240932 -0.0010539 0.0241038 0.999709 0.57154 0.451949 -2.5238
FixedParameters: 0 0 0

#Transform 171
Transform: AffineTransform_float_3_3
Parameters: 0.999962 -0.00863899 0.00166242 0.00867703 0.999665 -0.0244085 -0.00145158 0.0244215 0.9997 0.574358 0.391538 -2.45293
FixedParameters: 0 0 0

#Transform 172
Transform: AffineTransform_float_3_3
Parameters: 0.999963 -0.00843732 0.00162291 0.00847468 0.999656 -0.0248122 -0.0014131 0.0248248 0.999691 0.56704 0.425883 -2.47671
FixedParameters: 0 0 0

#Transform 173
Transform: AffineTransform_float_3_3
Parameters: 0.999968 -0.00777963 0.00188281 0.00781837 0.99973 -0.021891 -0.0017122 0.021905 0.999758 0.520468 0.35176 -2.15759
FixedParameters: 0 0 0

#Transform 174
Transform: AffineTransform_float_3_3
Parameters: 0.999968 -0.00785073 0.00184726 0.00788827 0.999746 -0.0211171 -0.00168074 0.0211309 0.999776 0.493335 0.213957 -1.91116
FixedParameters: 0 0 0

#Transform 175
Transform: AffineTransform_float_3_3
Parameters: 0.999977 -0.00598847 0.00323444 0.00605352 0.999775 -0.0203239 -0.00311155 0.0203431 0.999788 0.376667 0.241331 -1.87189
FixedParameters: 0 0 0

#Transform 176
Transform: AffineTransform_float_3_3
Parameters: 0.999981 -0.0049973 0.00345 0.0050247 0.999957 -0.00777481 -0.00341099 0.00779219 0.999964 0.399311 -0.0139824 -0.6555
FixedParameters: 0 0 0

#Transform 177
Transform: AffineTransform_float_3_3
Parameters: 0.999958 -0.00912603 0.00100993 0.00913096 0.999945 -0.00502699 -0.000964068 0.00503601 0.999987 0.600947 -0.0698968 -0.535038
FixedParameters: 0 0 0

#Transform 178
Transform: AffineTransform_float_3_3
Parameters: 0.999967 -0.00670218 0.00456783 0.00671683 0.999972 -0.00323743 -0.00454617 0.00326858 0.999985 0.468286 0.0845775 -0.378211
FixedParameters: 0 0 0

#Transform 179
Transform: AffineTransform_float_3_3
Parameters: 0.999976 -0.00614868 0.00303296 0.00615832 0.999977 -0.00307239 -0.00301403 0.0030916 0.99999 0.448022 0.152614 -0.434067
FixedParameters: 0 0 0

#Transform 180
Transform: AffineTransform_float_3_3
Parameters: 0.99998 -0.00556853 0.0031988 0.00557247 0.999983 -0.0013912 -0.0031912 0.0014088 0.999994 0.339187 -0.00539965 -0.292995
FixedParameters: 0 0 0

#Transform 181
Transform: AffineTransform_float_3_3
Parameters: 0.999982 -0.0050768 0.00320766 0.0050802 0.999986 -0.00130273 -0.00320135 0.00131828 0.999994 0.312502 0.0677649 -0.296701
FixedParameters: 0 0 0

#Transform 182
Transform: AffineTransform_float_3_3
Parameters: 0.999981 -0.00548438 0.00260198 0.00548161 0.999984 0.00092228 -0.00260702 -0.000907719 0.999996 0.328673 -0.109054 0.112932
FixedParameters: 0 0 0

#Transform 183
Transform: AffineTransform_float_3_3
Parameters: 0.999982 -0.00516288 0.00300892 0.00516412 0.999986 -0.000364468 -0.00300708 0.000379532 0.999996 0.327837 0.110776 -0.174082
FixedParameters: 0 0 0

#Transform 184
Transform: AffineTransform_float_3_3
Parameters: 0.999982 -0.00524743 0.00298677 0.00524857 0.999986 -0.000519333 -0.00298324 0.000534664 0.999996 0.333092 0.0600925 -0.181939
FixedParameters: 0 0 0

#Transform 185
Transform: AffineTransform_float_3_3
Parameters: 0.99998 -0.00515776 0.00346431 0.00516324 0.999985 -0.00179415 -0.0034547 0.00181185 0.999993 0.32564 0.101021 -0.212414
FixedParameters: 0 0 0

#Transform 186
Transform: AffineTransform_float_3_3
Parameters: 0.999967 -0.00686839 0.00422194 0.0068796 0.999972 -0.00274104 -0.00420306 0.00276996 0.999988 0.444244 0.113222 -0.294845
FixedParameters: 0 0 0

#Transform 187
Transform: AffineTransform_float_3_3
Parameters: 0.999953 -0.00634418 0.00730398 0.00632782 0.999977 0.00223632 -0.00731803 -0.00219067 0.999971 0.41234 0.0432318 -0.149714
FixedParameters: 0 0 0

#Transform 188
Transform: AffineTransform_float_3_3
Parameters: 0.999956 -0.00433613 0.00831221 0.00432487 0.999989 0.00135701 -0.0083178 -0.00132099 0.999965 0.268339 0.174645 -0.0896578
FixedParameters: 0 0 0

#Transform 189
Transform: AffineTransform_float_3_3
Parameters: 0.999936 -0.00840631 0.00754553 0.00840468 0.999964 0.000206431 -0.00754746 -0.000142563 0.999971 0.511468 0.119048 -0.20027
FixedParameters: 0 0 0

#Transform 190
Transform: AffineTransform_float_3_3
Parameters: 0.999936 -0.00585807 0.00967241 0.00586692 0.999983 -0.00089431 -0.00966659 0.000951689 0.999953 0.358263 0.138585 -0.315374
FixedParameters: 0 0 0

#Transform 191
