# transform file /out/sourcedata/freesurfer/sub-v2s2x29062_ses-1/mri/transforms/cc_up.lta
# created by oesteban on Thu Mar 12 22:13:36 2026

type      = 0 # LINEAR_VOX_TO_VOX
nxforms   = 1
mean      = 126.0000 129.0000 127.0000
sigma     = 10000.0000
1 4 4
9.978155493736267e-01 -5.099008977413177e-02 4.200198128819466e-02 2.194344758987427e+00 
5.094497650861740e-02 9.986991286277771e-01 2.144474536180496e-03 1.944394683837891e+01 
-4.205669462680817e-02 0.000000000000000e+00 9.991152882575989e-01 2.442524147033691e+01 
0.000000000000000e+00 0.000000000000000e+00 0.000000000000000e+00 1.000000000000000e+00 
src volume info
valid = 1  # volume info valid
filename = /out/sourcedata/freesurfer/sub-v2s2x29062_ses-1/mri/norm.mgz
volume = 256 256 256
voxelsize = 8.984375000000000e-01 8.984375000000000e-01 8.984375000000000e-01
xras   = -9.999999403953552e-01 0.000000000000000e+00 0.000000000000000e+00
yras   = 0.000000000000000e+00 0.000000000000000e+00 -1.000000119209290e+00
zras   = 0.000000000000000e+00 9.999999403953552e-01 0.000000000000000e+00
cras   = -9.992828369140625e-01 -1.083670043945312e+01 1.799558258056641e+01
dst volume info
valid = 1  # volume info valid
filename = /out/sourcedata/freesurfer/sub-v2s2x29062_ses-1/mri/norm.mgz
volume = 256 256 256
voxelsize = 8.984375000000000e-01 8.984375000000000e-01 8.984375000000000e-01
xras   = -9.999999403953552e-01 0.000000000000000e+00 0.000000000000000e+00
yras   = 0.000000000000000e+00 0.000000000000000e+00 -1.000000119209290e+00
zras   = 0.000000000000000e+00 9.999999403953552e-01 0.000000000000000e+00
cras   = -9.992828369140625e-01 -1.083670043945312e+01 1.799558258056641e+01
