# transform file /out/sourcedata/freesurfer/sub-v2s2x29070_ses-1/mri/transforms/cc_up.lta
# created by oesteban on Thu Mar 12 23:38:13 2026

type      = 0 # LINEAR_VOX_TO_VOX
nxforms   = 1
mean      = 131.0000 137.0000 125.0000
sigma     = 10000.0000
1 4 4
9.993794560432434e-01 -3.501442493870854e-03 3.505271673202515e-02 -6.177731513977051e+00 
3.499290673062205e-03 9.999939799308777e-01 1.227358152391389e-04 7.529449462890625e+00 
-3.505292907357216e-02 0.000000000000000e+00 9.993855953216553e-01 1.464842319488525e+01 
0.000000000000000e+00 0.000000000000000e+00 0.000000000000000e+00 1.000000000000000e+00 
src volume info
valid = 1  # volume info valid
filename = /out/sourcedata/freesurfer/sub-v2s2x29070_ses-1/mri/norm.mgz
volume = 256 256 256
voxelsize = 8.984374403953552e-01 8.984374403953552e-01 8.984374403953552e-01
xras   = -1.000000000000000e+00 0.000000000000000e+00 0.000000000000000e+00
yras   = 0.000000000000000e+00 0.000000000000000e+00 -1.000000119209290e+00
zras   = 0.000000000000000e+00 1.000000000000000e+00 0.000000000000000e+00
cras   = -3.180343627929688e+00 -8.028465270996094e+00 1.743738555908203e+01
dst volume info
valid = 1  # volume info valid
filename = /out/sourcedata/freesurfer/sub-v2s2x29070_ses-1/mri/norm.mgz
volume = 256 256 256
voxelsize = 8.984374403953552e-01 8.984374403953552e-01 8.984374403953552e-01
xras   = -1.000000000000000e+00 0.000000000000000e+00 0.000000000000000e+00
yras   = 0.000000000000000e+00 0.000000000000000e+00 -1.000000119209290e+00
zras   = 0.000000000000000e+00 1.000000000000000e+00 0.000000000000000e+00
cras   = -3.180343627929688e+00 -8.028465270996094e+00 1.743738555908203e+01
