#Insight Transform File V1.0
#Transform 0
Transform: AffineTransform_float_3_3
Parameters: 0.999996 -0.00251815 0.00131337 0.00251084 0.999982 0.00542032 -0.00132763 -0.00541768 0.999985 -0.0096281 -0.176612 0.360108
FixedParameters: 0 0 0

#Transform 1
Transform: AffineTransform_float_3_3
Parameters: 1 -0.000510735 -5.83694e-05 0.000510268 0.999989 0.00463797 5.6634e-05 -0.00463803 0.999989 -0.0647559 -0.106638 0.165996
FixedParameters: 0 0 0

#Transform 2
Transform: AffineTransform_float_3_3
Parameters: 0.999999 -0.00184079 0.000139964 0.00184021 0.999984 0.00545327 -0.000150037 -0.00545274 0.999985 -0.0346006 -0.0460563 0.167461
FixedParameters: 0 0 0

#Transform 3
Transform: AffineTransform_float_3_3
Parameters: 0.999999 -0.000955824 -0.00094628 0.000962175 0.999978 0.0065481 0.00093972 -0.00654891 0.999978 -0.0492347 -0.0501187 0.180724
FixedParameters: 0 0 0

#Transform 4
Transform: AffineTransform_float_3_3
Parameters: 0.999999 -0.000120635 -0.00126972 0.000128366 0.999983 0.00580184 0.00126928 -0.00580216 0.999983 -0.0704 -0.0665338 0.192236
FixedParameters: 0 0 0

#Transform 5
Transform: AffineTransform_float_3_3
Parameters: 1 -0.000264818 -0.0010181 0.000269182 0.999991 0.00410973 0.0010169 -0.00411027 0.999991 -0.0594178 0.00597018 0.101455
FixedParameters: 0 0 0

#Transform 6
Transform: AffineTransform_float_3_3
Parameters: 1 0.000426677 -0.000938337 -0.000423325 0.999992 0.0039154 0.000939665 -0.0039146 0.999992 -0.0625233 0.0233246 0.129068
FixedParameters: 0 0 0

#Transform 7
Transform: AffineTransform_float_3_3
Parameters: 1 0.000345946 -0.000487625 -0.000344056 0.999992 0.00398517 0.000488375 -0.00398483 0.999992 -0.0917096 -0.036489 0.141163
FixedParameters: 0 0 0

#Transform 8
Transform: AffineTransform_float_3_3
Parameters: 1 0.000344783 -0.000205693 -0.000344216 0.999992 0.00379507 0.000207308 -0.00379493 0.999993 -0.0657922 0.017131 0.101362
FixedParameters: 0 0 0

#Transform 9
Transform: AffineTransform_float_3_3
Parameters: 1 0.000344046 -1.3895e-05 -0.000343953 0.999995 0.003212 1.51049e-05 -0.00321199 0.999995 -0.0543663 -0.119921 0.339364
FixedParameters: 0 0 0

#Transform 10
Transform: AffineTransform_float_3_3
Parameters: 0.999999 -0.000906868 0.00109746 0.000905132 0.999998 0.001701 -0.00109954 -0.0017 0.999998 -0.0141587 -0.109715 0.350494
FixedParameters: 0 0 0

#Transform 11
Transform: AffineTransform_float_3_3
Parameters: 0.999999 0.000574128 -0.000418456 -0.00057287 0.999996 0.00269124 0.000420543 -0.00269076 0.999997 -0.0586095 -0.127568 0.37897
FixedParameters: 0 0 0

#Transform 12
Transform: AffineTransform_float_3_3
Parameters: 1 0.000294437 -0.000164219 -0.000293564 0.999997 0.00265405 0.00016478 -0.00265395 0.999997 -0.0532687 -0.206249 0.536756
FixedParameters: 0 0 0

#Transform 13
Transform: AffineTransform_float_3_3
Parameters: 1 -5.07044e-05 0.000250859 5.02952e-05 0.999996 0.00280701 -0.000251142 -0.00280699 0.999996 -0.0268516 -0.0673238 0.369538
FixedParameters: 0 0 0

#Transform 14
Transform: AffineTransform_float_3_3
Parameters: 1 0.000563985 7.30339e-06 -0.000564015 0.999997 0.002311 -5.69658e-06 -0.002311 0.999998 -0.0360858 -0.136486 0.493105
FixedParameters: 0 0 0

#Transform 15
Transform: AffineTransform_float_3_3
Parameters: 1 -4.99507e-05 0.000438893 4.9049e-05 0.999997 0.00216602 -0.000439107 -0.00216598 0.999997 -0.026789 -0.0358747 0.35848
FixedParameters: 0 0 0

#Transform 16
Transform: AffineTransform_float_3_3
Parameters: 1 0.000215269 0.000385409 -0.000215732 0.999998 0.00189692 -0.000385591 -0.00189708 0.999998 -0.0479013 -0.0954774 0.341863
FixedParameters: 0 0 0

#Transform 17
Transform: AffineTransform_float_3_3
Parameters: 1 -8.80255e-05 0.000310993 8.79745e-05 1 8.20274e-05 -0.000311007 -8.19726e-05 1 -0.038968 0.0240804 0.126919
FixedParameters: 0 0 0

#Transform 18
Transform: AffineTransform_float_3_3
Parameters: 1 0.000353963 -0.000173076 -0.000354037 1 -0.000214939 0.000172924 0.000215061 1 -0.0327358 -0.066419 0.105358
FixedParameters: 0 0 0

#Transform 19
Transform: AffineTransform_float_3_3
Parameters: 0.999999 -0.000569788 0.000543221 0.000570211 1 -0.00038869 -0.000543778 0.00038931 1 0.0046769 0.0779927 -0.0277108
FixedParameters: 0 0 0

#Transform 20
Transform: AffineTransform_float_3_3
Parameters: 1 3.02958e-06 -0.000172999 -2.97042e-06 1 0.000171001 0.000173001 -0.000170999 1 -0.00477783 0.00184408 0.00557531
FixedParameters: 0 0 0

#Transform 21
Transform: AffineTransform_float_3_3
Parameters: 1 -0.000159322 0.000563909 0.000158678 1 0.000571089 -0.00056409 -0.00057091 0.999999 0.0174533 -0.13368 0.168849
FixedParameters: 0 0 0

#Transform 22
Transform: AffineTransform_float_3_3
Parameters: 0.999999 -9.9532e-05 0.000840056 9.94678e-05 1 -0.000556917 -0.000839945 0.000557084 1 0.0164158 0.011877 0.0712623
FixedParameters: 0 0 0

#Transform 23
Transform: AffineTransform_float_3_3
Parameters: 1 -0.000426001 0.000369999 0.000425999 1 3.15762e-06 -0.000370001 -2.84238e-06 1 0.0346961 -0.065107 0.114882
FixedParameters: 0 0 0

#Transform 24
Transform: AffineTransform_float_3_3
Parameters: 1 -0.000276907 0.000370069 0.000277093 1 -0.000250897 -0.00036993 0.000251102 1 0.00733353 -0.046847 0.101962
FixedParameters: 0 0 0

#Transform 25
Transform: AffineTransform_float_3_3
Parameters: 0.999998 -0.000711459 0.00145777 0.000710539 0.999999 0.000316036 -0.00145822 -0.000314963 0.999999 0.00459733 -0.125961 0.0948552
FixedParameters: 0 0 0

#Transform 26
Transform: AffineTransform_float_3_3
Parameters: 0.999999 -0.000862598 0.000435816 0.0008614 0.999998 0.00137338 -0.000437183 -0.00137262 0.999999 -0.00556187 0.0217878 -0.0280625
FixedParameters: 0 0 0

#Transform 27
Transform: AffineTransform_float_3_3
Parameters: 1 -0.000290975 -3.91853e-05 0.000291025 1 0.000636988 3.88146e-05 -0.000637011 1 -0.00998519 -0.0942127 -0.0126525
FixedParameters: 0 0 0

#Transform 28
Transform: AffineTransform_float_3_3
Parameters: 0.999996 -0.00229736 0.00201273 0.00229764 0.999998 -0.000313377 -0.00201227 0.000318624 0.999998 0.0312116 0.111136 -0.137859
FixedParameters: 0 0 0

#Transform 29
Transform: AffineTransform_float_3_3
Parameters: 0.999997 -0.00198672 0.00175418 0.00198628 0.999998 0.000413486 -0.00175482 -0.000410515 0.999999 0.0421234 0.0356567 -0.147621
FixedParameters: 0 0 0

#Transform 30
Transform: AffineTransform_float_3_3
Parameters: 0.999999 -0.00145247 0.00103035 0.00145154 0.999999 0.000451496 -0.00103166 -0.000450502 1 0.0450967 -0.0225643 -0.0737031
FixedParameters: 0 0 0

#Transform 31
Transform: AffineTransform_float_3_3
Parameters: 0.999999 -0.00121958 0.000968535 0.00121942 0.999999 -0.00043782 -0.000967465 0.000439181 1 0.0429837 -0.0210462 -0.0379095
FixedParameters: 0 0 0

#Transform 32
Transform: AffineTransform_float_3_3
Parameters: 0.999999 -0.00119535 0.000968799 0.00119565 0.999999 -0.000667843 -0.000968201 0.000669158 1 0.0481828 -0.0121502 -0.0745828
FixedParameters: 0 0 0

#Transform 33
Transform: AffineTransform_float_3_3
Parameters: 0.999999 -0.000989191 0.000760055 0.000989809 0.999999 -0.00106525 -0.000758946 0.00106575 0.999999 0.0544953 -0.0195879 -0.0533996
FixedParameters: 0 0 0

#Transform 34
Transform: AffineTransform_float_3_3
Parameters: 0.999999 -0.00119474 0.00096256 0.00119626 0.999999 -0.00130485 -0.000961439 0.00130615 0.999998 0.064783 0.00157973 -0.0354044
FixedParameters: 0 0 0

#Transform 35
Transform: AffineTransform_float_3_3
Parameters: 0.999995 -0.00215999 0.00220891 0.00216501 0.999995 -0.00226923 -0.00220409 0.00227377 0.999995 0.0965463 -0.171683 -0.0167887
FixedParameters: 0 0 0

#Transform 36
Transform: AffineTransform_float_3_3
Parameters: 0.999997 -0.00186937 0.00155707 0.00188063 0.99997 -0.00750009 -0.00154294 0.0075029 0.99997 0.0796314 0.0897875 -0.759278
FixedParameters: 0 0 0

#Transform 37
Transform: AffineTransform_float_3_3
Parameters: 0.999998 -0.00106745 0.00180269 0.00107756 0.999986 -0.00530707 -0.00179731 0.00530893 0.999985 0.0347687 0.0206338 -0.517183
FixedParameters: 0 0 0

#Transform 38
Transform: AffineTransform_float_3_3
Parameters: 0.999997 -0.00153947 0.00155151 0.00154752 0.999983 -0.00550961 -0.00154249 0.00551238 0.999983 0.0681177 0.0456241 -0.593587
FixedParameters: 0 0 0

#Transform 39
Transform: AffineTransform_float_3_3
Parameters: 0.999999 -0.000952137 0.00154787 0.000959864 0.999986 -0.00508752 -0.00154314 0.00508847 0.999986 0.083637 0.0285546 -0.451739
FixedParameters: 0 0 0

#Transform 40
Transform: AffineTransform_float_3_3
Parameters: 0.999999 -0.000799367 0.00103659 0.000803631 0.999989 -0.00447717 -0.00103241 0.00447783 0.99999 0.091785 0.0488757 -0.473813
FixedParameters: 0 0 0

#Transform 41
Transform: AffineTransform_float_3_3
Parameters: 1 -0.000688719 0.000952112 0.00069328 0.999989 -0.00450334 -0.000948888 0.00450366 0.99999 0.103812 0.0315909 -0.44498
FixedParameters: 0 0 0

#Transform 42
Transform: AffineTransform_float_3_3
Parameters: 0.999999 -0.000688095 0.00103627 0.000692905 0.999989 -0.00474129 -0.00103273 0.00474172 0.999988 0.103745 0.0392915 -0.494295
FixedParameters: 0 0 0

#Transform 43
Transform: AffineTransform_float_3_3
Parameters: 1 0.000179614 0.00056117 -0.000176387 0.999989 -0.0046551 -0.000561827 0.0046549 0.999989 0.0908078 -0.103712 -0.337248
FixedParameters: 0 0 0

#Transform 44
Transform: AffineTransform_float_3_3
Parameters: 1 -0.000303398 0.00103466 0.000308599 0.999986 -0.00541868 -0.00103234 0.00541932 0.999985 0.0812635 0.0320269 -0.393719
FixedParameters: 0 0 0

#Transform 45
Transform: AffineTransform_float_3_3
Parameters: 1 0.000130936 0.00103239 -0.000126065 0.999988 -0.00478013 -0.00103261 0.00477987 0.999988 0.0726391 -0.003219 -0.348536
FixedParameters: 0 0 0

#Transform 46
Transform: AffineTransform_float_3_3
Parameters: 0.999998 -0.000299904 0.00163969 0.000309093 0.999984 -0.0055505 -0.00163731 0.0055505 0.999984 0.0738046 -0.0262375 -0.384624
FixedParameters: 0 0 0

#Transform 47
Transform: AffineTransform_float_3_3
Parameters: 1 -0.000303579 0.00117441 0.000308419 0.99999 -0.00461864 -0.00117259 0.00461936 0.999988 0.0981063 -0.0271937 -0.311858
FixedParameters: 0 0 0

#Transform 48
Transform: AffineTransform_float_3_3
Parameters: 0.999997 -0.000784648 0.00260798 0.000801353 0.99998 -0.00627493 -0.00260302 0.00627707 0.999977 0.0859879 -0.0591143 -0.301494
FixedParameters: 0 0 0

#Transform 49
Transform: AffineTransform_float_3_3
Parameters: 0.999998 -0.000460342 0.00200847 0.00047166 0.999986 -0.00530906 -0.00200652 0.00530993 0.999984 0.0730578 0.0158869 -0.319776
FixedParameters: 0 0 0

#Transform 50
Transform: AffineTransform_float_3_3
Parameters: 0.999998 -0.0002096 0.00200733 0.000222405 0.999981 -0.00617956 -0.00200666 0.00617943 0.999979 0.0962165 -0.100487 -0.264373
FixedParameters: 0 0 0

#Transform 51
Transform: AffineTransform_float_3_3
Parameters: 0.999999 -0.000310034 0.00123876 0.000316967 0.999984 -0.00562661 -0.00123724 0.00562739 0.999984 0.0963459 -0.0178389 -0.341078
FixedParameters: 0 0 0

#Transform 52
Transform: AffineTransform_float_3_3
Parameters: 1 0.000140357 0.000643277 -0.000136644 0.999987 -0.00521609 -0.000643721 0.00521591 0.999986 0.0986406 -0.10127 -0.177974
FixedParameters: 0 0 0

#Transform 53
Transform: AffineTransform_float_3_3
Parameters: 0.999998 -0.000369826 0.00163134 0.000380173 0.999981 -0.00624139 -0.00162866 0.00624162 0.999979 0.105955 -0.0564814 -0.175559
FixedParameters: 0 0 0

#Transform 54
Transform: AffineTransform_float_3_3
Parameters: 0.999999 0.000125871 0.000778384 -0.000122131 0.999987 -0.0049711 -0.000778617 0.0049709 0.999988 0.114898 -0.0664417 -0.179023
FixedParameters: 0 0 0

#Transform 55
Transform: AffineTransform_float_3_3
Parameters: 0.999999 -0.000413032 0.00120571 0.000417969 0.999992 -0.0041225 -0.00120429 0.0041235 0.999991 0.123339 -0.0945396 -0.0291639
FixedParameters: 0 0 0

#Transform 56
Transform: AffineTransform_float_3_3
Parameters: 0.999998 0.000467922 0.00154963 -0.000460081 0.999987 -0.00510872 -0.00155137 0.00510828 0.999985 0.0932816 -0.0718872 -0.105481
FixedParameters: 0 0 0

#Transform 57
Transform: AffineTransform_float_3_3
Parameters: 0.999997 -0.00053334 0.00215067 0.000543661 0.999987 -0.00495884 -0.00214833 0.00496016 0.999986 0.0832425 -0.0180524 -0.117509
FixedParameters: 0 0 0

#Transform 58
Transform: AffineTransform_float_3_3
Parameters: 1 -0.000162301 0.00120478 0.0001677 0.999989 -0.0047318 -0.00120422 0.0047322 0.999988 0.103141 -0.0277908 -0.148836
FixedParameters: 0 0 0

#Transform 59
Transform: AffineTransform_float_3_3
Parameters: 0.999996 -0.000841099 0.00241859 0.000857897 0.999978 -0.00658095 -0.00241241 0.00658305 0.999976 0.0705635 0.020332 -0.429757
FixedParameters: 0 0 0

#Transform 60
Transform: AffineTransform_float_3_3
Parameters: 0.999996 -0.000666401 0.00270393 0.000689597 0.999961 -0.00873517 -0.00269808 0.00873783 0.999958 0.0784062 0.139034 -0.669172
FixedParameters: 0 0 0

#Transform 61
Transform: AffineTransform_float_3_3
Parameters: 0.999999 -0.000456449 0.0017339 0.000470551 0.999964 -0.0084002 -0.00173011 0.0084018 0.999963 0.0794057 0.0527686 -0.642856
FixedParameters: 0 0 0

#Transform 62
Transform: AffineTransform_float_3_3
Parameters: 0.999999 -0.000850878 0.00116125 0.00085712 0.99998 -0.00614601 -0.00115575 0.00614699 0.999981 0.1015 0.165216 -0.503059
FixedParameters: 0 0 0

#Transform 63
Transform: AffineTransform_float_3_3
Parameters: 0.999998 -0.00162397 0.00116306 0.00162903 0.99999 -0.00434011 -0.00115594 0.00434189 0.99999 0.133805 0.21152 -0.61122
FixedParameters: 0 0 0

#Transform 64
Transform: AffineTransform_float_3_3
Parameters: 0.999998 -0.00197905 0.00115762 0.00197994 0.999997 -0.00081571 -0.00115538 0.000818288 0.999999 0.154066 -0.0826174 -0.50085
FixedParameters: 0 0 0

#Transform 65
Transform: AffineTransform_float_3_3
Parameters: 0.999996 -0.00198549 0.00203231 0.00199652 0.999982 -0.00567896 -0.00202169 0.00568304 0.999982 0.161726 -0.0985773 -0.385063
FixedParameters: 0 0 0

#Transform 66
Transform: AffineTransform_float_3_3
Parameters: 0.999997 -0.00159101 0.00191509 0.00160899 0.999954 -0.00942995 -0.00189991 0.00943305 0.999953 0.187213 -0.0513656 -0.628661
FixedParameters: 0 0 0

#Transform 67
Transform: AffineTransform_float_3_3
Parameters: 0.999999 -0.00116405 0.00130963 0.00117696 0.99995 -0.00993347 -0.00129837 0.00993552 0.99995 0.171403 -0.0461422 -0.442742
FixedParameters: 0 0 0

#Transform 68
Transform: AffineTransform_float_3_3
Parameters: 0.999998 -0.000978326 0.00183789 0.000992674 0.999967 -0.00800019 -0.00183012 0.00800181 0.999967 0.123791 -0.00584533 -0.441185
FixedParameters: 0 0 0

#Transform 69
Transform: AffineTransform_float_3_3
Parameters: 0.999998 -0.00103356 0.00162433 0.00104543 0.999974 -0.00705531 -0.00161666 0.00705668 0.999974 0.167816 0.0336966 -0.462242
FixedParameters: 0 0 0

#Transform 70
Transform: AffineTransform_float_3_3
Parameters: 0.999998 -0.00109143 0.00171677 0.00110257 0.999981 -0.00617013 -0.00170923 0.00617188 0.99998 0.172711 -0.0154327 -0.428725
FixedParameters: 0 0 0

#Transform 71
Transform: AffineTransform_float_3_3
Parameters: 0.999996 -0.00188345 0.00206842 0.00189655 0.999976 -0.0065701 -0.00205558 0.0065739 0.999977 0.197733 -0.0081462 -0.480535
FixedParameters: 0 0 0

#Transform 72
Transform: AffineTransform_float_3_3
Parameters: 0.999999 -0.00141043 0.00110188 0.00141457 0.999991 -0.00415945 -0.00109613 0.00416055 0.99999 0.207308 -0.0153529 -0.405389
FixedParameters: 0 0 0

#Transform 73
Transform: AffineTransform_float_3_3
Parameters: 0.999996 -0.00197875 0.00171954 0.00198625 0.999987 -0.0048086 -0.00170946 0.0048124 0.999987 0.206996 -0.0208798 -0.37933
FixedParameters: 0 0 0

#Transform 74
Transform: AffineTransform_float_3_3
Parameters: 0.999998 -0.00163706 0.00109691 0.00164294 0.999984 -0.00543421 -0.00108808 0.00543679 0.999984 0.188617 0.0949045 -0.391367
FixedParameters: 0 0 0

#Transform 75
Transform: AffineTransform_float_3_3
Parameters: 0.999999 -0.00117554 0.000425063 0.00117646 0.999994 -0.0034535 -0.00042094 0.0034535 0.999994 0.211171 -0.0765799 -0.229847
FixedParameters: 0 0 0

#Transform 76
Transform: AffineTransform_float_3_3
Parameters: 0.999997 -0.00229564 0.0010984 0.00230236 0.999981 -0.00582749 -0.0010846 0.00582951 0.999983 0.178823 0.0114242 -0.317289
FixedParameters: 0 0 0

#Transform 77
Transform: AffineTransform_float_3_3
Parameters: 0.999996 -0.00257645 0.00104678 0.00258256 0.999983 -0.00534132 -0.00103322 0.00534369 0.999985 0.172767 0.0534066 -0.357955
FixedParameters: 0 0 0

#Transform 78
Transform: AffineTransform_float_3_3
Parameters: 0.999998 -0.00155134 0.000694241 0.00155566 0.999984 -0.00530592 -0.000685754 0.00530707 0.999985 0.169279 -0.0285549 -0.270885
FixedParameters: 0 0 0

#Transform 79
Transform: AffineTransform_float_3_3
Parameters: 0.999996 -0.00241796 0.00109247 0.00242403 0.999981 -0.00556137 -0.00107853 0.00556462 0.999984 0.181489 0.0609685 -0.272432
FixedParameters: 0 0 0

#Transform 80
Transform: AffineTransform_float_3_3
Parameters: 0.999998 -0.00201948 0.000551298 0.00202251 0.999988 -0.0046009 -0.000541699 0.00460211 0.99999 0.174706 0.105745 -0.295413
FixedParameters: 0 0 0

#Transform 81
Transform: AffineTransform_float_3_3
Parameters: 0.999997 -0.00241946 0.000631797 0.00242253 0.999989 -0.00404648 -0.000621201 0.00404751 0.999991 0.170634 0.029357 -0.279236
FixedParameters: 0 0 0

#Transform 82
Transform: AffineTransform_float_3_3
Parameters: 0.999994 -0.00295058 -0.00137689 0.00295141 0.999995 0.000299938 0.00137611 -0.000304062 0.999999 0.179231 0.0716814 -0.158063
FixedParameters: 0 0 0

#Transform 83
Transform: AffineTransform_float_3_3
Parameters: 0.999984 -0.00486697 -0.00270025 0.00488803 0.999958 0.00783692 0.00266174 -0.00785008 0.999965 0.199824 -0.164885 0.0816725
FixedParameters: 0 0 0

#Transform 84
Transform: AffineTransform_float_3_3
Parameters: 0.99999 -0.00431305 4.11215e-05 0.00431295 0.99999 0.00113119 -4.58776e-05 -0.00113081 1 0.183478 -0.1172 0.172488
FixedParameters: 0 0 0

#Transform 85
Transform: AffineTransform_float_3_3
Parameters: 0.999994 -0.00326845 -0.000199805 0.00326755 0.999992 -0.00220166 0.000207194 0.00220133 0.999997 0.200309 -0.205413 -0.162302
FixedParameters: 0 0 0

#Transform 86
Transform: AffineTransform_float_3_3
Parameters: 0.999997 -0.00267175 5.88864e-05 0.00267125 0.999985 -0.00482286 -4.61196e-05 0.00482214 0.999989 0.174437 -0.0557347 -0.229079
FixedParameters: 0 0 0

#Transform 87
Transform: AffineTransform_float_3_3
Parameters: 0.999997 -0.00250049 -0.000274775 0.00249851 0.999983 -0.0052907 0.000288223 0.0052903 0.999986 0.179452 -0.00134993 -0.279465
FixedParameters: 0 0 0

#Transform 88
Transform: AffineTransform_float_3_3
Parameters: 0.999998 -0.00191618 -0.000370901 0.00191382 0.999982 -0.00579572 0.000382098 0.00579528 0.999983 0.169406 0.0374231 -0.28852
FixedParameters: 0 0 0

#Transform 89
Transform: AffineTransform_float_3_3
Parameters: 0.999996 -0.00265037 0.000886958 0.00265463 0.999982 -0.00526066 -0.000873045 0.00526233 0.999986 0.173655 -0.0257105 -0.347635
FixedParameters: 0 0 0

#Transform 90
Transform: AffineTransform_float_3_3
Parameters: 0.999986 -0.00516081 0.00155213 0.0051682 0.999975 -0.00466804 -0.00152787 0.00467595 0.999988 0.149107 0.00704216 -0.448089
FixedParameters: 0 0 0

#Transform 91
Transform: AffineTransform_float_3_3
Parameters: 0.999978 -0.00562127 0.00368487 0.00567672 0.999871 -0.0150134 -0.00359912 0.0150346 0.999881 0.296114 0.109266 -1.61819
FixedParameters: 0 0 0

#Transform 92
Transform: AffineTransform_float_3_3
Parameters: 0.999973 -0.00520006 0.00521934 0.00529493 0.999817 -0.0183439 -0.00512266 0.0183711 0.999818 0.248217 0.052835 -1.82801
FixedParameters: 0 0 0

#Transform 93
Transform: AffineTransform_float_3_3
Parameters: 0.999982 -0.00434902 0.00428659 0.00442699 0.999822 -0.0183534 -0.00420642 0.0183716 0.999823 0.253895 0.0916564 -1.74109
FixedParameters: 0 0 0

#Transform 94
Transform: AffineTransform_float_3_3
Parameters: 0.999981 -0.00434163 0.0045245 0.00442638 0.999809 -0.0190323 -0.00444151 0.0190527 0.999808 0.246711 0.101032 -1.74753
FixedParameters: 0 0 0

#Transform 95
Transform: AffineTransform_float_3_3
Parameters: 0.999978 -0.0047592 0.00446174 0.0048308 0.999861 -0.0159938 -0.00438525 0.0160152 0.999862 0.257068 0.282652 -2.09977
FixedParameters: 0 0 0

#Transform 96
Transform: AffineTransform_float_3_3
Parameters: 0.999984 -0.00416247 0.00383768 0.00423053 0.999828 -0.018024 -0.00376233 0.0180399 0.99983 0.249994 0.147888 -1.93823
FixedParameters: 0 0 0

#Transform 97
Transform: AffineTransform_float_3_3
Parameters: 0.999986 -0.00370964 0.0037568 0.00378036 0.999815 -0.0188981 -0.00368619 0.0189119 0.999815 0.243837 0.0943824 -1.84158
FixedParameters: 0 0 0

#Transform 98
Transform: AffineTransform_float_3_3
Parameters: 0.999984 -0.0039315 0.00421254 0.00401449 0.999796 -0.0197584 -0.00413346 0.0197746 0.999796 0.226896 0.127736 -1.79093
FixedParameters: 0 0 0

#Transform 99
Transform: AffineTransform_float_3_3
Parameters: 0.999986 -0.00357895 0.00375499 0.00365404 0.99979 -0.0201726 -0.00368201 0.0201865 0.99979 0.225781 0.105463 -1.71149
FixedParameters: 0 0 0

#Transform 100
Transform: AffineTransform_float_3_3
Parameters: 0.999991 -0.00272421 0.00345814 0.00279381 0.999789 -0.0203395 -0.00340287 0.0203495 0.999787 0.225179 -0.0308382 -1.57229
FixedParameters: 0 0 0

#Transform 101
Transform: AffineTransform_float_3_3
Parameters: 0.999987 -0.00295623 0.00427488 0.00304078 0.999796 -0.0199623 -0.00421512 0.0199747 0.999791 0.19123 0.00663374 -1.69108
FixedParameters: 0 0 0

#Transform 102
Transform: AffineTransform_float_3_3
Parameters: 0.999986 -0.00295383 0.0045498 0.00304018 0.999809 -0.0192734 -0.00449222 0.0192865 0.999804 0.16913 0.129126 -1.96542
FixedParameters: 0 0 0

#Transform 103
Transform: AffineTransform_float_3_3
Parameters: 0.999981 -0.00456882 0.00425518 0.0046442 0.999831 -0.0178296 -0.00417381 0.0178494 0.999832 0.169049 0.197669 -2.06128
FixedParameters: 0 0 0

#Transform 104
Transform: AffineTransform_float_3_3
Parameters: 0.999985 -0.0035264 0.00432307 0.00362062 0.999755 -0.0218387 -0.00424592 0.0218533 0.999752 0.193282 0.143034 -2.09008
FixedParameters: 0 0 0

#Transform 105
Transform: AffineTransform_float_3_3
Parameters: 0.999988 -0.00302771 0.00382557 0.00311628 0.999724 -0.0232894 -0.00375343 0.0233007 0.999722 0.186877 0.0652026 -2.00529
FixedParameters: 0 0 0

#Transform 106
Transform: AffineTransform_float_3_3
Parameters: 0.999991 -0.00269251 0.00324672 0.00277149 0.999698 -0.0244162 -0.00318026 0.0244258 0.999696 0.183077 0.0442732 -1.80289
FixedParameters: 0 0 0

#Transform 107
Transform: AffineTransform_float_3_3
Parameters: 0.999988 -0.00281484 0.00418596 0.00291916 0.999681 -0.0250891 -0.00411404 0.0251019 0.999677 0.184388 0.0791096 -1.7561
FixedParameters: 0 0 0

#Transform 108
Transform: AffineTransform_float_3_3
Parameters: 0.999984 -0.00322507 0.00450918 0.00333393 0.999703 -0.0241373 -0.00442979 0.0241516 0.999698 0.190136 0.0726738 -1.78229
FixedParameters: 0 0 0

#Transform 109
Transform: AffineTransform_float_3_3
Parameters: 0.999989 -0.002365 0.00409638 0.00246501 0.999695 -0.0245802 -0.00403762 0.0245898 0.99969 0.178405 -0.0508918 -1.64311
FixedParameters: 0 0 0

#Transform 110
Transform: AffineTransform_float_3_3
Parameters: 0.99998 -0.00354249 0.00525214 0.00367451 0.999674 -0.0252452 -0.00516084 0.0252638 0.999667 0.185699 0.0341016 -1.71762
FixedParameters: 0 0 0

#Transform 111
Transform: AffineTransform_float_3_3
Parameters: 0.999985 -0.00313786 0.00450358 0.00324515 0.999707 -0.0239838 -0.00442742 0.0239983 0.999702 0.197376 0.0404169 -1.63354
FixedParameters: 0 0 0

#Transform 112
Transform: AffineTransform_float_3_3
Parameters: 0.999987 -0.00262694 0.00434921 0.00273206 0.999701 -0.0243294 -0.00428378 0.0243406 0.999694 0.203603 -0.0964546 -1.53285
FixedParameters: 0 0 0

#Transform 113
Transform: AffineTransform_float_3_3
Parameters: 0.999979 -0.00375132 0.0053056 0.00388266 0.999679 -0.0250299 -0.00520941 0.0250501 0.999672 0.207475 0.0779296 -1.66922
FixedParameters: 0 0 0

#Transform 114
Transform: AffineTransform_float_3_3
Parameters: 0.999983 -0.00336062 0.00462894 0.00347138 0.999699 -0.0242673 -0.00454607 0.0242827 0.999695 0.207087 -0.0222176 -1.57604
FixedParameters: 0 0 0

#Transform 115
Transform: AffineTransform_float_3_3
Parameters: 0.999981 -0.00330646 0.00508063 0.00343355 0.999679 -0.025103 -0.00499635 0.02512 0.999672 0.206432 -0.0513126 -1.51053
FixedParameters: 0 0 0

#Transform 116
Transform: AffineTransform_float_3_3
Parameters: 0.999982 -0.00337281 0.00509945 0.00350021 0.999677 -0.0251436 -0.00501355 0.0251604 0.999671 0.199549 0.0401218 -1.60366
FixedParameters: 0 0 0

#Transform 117
Transform: AffineTransform_float_3_3
Parameters: 0.999985 -0.00323622 0.00437155 0.00334177 0.999702 -0.0241788 -0.00429143 0.0241932 0.999698 0.219585 -0.0477705 -1.47268
FixedParameters: 0 0 0

#Transform 118
Transform: AffineTransform_float_3_3
Parameters: 0.999981 -0.00359916 0.00501892 0.00372384 0.999678 -0.0250908 -0.00492709 0.0251092 0.999673 0.207684 -0.0327233 -1.53016
FixedParameters: 0 0 0

#Transform 119
Transform: AffineTransform_float_3_3
Parameters: 0.99999 -0.00276318 0.00350751 0.00284883 0.999698 -0.0244122 -0.00343946 0.0244227 0.999696 0.217762 -0.0227672 -1.39272
FixedParameters: 0 0 0

#Transform 120
Transform: AffineTransform_float_3_3
Parameters: 0.999987 -0.00315954 0.0041175 0.00326345 0.999673 -0.0253679 -0.00403549 0.0253811 0.999669 0.219344 -0.0743479 -1.33399
FixedParameters: 0 0 0

#Transform 121
Transform: AffineTransform_float_3_3
Parameters: 0.99999 -0.00293414 0.00320896 0.00301185 0.999694 -0.0245316 -0.00313604 0.0245414 0.999694 0.224314 -0.0336195 -1.37294
FixedParameters: 0 0 0

#Transform 122
Transform: AffineTransform_float_3_3
Parameters: 0.999991 -0.00263188 0.00346376 0.00272013 0.999667 -0.0256868 -0.00339524 0.0256962 0.999664 0.221539 -0.0856593 -1.29433
FixedParameters: 0 0 0

#Transform 123
Transform: AffineTransform_float_3_3
Parameters: 0.999984 -0.00325388 0.00462862 0.00336712 0.99969 -0.0246438 -0.00454737 0.0246592 0.999685 0.219285 0.0238599 -1.48858
FixedParameters: 0 0 0

#Transform 124
Transform: AffineTransform_float_3_3
Parameters: 0.999988 -0.00231878 0.00435536 0.00242723 0.999685 -0.0250077 -0.00429663 0.0250183 0.999678 0.182225 -0.0457315 -1.57426
FixedParameters: 0 0 0

#Transform 125
Transform: AffineTransform_float_3_3
Parameters: 0.999973 -0.00392028 0.00611208 0.00407771 0.999654 -0.0260088 -0.00600792 0.0260333 0.999643 0.189122 -0.0494881 -1.69413
FixedParameters: 0 0 0

#Transform 126
Transform: AffineTransform_float_3_3
Parameters: 0.999979 -0.00363007 0.00540409 0.00377192 0.999642 -0.0264882 -0.00530591 0.0265088 0.999635 0.196052 0.0216717 -1.81977
FixedParameters: 0 0 0

#Transform 127
Transform: AffineTransform_float_3_3
Parameters: 0.999971 -0.00459406 0.00604577 0.00472494 0.99975 -0.021825 -0.00594423 0.0218529 0.999743 0.240009 0.208039 -2.15928
FixedParameters: 0 0 0

#Transform 128
Transform: AffineTransform_float_3_3
Parameters: 0.999968 -0.00473149 0.00642306 0.0048885 0.999682 -0.0247314 -0.00630396 0.0247626 0.999674 0.247819 0.13336 -1.99129
FixedParameters: 0 0 0

#Transform 129
Transform: AffineTransform_float_3_3
Parameters: 0.999977 -0.00419612 0.00531193 0.00431588 0.999731 -0.0227606 -0.00521507 0.0227834 0.999727 0.247309 -0.075024 -1.63316
FixedParameters: 0 0 0

#Transform 130
Transform: AffineTransform_float_3_3
Parameters: 0.999978 -0.00383935 0.00529583 0.00395862 0.999733 -0.0227695 -0.00520617 0.0227905 0.999726 0.237547 -0.01123 -1.65182
FixedParameters: 0 0 0

#Transform 131
Transform: AffineTransform_float_3_3
Parameters: 0.999984 -0.00314741 0.00470862 0.0032516 0.999745 -0.022373 -0.00463739 0.022388 0.999738 0.22766 -0.00643989 -1.57966
FixedParameters: 0 0 0

#Transform 132
Transform: AffineTransform_float_3_3
Parameters: 0.999986 -0.00296774 0.00435757 0.00306528 0.999737 -0.02272 -0.00428945 0.0227321 0.999733 0.225334 -0.0291241 -1.56773
FixedParameters: 0 0 0

#Transform 133
Transform: AffineTransform_float_3_3
Parameters: 0.999985 -0.00296101 0.00448707 0.00306599 0.999718 -0.0235756 -0.00441592 0.0235894 0.999712 0.230843 0.0569556 -1.49122
FixedParameters: 0 0 0

#Transform 134
Transform: AffineTransform_float_3_3
Parameters: 0.999969 -0.00437645 0.00665804 0.00453755 0.999691 -0.0244456 -0.00654897 0.0244754 0.999679 0.237465 0.0910478 -1.75253
FixedParameters: 0 0 0

#Transform 135
Transform: AffineTransform_float_3_3
Parameters: 0.999976 -0.00433055 0.00553177 0.00446546 0.999684 -0.0247129 -0.00542325 0.0247371 0.99968 0.224271 0.0352493 -1.82605
FixedParameters: 0 0 0

#Transform 136
Transform: AffineTransform_float_3_3
Parameters: 0.999978 -0.00432706 0.00506967 0.00444895 0.999695 -0.024294 -0.00496333 0.024316 0.999692 0.252443 -0.059108 -1.68059
FixedParameters: 0 0 0

#Transform 137
Transform: AffineTransform_float_3_3
Parameters: 0.999983 -0.00328388 0.00481248 0.00340313 0.999683 -0.024956 -0.00472952 0.0249719 0.999677 0.246613 -0.0232552 -1.64811
FixedParameters: 0 0 0

#Transform 138
Transform: AffineTransform_float_3_3
Parameters: 0.999981 -0.00321288 0.0053819 0.00335112 0.99966 -0.0258545 -0.0052971 0.0258725 0.999651 0.235066 -0.053802 -1.7259
FixedParameters: 0 0 0

#Transform 139
Transform: AffineTransform_float_3_3
Parameters: 0.99998 -0.00358241 0.00520676 0.0037156 0.999663 -0.0256832 -0.00511322 0.0257018 0.999656 0.239992 0.00338692 -1.83563
FixedParameters: 0 0 0

#Transform 140
Transform: AffineTransform_float_3_3
Parameters: 0.999985 -0.0027253 0.00475584 0.00284768 0.999664 -0.0257729 -0.00468315 0.0257862 0.999657 0.228157 -0.0498568 -1.6842
FixedParameters: 0 0 0

#Transform 141
Transform: AffineTransform_float_3_3
Parameters: 0.999982 -0.00333672 0.00509611 0.00346928 0.999652 -0.0261728 -0.00500689 0.0261902 0.999645 0.230066 -0.00157189 -1.69777
FixedParameters: 0 0 0

#Transform 142
Transform: AffineTransform_float_3_3
Parameters: 0.999986 -0.00324203 0.00424057 0.00335097 0.999657 -0.0259462 -0.00415543 0.0259608 0.999655 0.244807 0.0468622 -1.72122
FixedParameters: 0 0 0

#Transform 143
Transform: AffineTransform_float_3_3
Parameters: 0.999987 -0.00324136 0.00409425 0.00335164 0.999628 -0.0270627 -0.00400474 0.0270764 0.999626 0.25323 0.0254599 -1.7234
FixedParameters: 0 0 0

#Transform 144
Transform: AffineTransform_float_3_3
Parameters: 0.999989 -0.00246256 0.00404151 0.00256745 0.999657 -0.0260419 -0.00397647 0.0260521 0.999652 0.241479 -0.00304404 -1.69926
FixedParameters: 0 0 0

#Transform 145
Transform: AffineTransform_float_3_3
Parameters: 0.999982 -0.00341224 0.00504692 0.00354277 0.999652 -0.0261316 -0.00495608 0.0261494 0.999646 0.239549 -0.0288994 -1.77352
FixedParameters: 0 0 0

#Transform 146
Transform: AffineTransform_float_3_3
Parameters: 0.999986 -0.00329873 0.00399665 0.00340025 0.99966 -0.0258567 -0.00390936 0.0258702 0.999657 0.251789 0.0348201 -1.83695
FixedParameters: 0 0 0

#Transform 147
Transform: AffineTransform_float_3_3
Parameters: 0.999969 -0.00481122 0.00626263 0.0049678 0.999669 -0.0252657 -0.00613937 0.0252953 0.999661 0.263757 0.054333 -1.81516
FixedParameters: 0 0 0

#Transform 148
Transform: AffineTransform_float_3_3
Parameters: 0.999979 -0.00391083 0.00519918 0.00403316 0.999711 -0.0236985 -0.00510481 0.0237185 0.999705 0.261711 0.0205494 -1.77834
FixedParameters: 0 0 0

#Transform 149
Transform: AffineTransform_float_3_3
Parameters: 0.999976 -0.00416826 0.00565146 0.00430575 0.999693 -0.0244033 -0.00554853 0.0244267 0.999686 0.234875 0.0213346 -1.84533
FixedParameters: 0 0 0

#Transform 150
Transform: AffineTransform_float_3_3
Parameters: 0.999979 -0.00440069 0.00460011 0.00449731 0.999767 -0.0211407 -0.00450588 0.0211613 0.999766 0.262764 0.0825122 -1.60437
FixedParameters: 0 0 0

#Transform 151
Transform: AffineTransform_float_3_3
Parameters: 0.999986 -0.00509986 -0.000769933 0.00510014 0.999987 0.000181076 0.000769066 -0.000184925 0.999999 0.247061 -0.0304031 -0.373003
FixedParameters: 0 0 0

#Transform 152
Transform: AffineTransform_float_3_3
Parameters: 0.999957 -0.00680531 -0.00618419 0.00702168 0.999337 0.0357211 0.00593682 -0.0357629 0.999342 0.20557 0.439073 0.190818
FixedParameters: 0 0 0

#Transform 153
Transform: AffineTransform_float_3_3
Parameters: 0.999975 -0.00583126 -0.00382613 0.00583174 0.999983 0.000182691 0.00382587 -0.000205315 0.999992 0.34552 -0.00721775 -0.270928
FixedParameters: 0 0 0

#Transform 154
Transform: AffineTransform_float_3_3
Parameters: 0.99998 -0.00591597 -0.00217507 0.00590603 0.999972 -0.00456294 0.00220193 0.00455007 0.999987 0.376185 -0.0911468 -0.433971
FixedParameters: 0 0 0

#Transform 155
Transform: AffineTransform_float_3_3
Parameters: 0.999985 -0.00529981 -0.00149303 0.00529319 0.999975 -0.00452897 0.00151697 0.00452103 0.999988 0.365795 0.040117 -0.457936
FixedParameters: 0 0 0

#Transform 156
Transform: AffineTransform_float_3_3
Parameters: 0.999988 -0.00484388 -0.00136585 0.00483713 0.999976 -0.00499267 0.00139015 0.00498633 0.999986 0.342476 0.0579848 -0.526715
FixedParameters: 0 0 0

#Transform 157
Transform: AffineTransform_float_3_3
Parameters: 0.999988 -0.00484519 -0.00132442 0.00483681 0.999969 -0.00611448 0.00135459 0.00610851 0.999981 0.305793 0.0841236 -0.656857
FixedParameters: 0 0 0

#Transform 158
Transform: AffineTransform_float_3_3
Parameters: 0.999987 -0.00484514 -0.00117286 0.00483686 0.999965 -0.00684776 0.00120514 0.00684224 0.999976 0.301911 0.0920538 -0.78899
FixedParameters: 0 0 0

#Transform 159
Transform: AffineTransform_float_3_3
Parameters: 0.999991 -0.00439501 -0.000303244 0.004393 0.999971 -0.0063174 0.000330759 0.00631661 0.99998 0.310329 0.00283783 -0.667633
FixedParameters: 0 0 0

#Transform 160
Transform: AffineTransform_float_3_3
Parameters: 0.99999 -0.00448677 -0.000129776 0.00448623 0.999976 -0.00539964 0.000154222 0.00539836 0.999985 0.334712 0.0629922 -0.572493
FixedParameters: 0 0 0

#Transform 161
Transform: AffineTransform_float_3_3
Parameters: 0.99999 -0.00431232 -0.000403978 0.00431068 0.999975 -0.0055728 0.000428026 0.00557121 0.999985 0.325874 0.0386837 -0.561668
FixedParameters: 0 0 0

#Transform 162
Transform: AffineTransform_float_3_3
Parameters: 0.999986 -0.0052694 -6.80161e-05 0.0052686 0.999974 -0.00493143 9.39797e-05 0.00493057 0.999988 0.342351 0.0846643 -0.503144
FixedParameters: 0 0 0

#Transform 163
Transform: AffineTransform_float_3_3
Parameters: 0.99999 -0.00455809 -0.000549983 0.00455491 0.999974 -0.00549156 0.000575014 0.00548843 0.999985 0.317596 0.0641393 -0.505156
FixedParameters: 0 0 0

#Transform 164
Transform: AffineTransform_float_3_3
Parameters: 0.999987 -0.00509826 -0.000304595 0.00509674 0.999979 -0.0040036 0.000325406 0.00400239 0.999992 0.332208 0.103653 -0.426081
FixedParameters: 0 0 0

#Transform 165
Transform: AffineTransform_float_3_3
Parameters: 0.999984 -0.00554775 -0.00024026 0.00554725 0.99998 -0.00301838 0.000256745 0.00301762 0.999996 0.332163 0.0884249 -0.33101
FixedParameters: 0 0 0

#Transform 166
Transform: AffineTransform_float_3_3
Parameters: 0.999986 -0.00515726 0.000339363 0.00515774 0.999985 -0.00220228 -0.000328639 0.00220373 0.999998 0.326263 0.0373069 -0.265813
FixedParameters: 0 0 0

#Transform 167
Transform: AffineTransform_float_3_3
Parameters: 0.999983 -0.0057709 0.000899578 0.0057731 0.99998 -0.00234985 -0.00088642 0.00235515 0.999997 0.33505 0.106792 -0.294966
FixedParameters: 0 0 0

#Transform 168
Transform: AffineTransform_float_3_3
Parameters: 0.999986 -0.00537334 0.000712646 0.00537466 0.999983 -0.0023512 -0.000700356 0.0023548 0.999997 0.329253 0.0922473 -0.282147
FixedParameters: 0 0 0

#Transform 169
Transform: AffineTransform_float_3_3
Parameters: 0.999983 -0.00585548 0.000265695 0.00585652 0.999981 -0.00199648 -0.0002533 0.00199852 0.999998 0.324634 0.0660757 -0.307762
FixedParameters: 0 0 0

#Transform 170
Transform: AffineTransform_float_3_3
Parameters: 0.999985 -0.00530978 0.00067274 0.00531221 0.999981 -0.00333848 -0.000654257 0.00334252 0.999994 0.308814 0.177502 -0.343312
FixedParameters: 0 0 0

#Transform 171
Transform: AffineTransform_float_3_3
Parameters: 0.999986 -0.00517616 0.00104821 0.00518084 0.999975 -0.00467263 -0.00102379 0.00467736 0.999988 0.33165 0.0498667 -0.362562
FixedParameters: 0 0 0

#Transform 172
Transform: AffineTransform_float_3_3
Parameters: 0.999984 -0.00546971 0.00126609 0.00547429 0.999976 -0.00421514 -0.00124291 0.00422287 0.999991 0.308989 0.125954 -0.433692
FixedParameters: 0 0 0

#Transform 173
Transform: AffineTransform_float_3_3
Parameters: 0.999981 -0.0055138 0.00250004 0.0055342 0.999952 -0.00814632 -0.00245495 0.00816069 0.999963 0.349968 0.105294 -0.642555
FixedParameters: 0 0 0

#Transform 174
Transform: AffineTransform_float_3_3
Parameters: 0.999987 -0.00497205 0.00108068 0.00497495 0.999984 -0.00274766 -0.00106632 0.00275234 0.999995 0.315068 0.145555 -0.518106
FixedParameters: 0 0 0

#Transform 175
Transform: AffineTransform_float_3_3
Parameters: 0.999983 -0.00574898 0.00102214 0.00575202 0.999979 -0.00297817 -0.00100486 0.00298383 0.999995 0.360615 0.0567871 -0.469295
FixedParameters: 0 0 0

#Transform 176
Transform: AffineTransform_float_3_3
Parameters: 0.999984 -0.00549384 0.000724367 0.00549715 0.999975 -0.00443209 -0.000699632 0.00443591 0.99999 0.326641 0.126526 -0.515753
FixedParameters: 0 0 0

#Transform 177
Transform: AffineTransform_float_3_3
Parameters: 0.999986 -0.00524133 0.000540568 0.00524367 0.999974 -0.00506624 -0.000513435 0.00506876 0.999987 0.352574 0.0969869 -0.52112
FixedParameters: 0 0 0

#Transform 178
Transform: AffineTransform_float_3_3
Parameters: 0.999991 -0.00424469 0.000540633 0.0042483 0.999972 -0.00627076 -0.000513364 0.00627324 0.99998 0.35359 0.0644927 -0.539723
FixedParameters: 0 0 0

#Transform 179
Transform: AffineTransform_float_3_3
Parameters: 0.999987 -0.00489405 0.00127784 0.00490195 0.999968 -0.00629282 -0.00124716 0.00629919 0.99998 0.325376 0.0935319 -0.592512
FixedParameters: 0 0 0

#Transform 180
Transform: AffineTransform_float_3_3
Parameters: 0.999989 -0.00449793 0.000658442 0.00450207 0.99997 -0.0063191 -0.000629557 0.0063219 0.99998 0.322899 0.101929 -0.645125
FixedParameters: 0 0 0

#Transform 181
Transform: AffineTransform_float_3_3
Parameters: 0.999991 -0.00407631 0.00114865 0.00408369 0.999968 -0.00677537 -0.00112035 0.00677963 0.999977 0.316522 0.0656011 -0.587372
FixedParameters: 0 0 0

#Transform 182
Transform: AffineTransform_float_3_3
Parameters: 0.999988 -0.00457298 0.00168435 0.00458801 0.999949 -0.00902238 -0.00164266 0.00902962 0.999958 0.305004 0.0761921 -0.690091
FixedParameters: 0 0 0

#Transform 183
Transform: AffineTransform_float_3_3
Parameters: 0.999988 -0.00457481 0.00138629 0.00458818 0.999943 -0.00966375 -0.00134171 0.00967025 0.999953 0.304587 0.132063 -0.895386
FixedParameters: 0 0 0

#Transform 184
Transform: AffineTransform_float_3_3
Parameters: 0.999991 -0.00397337 0.00160523 0.00398862 0.999943 -0.00985069 -0.00156578 0.00985631 0.99995 0.29566 0.0966841 -0.776413
FixedParameters: 0 0 0

#Transform 185
Transform: AffineTransform_float_3_3
Parameters: 0.99999 -0.00409789 0.00168276 0.0041141 0.999944 -0.00968017 -0.00164323 0.00968782 0.999951 0.311077 0.0973673 -0.703373
FixedParameters: 0 0 0

#Transform 186
Transform: AffineTransform_float_3_3
Parameters: 0.999988 -0.00457541 0.00138625 0.00458759 0.999947 -0.00921874 -0.00134475 0.00922525 0.999956 0.350364 0.0792996 -0.715253
FixedParameters: 0 0 0

#Transform 187
Transform: AffineTransform_float_3_3
Parameters: 0.99999 -0.00417067 0.00122668 0.00418132 0.999955 -0.00854295 -0.00119031 0.00854804 0.999963 0.361095 0.0276454 -0.677755
FixedParameters: 0 0 0

#Transform 188
Transform: AffineTransform_float_3_3
Parameters: 0.999987 -0.00479574 0.00201796 0.00481426 0.999946 -0.00914341 -0.00197404 0.00915359 0.999956 0.334503 0.120784 -0.784789
FixedParameters: 0 0 0

#Transform 189
Transform: AffineTransform_float_3_3
