# transform file /out/sourcedata/freesurfer/sub-v2s2x29065_ses-1/mri/transforms/cc_up.lta
# created by oesteban on Thu Mar 12 22:37:41 2026

type      = 0 # LINEAR_VOX_TO_VOX
nxforms   = 1
mean      = 129.0000 145.0000 126.0000
sigma     = 10000.0000
1 4 4
9.996265172958374e-01 1.119871344417334e-02 2.492811158299446e-02 -4.884739875793457e+00 
-1.119523309171200e-02 9.999372959136963e-01 -2.791802689898759e-04 2.491472959518433e+00 
-2.492967620491982e-02 -2.910383045673370e-11 9.996891617774963e-01 1.026586151123047e+01 
0.000000000000000e+00 0.000000000000000e+00 0.000000000000000e+00 1.000000000000000e+00 
src volume info
valid = 1  # volume info valid
filename = /out/sourcedata/freesurfer/sub-v2s2x29065_ses-1/mri/norm.mgz
volume = 256 256 256
voxelsize = 8.984374403953552e-01 8.984374403953552e-01 8.984374403953552e-01
xras   = -1.000000000000000e+00 0.000000000000000e+00 0.000000000000000e+00
yras   = 0.000000000000000e+00 0.000000000000000e+00 -1.000000119209290e+00
zras   = 0.000000000000000e+00 1.000000000000000e+00 0.000000000000000e+00
cras   = 2.399063110351562e+00 1.584127044677734e+01 5.072962188720703e+01
dst volume info
valid = 1  # volume info valid
filename = /out/sourcedata/freesurfer/sub-v2s2x29065_ses-1/mri/norm.mgz
volume = 256 256 256
voxelsize = 8.984374403953552e-01 8.984374403953552e-01 8.984374403953552e-01
xras   = -1.000000000000000e+00 0.000000000000000e+00 0.000000000000000e+00
yras   = 0.000000000000000e+00 0.000000000000000e+00 -1.000000119209290e+00
zras   = 0.000000000000000e+00 1.000000000000000e+00 0.000000000000000e+00
cras   = 2.399063110351562e+00 1.584127044677734e+01 5.072962188720703e+01
