#Insight Transform File V1.0
#Transform 0
Transform: AffineTransform_float_3_3
Parameters: 0.999999 -0.000403655 0.000706197 0.000404344 1 -0.000487714 -0.000705802 0.000488285 0.999999 0.0330004 -0.0411537 0.0194109
FixedParameters: 0 0 0

#Transform 1
Transform: AffineTransform_float_3_3
Parameters: 0.999999 -0.000147701 0.000706062 0.000147299 1 -0.000422896 -0.000705937 0.000423104 0.999999 0.0290057 -0.0352498 9.88179e-05
FixedParameters: 0 0 0

#Transform 2
Transform: AffineTransform_float_3_3
Parameters: 1 2.98638e-07 0.000706 2.98638e-07 1 -0.000423 -0.000706 0.000423 0.999999 0.0266181 -0.0521153 -0.0110176
FixedParameters: 0 0 0

#Transform 3
Transform: AffineTransform_float_3_3
Parameters: 0.999999 -0.000268877 0.000706046 0.000269123 1 -0.00017381 -0.000705953 0.00017419 0.999999 0.0308593 -0.072407 -0.000104349
FixedParameters: 0 0 0

#Transform 4
Transform: AffineTransform_float_3_3
Parameters: 1 3.146e-09 0.000286 3.146e-09 1 -1.1e-05 -0.000286 1.1e-05 1 0.0312066 -0.0642546 -0.00387639
FixedParameters: 0 0 0

#Transform 5
Transform: AffineTransform_float_3_3
Parameters: 1 2.16036e-07 0.000706 2.16036e-07 1 -0.000306 -0.000706 0.000306 0.999999 0.0266193 -0.00502305 -0.00922066
FixedParameters: 0 0 0

#Transform 6
Transform: AffineTransform_float_3_3
Parameters: 1 1.12984e-07 0.000487 1.12984e-07 1 -0.000232 -0.000487 0.000232 1 0.0216333 -0.0443444 -0.0153664
FixedParameters: 0 0 0

#Transform 7
Transform: AffineTransform_float_3_3
Parameters: 1 1.24256e-07 0.000706 1.24256e-07 1 -0.000176 -0.000706 0.000176 0.999999 0.0158224 -0.0449408 -0.0119216
FixedParameters: 0 0 0

#Transform 8
Transform: AffineTransform_float_3_3
Parameters: 1 -0.000180893 0.000531036 0.000181107 1 -0.000200904 -0.000530963 0.000201096 1 0.02172 -0.0541548 -0.0121872
FixedParameters: 0 0 0

#Transform 9
Transform: AffineTransform_float_3_3
Parameters: 1 -0.000218978 0.000203024 0.000219022 1 -0.000108956 -0.000202976 0.000109044 1 0.0241725 -0.0282514 -0.0101219
FixedParameters: 0 0 0

#Transform 10
Transform: AffineTransform_float_3_3
Parameters: 1 -0.000429962 0.000348047 0.000430038 1 -0.00010885 -0.000348953 0.00010915 1 0.0291549 -0.0352446 -0.0104653
FixedParameters: 0 0 0

#Transform 11
Transform: AffineTransform_float_3_3
Parameters: 1 -0.000208937 0.000319041 0.000209063 1 -0.000197933 -0.000318959 0.000198067 1 0.0279389 -0.00698585 -0.0116891
FixedParameters: 0 0 0

#Transform 12
Transform: AffineTransform_float_3_3
Parameters: 1 -0.000157937 0.000217046 0.000158063 1 -0.000291966 -0.000216954 0.000292034 1 0.0267869 -0.0554886 -0.0130563
FixedParameters: 0 0 0

#Transform 13
Transform: AffineTransform_float_3_3
Parameters: 1 4.1022e-08 0.000159 4.1022e-08 1 -0.000258 -0.000159 0.000258 1 0.0163097 -0.0246594 -0.0244245
FixedParameters: 0 0 0

#Transform 14
Transform: AffineTransform_float_3_3
Parameters: 1 -0.000263983 0.000159029 0.000264017 1 -0.000108958 -0.000158971 0.000109042 1 0.0198889 0.013191 -0.0246244
FixedParameters: 0 0 0

#Transform 15
Transform: AffineTransform_float_3_3
Parameters: 1 -0.000405012 8.49409e-05 0.000404988 1 0.000146034 -8.50591e-05 -0.000145966 1 0.0291996 -0.0801379 0.000909658
FixedParameters: 0 0 0

#Transform 16
Transform: AffineTransform_float_3_3
Parameters: 1 -0.000234918 0.000159121 0.000235082 1 -0.000512962 -0.000159879 0.000513037 1 0.0141999 -0.0541984 -0.0165596
FixedParameters: 0 0 0

#Transform 17
Transform: AffineTransform_float_3_3
Parameters: 1 -0.000163971 0.00015903 0.000164029 1 -0.000180974 -0.00015897 0.000181026 1 0.00155609 0.015784 -0.0289369
FixedParameters: 0 0 0

#Transform 18
Transform: AffineTransform_float_3_3
Parameters: 1 -0.000111951 0.000159034 0.000112049 1 -0.000305982 -0.000158966 0.000306018 1 0.00966091 -0.0418786 -0.00958536
FixedParameters: 0 0 0

#Transform 19
Transform: AffineTransform_float_3_3
Parameters: 1 -6.29362e-05 0.000159025 6.20637e-05 1 -0.00040099 -0.000158975 0.00040101 1 0.00914254 -0.00772575 -0.0247163
FixedParameters: 0 0 0

#Transform 20
Transform: AffineTransform_float_3_3
Parameters: 0.999999 0.000379063 0.000689965 -0.000378936 1 -9.22615e-05 -0.000690034 9.17384e-05 1 -0.0154091 -0.0237333 -0.0124533
FixedParameters: 0 0 0

#Transform 21
Transform: AffineTransform_float_3_3
Parameters: 1 -9.8992e-05 2.40328e-05 9.90083e-05 1 -0.000330998 -2.49672e-05 0.000331002 1 0.00336565 -0.02281 0.00154472
FixedParameters: 0 0 0

#Transform 22
Transform: AffineTransform_float_3_3
Parameters: 1 -9.89362e-05 0.00015904 9.90637e-05 1 -0.000400984 -0.00015896 0.000401016 1 0.00763284 -0.0546887 -0.0247339
FixedParameters: 0 0 0

#Transform 23
Transform: AffineTransform_float_3_3
Parameters: 1 -9.89214e-05 0.000159049 9.90785e-05 1 -0.000493984 -0.000158951 0.000494016 1 0.00756224 0.0374447 -0.0340087
FixedParameters: 0 0 0

#Transform 24
Transform: AffineTransform_float_3_3
Parameters: 1 -9.90016e-05 -1.09856e-05 9.89984e-05 1 -0.000145001 1.10144e-05 0.000144999 1 0.00355186 -0.0386303 0.00537749
FixedParameters: 0 0 0

#Transform 25
Transform: AffineTransform_float_3_3
Parameters: 1 -9.89994e-05 -1.90034e-05 9.90006e-05 1 3.39981e-05 1.89966e-05 -3.40019e-05 1 0.00450698 -0.0901743 0.00950676
FixedParameters: 0 0 0

#Transform 26
Transform: AffineTransform_float_3_3
Parameters: 1 3.99753e-05 -8.40118e-05 -4.00247e-05 1 -0.000293997 8.39882e-05 0.000294003 1 0.00445689 -0.0444696 -0.0131733
FixedParameters: 0 0 0

#Transform 27
Transform: AffineTransform_float_3_3
Parameters: 1 -9.90294e-05 -8.89672e-05 9.89705e-05 1 -0.000331009 8.90328e-05 0.000330991 1 0.0133122 -0.0107083 -0.0156165
FixedParameters: 0 0 0

#Transform 28
Transform: AffineTransform_float_3_3
Parameters: 1 -3.20161e-05 -0.000145996 3.19839e-05 1 -0.000110005 0.000146004 0.000109995 1 0.0117609 -0.0633047 -0.00828759
FixedParameters: 0 0 0

#Transform 29
Transform: AffineTransform_float_3_3
Parameters: 1 -9.90269e-05 -0.000147982 9.89731e-05 1 -0.000182015 0.000148018 0.000181985 1 0.00874382 -0.0462876 -0.015927
FixedParameters: 0 0 0

#Transform 30
Transform: AffineTransform_float_3_3
Parameters: 1 -9.89332e-05 0.000159042 9.90668e-05 1 -0.000419984 -0.000158958 0.000420016 1 -0.0073361 -0.0071279 -0.0136115
FixedParameters: 0 0 0

#Transform 31
Transform: AffineTransform_float_3_3
Parameters: 1 -9.90449e-05 -0.000173974 9.89551e-05 1 -0.000258017 0.000174026 0.000257983 1 0.0119155 0.030748 0.0258475
FixedParameters: 0 0 0

#Transform 32
Transform: AffineTransform_float_3_3
Parameters: 1 -9.907e-05 -0.000280975 9.893e-05 1 -0.000249028 0.000281025 0.000248972 1 0.00924503 -0.0503548 0.010825
FixedParameters: 0 0 0

#Transform 33
Transform: AffineTransform_float_3_3
Parameters: 1 -9.90407e-05 -0.000280986 9.89592e-05 1 -0.000145028 0.000281014 0.000144972 1 0.0116396 -0.0271998 0.00783237
FixedParameters: 0 0 0

#Transform 34
Transform: AffineTransform_float_3_3
Parameters: 1 -9.90104e-05 -3.99743e-05 9.89896e-05 1 -0.000260004 4.00257e-05 0.000259996 1 0.0121289 0.0373611 -0.00214975
FixedParameters: 0 0 0

#Transform 35
Transform: AffineTransform_float_3_3
Parameters: 1 -9.90299e-05 -0.000179984 9.89701e-05 1 -0.000166018 0.000180016 0.000165982 1 0.0107636 0.0148452 0.00781651
FixedParameters: 0 0 0

#Transform 36
Transform: AffineTransform_float_3_3
Parameters: 1 -9.89845e-05 -0.000180009 9.90155e-05 1 8.59822e-05 0.000179991 -8.60178e-05 1 0.00770688 -0.050873 0.00886748
FixedParameters: 0 0 0

#Transform 37
Transform: AffineTransform_float_3_3
Parameters: 1 -9.90037e-05 -0.000105997 9.89963e-05 1 -3.50105e-05 0.000106003 3.49895e-05 1 0.00983917 -0.0529775 0.0138096
FixedParameters: 0 0 0

#Transform 38
Transform: AffineTransform_float_3_3
Parameters: 1 0.00019452 -0.000179438 -0.000193478 0.999996 0.00289303 0.00018056 -0.00289296 0.999996 -0.0219196 0.0180993 0.073546
FixedParameters: 0 0 0

#Transform 39
Transform: AffineTransform_float_3_3
Parameters: 1 0.000294509 -0.000179165 -0.000293491 0.999996 0.00283705 0.000179833 -0.00283695 0.999996 -0.0256178 -0.0209907 0.0763221
FixedParameters: 0 0 0

#Transform 40
Transform: AffineTransform_float_3_3
Parameters: 1 0.000437353 -0.000179141 -0.000436648 0.999998 0.00196408 0.000179858 -0.00196392 0.999998 -0.021489 -0.0421378 0.0247822
FixedParameters: 0 0 0

#Transform 41
Transform: AffineTransform_float_3_3
Parameters: 1 0.000437407 -0.000179008 -0.000436593 0.999998 0.00226808 0.000179991 -0.00226792 0.999998 -0.023295 0.0491301 0.0521066
FixedParameters: 0 0 0

#Transform 42
Transform: AffineTransform_float_3_3
Parameters: 1 0.000437432 -0.000178948 -0.000436568 0.999997 0.00240508 0.00018005 -0.00240492 0.999997 -0.0119165 -0.00407442 0.0755096
FixedParameters: 0 0 0

#Transform 43
Transform: AffineTransform_float_3_3
Parameters: 1 0.000437432 -0.000178948 -0.000436568 0.999997 0.00240508 0.00018005 -0.00240492 0.999997 -0.0252765 -0.0132586 0.0755293
FixedParameters: 0 0 0

#Transform 44
Transform: AffineTransform_float_3_3
Parameters: 1 0.000437364 -0.000179112 -0.000436636 0.999998 0.00203008 0.000179887 -0.00202992 0.999998 -0.0249171 -0.0489991 0.0585626
FixedParameters: 0 0 0

#Transform 45
Transform: AffineTransform_float_3_3
Parameters: 1 0.000370453 -0.000179065 -0.000370547 0.999996 0.00252507 0.000179937 -0.00252593 0.999997 -0.0289523 -0.00600961 0.0689774
FixedParameters: 0 0 0

#Transform 46
Transform: AffineTransform_float_3_3
Parameters: 1 0.000437408 -0.000179008 -0.000436593 0.999998 0.00227008 0.000179992 -0.00226992 0.999998 -0.0247695 -0.040625 0.0812736
FixedParameters: 0 0 0

#Transform 47
Transform: AffineTransform_float_3_3
Parameters: 1 0.000437204 -9.00174e-05 -0.000436797 0.999998 0.00224804 9.09822e-05 -0.00224796 0.999998 -0.0304115 -0.0521957 0.0617286
FixedParameters: 0 0 0

#Transform 48
Transform: AffineTransform_float_3_3
Parameters: 1 0.000544471 -0.000178569 -0.000544528 0.999997 0.0026291 0.000180432 -0.0026289 0.999996 -0.0288363 -0.0765818 0.0760614
FixedParameters: 0 0 0

#Transform 49
Transform: AffineTransform_float_3_3
Parameters: 1 0.000437495 -0.000178794 -0.000436504 0.999996 0.00275908 0.000180205 -0.00275892 0.999996 -0.0325423 -0.0447001 0.0700633
FixedParameters: 0 0 0

#Transform 50
Transform: AffineTransform_float_3_3
Parameters: 1 0.000548452 -0.000178617 -0.000547547 0.999996 0.0025221 0.000180381 -0.0025219 0.999997 -0.0327045 -0.0887972 0.0487684
FixedParameters: 0 0 0

#Transform 51
Transform: AffineTransform_float_3_3
Parameters: 0.999999 0.000811352 -0.000178403 -0.000810645 0.999997 0.00196914 0.000180596 -0.00196885 0.999998 -0.034204 -0.0448059 0.0398818
FixedParameters: 0 0 0

#Transform 52
Transform: AffineTransform_float_3_3
Parameters: 1 0.000558453 -0.000178587 -0.000557545 0.999996 0.0025311 0.000180412 -0.0025309 0.999997 -0.0332243 -0.03915 0.0766699
FixedParameters: 0 0 0

#Transform 53
Transform: AffineTransform_float_3_3
Parameters: 1 0.000496268 -0.000108785 -0.000495734 0.999997 0.00244805 0.000109214 -0.00244795 0.999997 -0.0373837 -0.103596 0.0672377
FixedParameters: 0 0 0

#Transform 54
Transform: AffineTransform_float_3_3
Parameters: 0.999999 0.000753519 -0.000177815 -0.000752481 0.999996 0.00290114 0.000180184 -0.00290087 0.999996 -0.0433563 -0.0351428 0.0967364
FixedParameters: 0 0 0

#Transform 55
Transform: AffineTransform_float_3_3
Parameters: 1 0.000679286 -0.000108223 -0.000678715 0.999997 0.00261707 0.000109776 -0.00261693 0.999996 -0.0463013 -0.0181087 0.0853426
FixedParameters: 0 0 0

#Transform 56
Transform: AffineTransform_float_3_3
Parameters: 0.999999 0.000678434 0.000234642 -0.000678564 0.999997 0.00241884 -0.00023236 -0.00241816 0.999997 -0.0500341 -0.0938432 0.0723305
FixedParameters: 0 0 0

#Transform 57
Transform: AffineTransform_float_3_3
Parameters: 1 0.000679433 -0.000178357 -0.000678565 0.999997 0.00241912 0.000180642 -0.00241888 0.999997 -0.0378541 -0.0274988 0.0682123
FixedParameters: 0 0 0

#Transform 58
Transform: AffineTransform_float_3_3
Parameters: 1 0.000678801 7.28751e-05 -0.000678196 0.999996 0.00276195 -7.01271e-05 -0.00276205 0.999996 -0.038372 -0.0275306 0.0887612
FixedParameters: 0 0 0

#Transform 59
Transform: AffineTransform_float_3_3
Parameters: 0.999999 0.000678124 0.000264259 -0.000678875 0.999994 0.00332882 -0.000261741 -0.00332918 0.999995 -0.0321326 -0.0156429 0.0865752
FixedParameters: 0 0 0

#Transform 60
Transform: AffineTransform_float_3_3
Parameters: 1 0.000274689 0.000101842 -0.000274311 0.999996 0.00306397 -0.00010116 -0.00306403 0.999996 -0.0257261 -0.131788 0.0828295
FixedParameters: 0 0 0

#Transform 61
Transform: AffineTransform_float_3_3
Parameters: 1 0.000520198 0.000263588 -0.000521803 0.999995 0.00305086 -0.000262409 -0.00305114 0.999996 -0.0385141 -0.0705713 0.0541829
FixedParameters: 0 0 0

#Transform 62
Transform: AffineTransform_float_3_3
Parameters: 1 0.00092012 0.000265077 -0.000920881 0.999994 0.00334176 -0.000261924 -0.00334224 0.999995 -0.044703 -0.101305 0.0738817
FixedParameters: 0 0 0

#Transform 63
Transform: AffineTransform_float_3_3
Parameters: 0.999999 0.000747179 0.000264332 -0.000747823 0.999995 0.0031198 -0.000262669 -0.0031192 0.999995 -0.0402926 -0.0536839 0.0501286
FixedParameters: 0 0 0

#Transform 64
Transform: AffineTransform_float_3_3
Parameters: 1 0.000650757 8.19572e-05 -0.000651244 0.999996 0.00300695 -8.00421e-05 -0.00300705 0.999996 -0.0400499 -0.0213899 0.0617191
FixedParameters: 0 0 0

#Transform 65
Transform: AffineTransform_float_3_3
Parameters: 0.999999 0.000770187 0.00026438 -0.000770815 0.999995 0.0030888 -0.00026262 -0.0030892 0.999995 -0.0520319 -0.0384812 0.0664034
FixedParameters: 0 0 0

#Transform 66
Transform: AffineTransform_float_3_3
Parameters: 1 0.000530218 0.000263579 -0.000530783 0.999996 0.00297586 -0.000262421 -0.00297614 0.999995 -0.0474165 -0.0406341 0.0656567
FixedParameters: 0 0 0

#Transform 67
Transform: AffineTransform_float_3_3
Parameters: 1 0.0010093 0.000264668 -0.0010097 0.999996 0.00264174 -0.000262334 -0.00264127 0.999997 -0.0528724 -0.066581 0.0689773
FixedParameters: 0 0 0

#Transform 68
Transform: AffineTransform_float_3_3
Parameters: 0.999999 0.000730308 0.000263922 -0.000731692 0.999997 0.00262981 -0.000262077 -0.00263019 0.999997 -0.0554993 -0.0666073 0.0555419
FixedParameters: 0 0 0

#Transform 69
Transform: AffineTransform_float_3_3
Parameters: 1 0.000972451 0.000264035 -0.000972551 0.999998 0.00209174 -0.000261967 -0.00209126 0.999998 -0.0800816 0.0497885 0.00228138
FixedParameters: 0 0 0

#Transform 70
Transform: AffineTransform_float_3_3
Parameters: 0.999999 0.000880869 5.89918e-05 -0.000880131 0.999997 0.00226095 -5.70101e-05 -0.00226105 0.999998 -0.0801928 -0.0141085 0.0418768
FixedParameters: 0 0 0

#Transform 71
Transform: AffineTransform_float_3_3
Parameters: 0.999999 0.000773427 0.000263687 -0.000773574 0.999998 0.0021808 -0.000262313 -0.0021812 0.999997 -0.0807899 -0.111211 0.0404517
FixedParameters: 0 0 0

#Transform 72
Transform: AffineTransform_float_3_3
Parameters: 0.999999 0.000972427 0.000264117 -0.000972572 0.999997 0.00217674 -0.000261883 -0.00217726 0.999997 -0.0838219 0.0494779 0.0729853
FixedParameters: 0 0 0

#Transform 73
Transform: AffineTransform_float_3_3
Parameters: 1 0.00103358 0.000146972 -0.00103442 0.999996 0.00287485 -0.000144027 -0.00287515 0.999996 -0.0867033 -0.146976 0.0758527
FixedParameters: 0 0 0

#Transform 74
Transform: AffineTransform_float_3_3
Parameters: 0.999999 0.000972318 0.000264518 -0.000972682 0.999996 0.00258874 -0.000262483 -0.00258826 0.999996 -0.083933 -0.0581795 0.0601607
FixedParameters: 0 0 0

#Transform 75
Transform: AffineTransform_float_3_3
Parameters: 0.999999 0.000972331 0.00026447 -0.00097267 0.999997 0.00253974 -0.00026253 -0.00254026 0.999996 -0.0839571 -0.0778643 0.0491364
FixedParameters: 0 0 0

#Transform 76
Transform: AffineTransform_float_3_3
Parameters: 0.999999 0.00127943 0.000264787 -0.00127957 0.999997 0.00217766 -0.000262215 -0.00217734 0.999997 -0.103116 0.0987011 -0.0161515
FixedParameters: 0 0 0

#Transform 77
Transform: AffineTransform_float_3_3
Parameters: 0.999999 0.00127034 -0.000159324 -0.00126966 0.999997 0.0021072 0.000162677 -0.00210779 0.999998 -0.091759 -0.0266822 0.0222106
FixedParameters: 0 0 0

#Transform 78
Transform: AffineTransform_float_3_3
Parameters: 1 0.00119914 -6.33812e-05 -0.00119886 0.999997 0.00218408 6.66184e-05 -0.00218392 0.999997 -0.0838723 -0.0933371 0.025824
FixedParameters: 0 0 0

#Transform 79
Transform: AffineTransform_float_3_3
Parameters: 0.999999 0.00127548 -0.000181674 -0.00127552 0.999996 0.00260823 0.000185327 -0.00260776 0.999996 -0.0967565 -0.0444342 0.0378008
FixedParameters: 0 0 0

#Transform 80
Transform: AffineTransform_float_3_3
Parameters: 0.999999 0.00122348 -0.000181803 -0.00122252 0.999996 0.00261322 0.000185195 -0.00261277 0.999996 -0.102931 -0.020615 0.0131779
FixedParameters: 0 0 0

#Transform 81
Transform: AffineTransform_float_3_3
Parameters: 1 0.00117464 0.000147918 -0.00117436 0.999996 0.00248383 -0.000145083 -0.00248417 0.999997 -0.0856607 -0.0347511 0.0236721
FixedParameters: 0 0 0

#Transform 82
Transform: AffineTransform_float_3_3
Parameters: 0.999999 0.00122851 -0.000181556 -0.00122749 0.999996 0.00280423 0.000185444 -0.00280478 0.999996 -0.0830285 -0.0754882 0.0552052
FixedParameters: 0 0 0

#Transform 83
Transform: AffineTransform_float_3_3
Parameters: 0.999999 0.00130344 -0.000181847 -0.00130256 0.999996 0.00241924 0.000185153 -0.00241976 0.999997 -0.0841917 -0.0658378 0.0208275
FixedParameters: 0 0 0

#Transform 84
Transform: AffineTransform_float_3_3
Parameters: 0.999999 0.00155974 0.000104038 -0.00156026 0.999996 0.00258884 -9.99606e-05 -0.00258916 0.999996 -0.0912731 -0.056195 0.0746998
FixedParameters: 0 0 0

#Transform 85
Transform: AffineTransform_float_3_3
Parameters: 0.999999 0.00131951 -0.000181299 -0.00131948 0.999995 0.00280524 0.000185702 -0.00280476 0.999996 -0.0783572 -0.0874056 0.0525004
FixedParameters: 0 0 0

#Transform 86
Transform: AffineTransform_float_3_3
Parameters: 1 0.00118343 -0.000182258 -0.00118357 0.999996 0.00231722 0.000185743 -0.00231678 0.999998 -0.0820179 -0.0379009 0.0392062
FixedParameters: 0 0 0

#Transform 87
Transform: AffineTransform_float_3_3
Parameters: 0.999999 0.00151347 -0.000181135 -0.00151253 0.999995 0.00255428 0.000185865 -0.00255472 0.999996 -0.0873478 -0.0185638 0.0483993
FixedParameters: 0 0 0

#Transform 88
Transform: AffineTransform_float_3_3
Parameters: 0.999999 0.00130247 -0.000181677 -0.00130153 0.999996 0.00255224 0.000185323 -0.00255276 0.999996 -0.0861368 -0.0668468 0.0483932
FixedParameters: 0 0 0

#Transform 89
Transform: AffineTransform_float_3_3
Parameters: 0.999999 0.00110542 -0.000182461 -0.00110458 0.999997 0.0022972 0.000185538 -0.0022968 0.999998 -0.0832487 -0.0311284 0.0442745
FixedParameters: 0 0 0

#Transform 90
Transform: AffineTransform_float_3_3
Parameters: 1 0.00108987 -0.000311972 -0.00108913 0.999995 0.00277934 0.000315028 -0.00277866 0.999996 -0.0790972 -0.00516492 0.0737899
FixedParameters: 0 0 0

#Transform 91
Transform: AffineTransform_float_3_3
Parameters: 1 0.00108957 -0.000181637 -0.00108943 0.999994 0.0030872 0.000185364 -0.0030868 0.999995 -0.0805476 -0.0728379 0.0699819
FixedParameters: 0 0 0

#Transform 92
Transform: AffineTransform_float_3_3
Parameters: 1 0.00108947 -0.000182227 -0.00108953 0.999996 0.0025462 0.000185774 -0.0025458 0.999996 -0.0805163 -0.0490744 0.0619673
FixedParameters: 0 0 0

#Transform 93
Transform: AffineTransform_float_3_3
Parameters: 1 0.00108976 -0.000265909 -0.00108924 0.999996 0.00283729 0.000269091 -0.00283671 0.999996 -0.0795993 -0.0319498 0.0746764
FixedParameters: 0 0 0

#Transform 94
Transform: AffineTransform_float_3_3
Parameters: 0.999999 0.000964479 -0.000182486 -0.000963519 0.999996 0.00260718 0.000185512 -0.00260682 0.999996 -0.0786247 -0.00863126 0.0812071
FixedParameters: 0 0 0

#Transform 95
Transform: AffineTransform_float_3_3
Parameters: 0.999999 0.00122055 -0.000181349 -0.00122045 0.999995 0.00299222 0.000185652 -0.00299178 0.999996 -0.10509 -0.0653379 0.0659063
FixedParameters: 0 0 0

#Transform 96
Transform: AffineTransform_float_3_3
Parameters: 1 0.00108946 -0.000182263 -0.00108954 0.999996 0.0025132 0.00018574 -0.0025138 0.999997 -0.128411 0.0460059 0.0196915
FixedParameters: 0 0 0

#Transform 97
Transform: AffineTransform_float_3_3
Parameters: 1 0.00108961 -0.000181358 -0.00108939 0.999994 0.0033432 0.000185643 -0.0033428 0.999995 -0.111786 -0.00889948 0.100163
FixedParameters: 0 0 0

#Transform 98
Transform: AffineTransform_float_3_3
Parameters: 1 0.00108832 0.000230239 -0.00108968 0.999995 0.00297475 -0.000226759 -0.00297525 0.999995 -0.116373 -0.150041 0.0724432
FixedParameters: 0 0 0

#Transform 99
Transform: AffineTransform_float_3_3
Parameters: 1 0.00114153 -0.000171541 -0.00114148 0.999995 0.0030312 0.000174461 -0.0030308 0.999996 -0.1021 -0.0507303 0.0926687
FixedParameters: 0 0 0

#Transform 100
Transform: AffineTransform_float_3_3
Parameters: 1 0.00109002 -0.000305389 -0.00108898 0.999994 0.00331434 0.000308612 -0.00331467 0.999995 -0.110529 -0.0853996 0.0812183
FixedParameters: 0 0 0

#Transform 101
Transform: AffineTransform_float_3_3
Parameters: 1 0.00108969 -0.000224672 -0.00108931 0.999994 0.00305525 0.00022833 -0.00305575 0.999996 -0.0961629 -0.0586605 0.0814169
FixedParameters: 0 0 0

#Transform 102
Transform: AffineTransform_float_3_3
Parameters: 1 0.00108998 -0.000305534 -0.00108902 0.999995 0.00318134 0.000309467 -0.00318167 0.999995 -0.0913773 -0.0322396 0.0953999
FixedParameters: 0 0 0

#Transform 103
Transform: AffineTransform_float_3_3
Parameters: 1 0.00109001 -0.000305423 -0.00108899 0.999994 0.00328333 0.000308578 -0.00328366 0.999994 -0.110493 -0.0518711 0.0969758
FixedParameters: 0 0 0

#Transform 104
Transform: AffineTransform_float_3_3
Parameters: 1 0.00108995 -0.000305629 -0.00108905 0.999994 0.00309433 0.000309371 -0.00309366 0.999995 -0.0939904 -0.035475 0.0939983
FixedParameters: 0 0 0

#Transform 105
Transform: AffineTransform_float_3_3
Parameters: 1 0.00109 -0.000305447 -0.001089 0.999994 0.00326133 0.000309553 -0.00326066 0.999994 -0.110487 -0.0474101 0.0986496
FixedParameters: 0 0 0

#Transform 106
Transform: AffineTransform_float_3_3
Parameters: 0.999999 0.000941015 -0.000305892 -0.000939983 0.999994 0.00330429 0.000309107 -0.00330371 0.999995 -0.0901439 -0.0500333 0.0889254
FixedParameters: 0 0 0

#Transform 107
Transform: AffineTransform_float_3_3
Parameters: 1 0.00108991 -0.000305785 -0.00108909 0.999995 0.00295133 0.000309215 -0.00295066 0.999995 -0.110413 0.0298417 0.0817215
FixedParameters: 0 0 0

#Transform 108
Transform: AffineTransform_float_3_3
Parameters: 1 0.00109004 -0.000305312 -0.00108896 0.999993 0.00338533 0.000308688 -0.00338467 0.999994 -0.110427 0.0131916 0.0982969
FixedParameters: 0 0 0

#Transform 109
Transform: AffineTransform_float_3_3
Parameters: 1 0.00109006 -0.000305239 -0.00108894 0.999994 0.00345234 0.000308762 -0.00345267 0.999994 -0.0940819 -0.0371191 0.0995934
FixedParameters: 0 0 0

#Transform 110
Transform: AffineTransform_float_3_3
Parameters: 1 0.00108994 -0.000305683 -0.00108906 0.999995 0.00304534 0.000309319 -0.00304567 0.999996 -0.104021 -0.0753976 0.0933477
FixedParameters: 0 0 0

#Transform 111
Transform: AffineTransform_float_3_3
Parameters: 1 0.00108867 0.000113205 -0.00108933 0.999995 0.00294388 -0.000109793 -0.00294412 0.999995 -0.0962482 -0.0220273 0.0908801
FixedParameters: 0 0 0

#Transform 112
Transform: AffineTransform_float_3_3
Parameters: 1 0.001089 3.43906e-06 -0.001089 0.999995 0.003158 4.3908e-07 -0.003158 0.999995 -0.0975652 -0.0377785 0.0944785
FixedParameters: 0 0 0

#Transform 113
Transform: AffineTransform_float_3_3
Parameters: 1 0.00108866 0.000113321 -0.00108934 0.999995 0.00304988 -0.000110679 -0.00304912 0.999996 -0.112249 -0.0411255 0.0759579
FixedParameters: 0 0 0

#Transform 114
Transform: AffineTransform_float_3_3
Parameters: 1 0.00117886 4.94648e-05 -0.00117914 0.999995 0.00293894 -4.65347e-05 -0.00293906 0.999995 -0.0983163 -0.0315603 0.0735637
FixedParameters: 0 0 0

#Transform 115
Transform: AffineTransform_float_3_3
Parameters: 1 0.0011626 0.00011412 -0.0011624 0.999993 0.00354287 -0.000109882 -0.00354313 0.999993 -0.116263 -0.0351884 0.080497
FixedParameters: 0 0 0

#Transform 116
Transform: AffineTransform_float_3_3
Parameters: 0.999999 0.00155564 0.000115013 -0.00155636 0.999993 0.00322182 -0.000109987 -0.00322117 0.999995 -0.126132 -0.0275203 0.067782
FixedParameters: 0 0 0

#Transform 117
Transform: AffineTransform_float_3_3
Parameters: 1 0.00108926 -9.29613e-05 -0.00108874 0.999995 0.0027901 9.60379e-05 -0.0027899 0.999996 -0.107403 -0.0130459 0.0767201
FixedParameters: 0 0 0

#Transform 118
Transform: AffineTransform_float_3_3
Parameters: 1 0.00108867 0.000113249 -0.00108933 0.999995 0.00298388 -0.00010975 -0.00298412 0.999995 -0.115039 -0.0559778 0.0796048
FixedParameters: 0 0 0

#Transform 119
Transform: AffineTransform_float_3_3
Parameters: 1 0.00108869 0.000113055 -0.00108931 0.999996 0.00280588 -0.000109944 -0.00280612 0.999996 -0.115053 -0.060833 0.0767731
FixedParameters: 0 0 0

#Transform 120
Transform: AffineTransform_float_3_3
Parameters: 0.999999 0.00122766 0.000113762 -0.00122734 0.999994 0.00306386 -0.00011024 -0.00306414 0.999996 -0.11731 -0.0417094 0.0903709
FixedParameters: 0 0 0

#Transform 121
Transform: AffineTransform_float_3_3
Parameters: 1 0.00108865 0.000113399 -0.00108935 0.999994 0.00312188 -0.0001106 -0.00312212 0.999995 -0.117478 -0.0659316 0.102575
FixedParameters: 0 0 0

#Transform 122
Transform: AffineTransform_float_3_3
Parameters: 1 0.00119268 0.000113382 -0.00119332 0.999996 0.00283487 -0.000110617 -0.00283513 0.999996 -0.116735 -0.0445106 0.0978879
FixedParameters: 0 0 0

#Transform 123
Transform: AffineTransform_float_3_3
Parameters: 0.999999 0.00123659 0.000114564 -0.00123642 0.999993 0.00368986 -0.00011044 -0.00368914 0.999993 -0.117457 -0.0482692 0.132035
FixedParameters: 0 0 0

#Transform 124
Transform: AffineTransform_float_3_3
Parameters: 0.999999 0.00144567 0.000114298 -0.00144633 0.999994 0.00297284 -0.0001107 -0.00297316 0.999995 -0.120715 -0.0268401 0.0808204
FixedParameters: 0 0 0

#Transform 125
Transform: AffineTransform_float_3_3
Parameters: 0.999999 0.00141802 0.000332203 -0.00141898 0.999994 0.00296253 -0.000327798 -0.00296247 0.999995 -0.122592 -0.0342505 0.0828018
FixedParameters: 0 0 0

#Transform 126
Transform: AffineTransform_float_3_3
Parameters: 0.999999 0.00129664 0.000114203 -0.00129736 0.999994 0.00324085 -0.000109797 -0.00324014 0.999994 -0.110867 -0.0485914 0.0913826
FixedParameters: 0 0 0

#Transform 127
Transform: AffineTransform_float_3_3
Parameters: 0.999999 0.00130368 0.000113768 -0.00130432 0.999995 0.00288985 -0.000110231 -0.00289015 0.999996 -0.118536 -0.084481 0.0858984
FixedParameters: 0 0 0

#Transform 128
Transform: AffineTransform_float_3_3
Parameters: 1 0.00120766 0.000113625 -0.00120834 0.999995 0.00300086 -0.000110374 -0.00300113 0.999995 -0.11691 -0.001833 0.0760944
FixedParameters: 0 0 0

#Transform 129
Transform: AffineTransform_float_3_3
Parameters: 0.999999 0.00153766 0.000114681 -0.00153834 0.999994 0.00304383 -0.000110319 -0.00304317 0.999996 -0.122205 -0.0345983 0.092573
FixedParameters: 0 0 0

#Transform 130
Transform: AffineTransform_float_3_3
Parameters: 0.999999 0.00154064 0.000114866 -0.00154135 0.999994 0.00315783 -0.000110133 -0.00315817 0.999995 -0.122262 -0.0721993 0.0782696
FixedParameters: 0 0 0

#Transform 131
Transform: AffineTransform_float_3_3
Parameters: 0.999999 0.00139066 0.000114153 -0.00139133 0.999994 0.00298584 -0.000109847 -0.00298515 0.999995 -0.119849 -0.0557338 0.0872915
FixedParameters: 0 0 0

#Transform 132
Transform: AffineTransform_float_3_3
Parameters: 0.999999 0.00145629 0.000226639 -0.00145771 0.999994 0.00318467 -0.000221358 -0.00318533 0.999995 -0.122031 -0.0412039 0.0981588
FixedParameters: 0 0 0

#Transform 133
Transform: AffineTransform_float_3_3
Parameters: 1 0.00108901 -8.787e-09 -0.00108899 0.999992 0.003665 3.99119e-06 -0.003665 0.999994 -0.113845 -0.075285 0.079867
FixedParameters: 0 0 0

#Transform 134
Transform: AffineTransform_float_3_3
Parameters: 0.999999 0.00137139 -0.000116468 -0.00137161 0.999993 0.00330516 0.000120534 -0.00330483 0.999994 -0.099416 -0.024845 0.0579091
FixedParameters: 0 0 0

#Transform 135
Transform: AffineTransform_float_3_3
Parameters: 0.999999 0.00146588 3.96001e-05 -0.00146612 0.999994 0.00313795 -3.53995e-05 -0.00313806 0.999995 -0.12028 0.00950302 0.0703707
FixedParameters: 0 0 0

#Transform 136
Transform: AffineTransform_float_3_3
Parameters: 0.999999 0.00139716 0.000302885 -0.00139784 0.999995 0.00277958 -0.000299115 -0.00278042 0.999996 -0.115833 -0.0769867 0.0646082
FixedParameters: 0 0 0

#Transform 137
Transform: AffineTransform_float_3_3
Parameters: 0.999998 0.00157208 0.000284124 -0.00157292 0.999994 0.00325856 -0.000278875 -0.00325944 0.999994 -0.124673 -0.0305798 0.110461
FixedParameters: 0 0 0

#Transform 138
Transform: AffineTransform_float_3_3
Parameters: 0.999998 0.0015783 0.000252439 -0.0015797 0.999995 0.0028116 -0.00024756 -0.00281139 0.999996 -0.124272 -0.00988512 0.0880329
FixedParameters: 0 0 0

#Transform 139
Transform: AffineTransform_float_3_3
Parameters: 1 0.00108988 -0.000341197 -0.00108912 0.999996 0.00257337 0.000343804 -0.00257363 0.999996 -0.100797 0.0365895 0.0722056
FixedParameters: 0 0 0

#Transform 140
Transform: AffineTransform_float_3_3
Parameters: 0.999998 0.00155413 -0.000411772 -0.00155287 0.999995 0.00272164 0.000416228 -0.00272136 0.999996 -0.108719 -0.0697192 0.0414861
FixedParameters: 0 0 0

#Transform 141
Transform: AffineTransform_float_3_3
Parameters: 0.999999 0.00176178 -0.000625007 -0.00176022 0.999995 0.00283611 0.000629994 -0.0028349 0.999996 -0.117765 -0.0598028 0.00506839
FixedParameters: 0 0 0

#Transform 142
Transform: AffineTransform_float_3_3
Parameters: 0.999998 0.00140414 -0.00076709 -0.00140286 0.999995 0.00278708 0.000770912 -0.00278592 0.999996 -0.101247 0.00916091 0.0217623
FixedParameters: 0 0 0

#Transform 143
Transform: AffineTransform_float_3_3
Parameters: 0.999999 0.00158042 -0.000870615 -0.00157858 0.999995 0.00277738 0.000874386 -0.00277562 0.999996 -0.0981937 -0.00341162 0.0400208
FixedParameters: 0 0 0

#Transform 144
Transform: AffineTransform_float_3_3
Parameters: 0.999999 0.00136565 -0.00066361 -0.00136435 0.999996 0.00248391 0.00066639 -0.00248309 0.999996 -0.111019 -0.019894 0.0399246
FixedParameters: 0 0 0

#Transform 145
Transform: AffineTransform_float_3_3
Parameters: 0.999999 0.001302 -0.000480298 -0.001301 0.999997 0.00207663 0.000482703 -0.00207637 0.999997 -0.0997893 0.0207527 0.069744
FixedParameters: 0 0 0

#Transform 146
Transform: AffineTransform_float_3_3
Parameters: 0.999998 0.00157864 -0.000237763 -0.00157836 0.999995 0.00268438 0.000242238 -0.00268462 0.999997 -0.119054 -0.055414 0.0793165
FixedParameters: 0 0 0

#Transform 147
Transform: AffineTransform_float_3_3
Parameters: 0.999998 0.00157891 -0.000379222 -0.00157809 0.999996 0.0023936 0.000382778 -0.0023934 0.999997 -0.101465 -0.0522269 0.0748853
FixedParameters: 0 0 0

#Transform 148
Transform: AffineTransform_float_3_3
Parameters: 0.999999 0.00157809 -3.30675e-05 -0.00157791 0.999995 0.00249205 3.69322e-05 -0.00249194 0.999997 -0.105001 0.0234008 0.0406754
FixedParameters: 0 0 0

#Transform 149
Transform: AffineTransform_float_3_3
Parameters: 0.999998 0.00157906 -0.000436173 -0.00157794 0.999996 0.00242469 0.000439827 -0.00242431 0.999997 -0.100725 -0.0130006 0.0402736
FixedParameters: 0 0 0

#Transform 150
Transform: AffineTransform_float_3_3
Parameters: 0.999998 0.00157918 -0.000435761 -0.00157882 0.999995 0.00268569 0.000440242 -0.00268531 0.999997 -0.100815 -0.0622358 0.0446338
FixedParameters: 0 0 0

#Transform 151
Transform: AffineTransform_float_3_3
Parameters: 0.999998 0.00157926 -0.000510116 -0.00157874 0.999995 0.00246081 0.000513886 -0.00246019 0.999997 -0.099877 0.013407 0.0342072
FixedParameters: 0 0 0

#Transform 152
Transform: AffineTransform_float_3_3
Parameters: 0.999998 0.00157915 -0.00050644 -0.00157885 0.999996 0.0022558 0.000509563 -0.0022552 0.999998 -0.0999772 -0.0031332 0.0218997
FixedParameters: 0 0 0

#Transform 153
Transform: AffineTransform_float_3_3
Parameters: 0.999998 0.00157907 -0.00043613 -0.00157793 0.999995 0.00245169 0.00043987 -0.00245131 0.999997 -0.100643 0.0395513 0.0424482
FixedParameters: 0 0 0

#Transform 154
Transform: AffineTransform_float_3_3
Parameters: 0.999998 0.00157906 -0.000436192 -0.00157794 0.999996 0.00241269 0.000439808 -0.00241231 0.999997 -0.100738 -0.0142041 0.0391622
FixedParameters: 0 0 0

#Transform 155
Transform: AffineTransform_float_3_3
Parameters: 0.999998 0.00157876 -0.000324338 -0.00157824 0.999996 0.00232052 0.000328664 -0.00232048 0.999998 -0.102012 -0.0551536 0.0460931
FixedParameters: 0 0 0

#Transform 156
Transform: AffineTransform_float_3_3
Parameters: 0.999998 0.00157878 -0.000277574 -0.00157822 0.999995 0.00280444 0.000281428 -0.00280456 0.999996 -0.099809 0.0249839 0.0737696
FixedParameters: 0 0 0

#Transform 157
Transform: AffineTransform_float_3_3
Parameters: 0.999998 0.00157953 -0.000694538 -0.00157847 0.999997 0.0021931 0.000697464 -0.0021929 0.999998 -0.0979973 -0.0108934 0.0627644
FixedParameters: 0 0 0

#Transform 158
Transform: AffineTransform_float_3_3
Parameters: 0.999998 0.00164613 -0.000435763 -0.00164487 0.999996 0.00257472 0.000440236 -0.00257428 0.999996 -0.101944 -0.0562843 0.0369075
FixedParameters: 0 0 0

#Transform 159
Transform: AffineTransform_float_3_3
Parameters: 0.999999 0.00138079 -0.000766778 -0.00137921 0.999997 0.00233506 0.000769222 -0.00233394 0.999997 -0.0941574 -0.0417661 0.038355
FixedParameters: 0 0 0

#Transform 160
Transform: AffineTransform_float_3_3
Parameters: 0.999998 0.00155979 -0.000710086 -0.00155821 0.999995 0.00251111 0.000713913 -0.00250989 0.999996 -0.0974569 -0.00356885 0.0595247
FixedParameters: 0 0 0

#Transform 161
Transform: AffineTransform_float_3_3
Parameters: 0.999999 0.00149339 -0.000153194 -0.0014926 0.999995 0.00254923 0.000156805 -0.00254877 0.999996 -0.102507 -0.0362045 0.082679
FixedParameters: 0 0 0

#Transform 162
Transform: AffineTransform_float_3_3
Parameters: 0.999999 0.00126728 -0.000559105 -0.00126572 0.999996 0.00228571 0.000561895 -0.00228529 0.999997 -0.088079 -0.00553082 0.0792394
FixedParameters: 0 0 0

#Transform 163
Transform: AffineTransform_float_3_3
Parameters: 0.999999 0.00140441 -0.000558459 -0.00140259 0.999996 0.00252278 0.00056154 -0.00252221 0.999996 -0.0992948 -0.0280066 0.105721
FixedParameters: 0 0 0

#Transform 164
Transform: AffineTransform_float_3_3
Parameters: 0.999999 0.00144804 -0.000479878 -0.00144696 0.999996 0.0021567 0.000483121 -0.0021563 0.999997 -0.110553 -0.00827424 0.0846336
FixedParameters: 0 0 0

#Transform 165
Transform: AffineTransform_float_3_3
Parameters: 0.999999 0.00138636 -0.000174168 -0.00138564 0.999997 0.00204324 0.000176832 -0.00204376 0.999998 -0.100549 -0.00229082 0.0577003
FixedParameters: 0 0 0

#Transform 166
Transform: AffineTransform_float_3_3
Parameters: 0.999999 0.00141815 -0.000559103 -0.00141685 0.999997 0.00204379 0.000561896 -0.0020432 0.999998 -0.100558 -0.0172929 0.0672454
FixedParameters: 0 0 0

#Transform 167
Transform: AffineTransform_float_3_3
Parameters: 0.999999 0.00143463 -0.000302036 -0.00143437 0.999997 0.00206643 0.000304965 -0.00206656 0.999998 -0.0999567 -0.0471564 0.0458175
FixedParameters: 0 0 0

#Transform 168
Transform: AffineTransform_float_3_3
Parameters: 0.999998 0.0013558 -0.000970102 -0.0013532 0.999995 0.00287832 0.000973898 -0.00287668 0.999996 -0.100114 -0.029483 0.0322482
FixedParameters: 0 0 0

#Transform 169
Transform: AffineTransform_float_3_3
Parameters: 0.999999 0.00155421 -0.000867044 -0.00155179 0.999995 0.00254835 0.000870958 -0.00254765 0.999997 -0.0957537 0.00812489 0.097818
FixedParameters: 0 0 0

#Transform 170
Transform: AffineTransform_float_3_3
Parameters: 0.999998 0.00171844 -0.000907391 -0.00171656 0.999995 0.00268456 0.000912611 -0.00268344 0.999996 -0.0980398 -0.0388938 0.176898
FixedParameters: 0 0 0

#Transform 171
Transform: AffineTransform_float_3_3
Parameters: 0.999999 0.0017787 -0.000339375 -0.00177831 0.999997 0.00203861 0.000342626 -0.00203839 0.999998 -0.10523 -0.0252489 0.149858
FixedParameters: 0 0 0

#Transform 172
Transform: AffineTransform_float_3_3
Parameters: 0.999999 0.00139815 -0.000580229 -0.00139685 0.999997 0.00198281 0.000582769 -0.00198119 0.999998 -0.0965547 0.00558593 0.175311
FixedParameters: 0 0 0

#Transform 173
Transform: AffineTransform_float_3_3
Parameters: 0.999999 0.00139808 -0.000521118 -0.00139692 0.999997 0.00206273 0.000523882 -0.00206227 0.999997 -0.0809357 0.0146987 0.190344
FixedParameters: 0 0 0

#Transform 174
Transform: AffineTransform_float_3_3
Parameters: 0.999998 0.00177939 -0.000599887 -0.00177861 0.999995 0.00231307 0.000604115 -0.00231193 0.999997 -0.0861917 -0.00743975 0.216466
FixedParameters: 0 0 0

#Transform 175
Transform: AffineTransform_float_3_3
Parameters: 0.999998 0.00158095 -0.000406322 -0.00158005 0.999996 0.00232765 0.000410679 -0.00232735 0.999997 -0.0922712 0.000376648 0.221824
FixedParameters: 0 0 0

#Transform 176
Transform: AffineTransform_float_3_3
Parameters: 0.999999 0.00139427 -0.000139348 -0.00139373 0.999997 0.0019022 0.000141651 -0.00190181 0.999998 -0.0905378 0.00973062 0.174048
FixedParameters: 0 0 0

#Transform 177
Transform: AffineTransform_float_3_3
Parameters: 0.999999 0.00177869 -0.000308036 -0.00177831 0.999996 0.00222955 0.000311966 -0.00222945 0.999998 -0.0894855 -0.0263457 0.218771
FixedParameters: 0 0 0

#Transform 178
Transform: AffineTransform_float_3_3
Parameters: 0.999999 0.00177813 -5.2841e-05 -0.00177787 0.999995 0.0023391 5.71603e-05 -0.0023399 0.999998 -0.0921962 -0.00492609 0.19281
FixedParameters: 0 0 0

#Transform 179
Transform: AffineTransform_float_3_3
Parameters: 0.999999 0.00177813 -5.28339e-05 -0.00177787 0.999995 0.0023431 5.71657e-05 -0.0023429 0.999998 -0.0922306 -0.0283124 0.206705
FixedParameters: 0 0 0

#Transform 180
Transform: AffineTransform_float_3_3
Parameters: 0.999999 0.00177813 -5.28464e-05 -0.00177787 0.999995 0.0023361 5.71532e-05 -0.0023359 0.999998 -0.0921935 0.00576395 0.214812
FixedParameters: 0 0 0

#Transform 181
Transform: AffineTransform_float_3_3
Parameters: 0.999999 0.00177813 -5.2761e-05 -0.00177787 0.999995 0.0023841 5.72385e-05 -0.0023839 0.999997 -0.102115 -0.0562088 0.188952
FixedParameters: 0 0 0

#Transform 182
Transform: AffineTransform_float_3_3
Parameters: 0.999999 0.00177812 -5.32944e-05 -0.00177788 0.999996 0.0020841 5.77052e-05 -0.0020839 0.999998 -0.10423 -0.0253634 0.195885
FixedParameters: 0 0 0

#Transform 183
Transform: AffineTransform_float_3_3
Parameters: 0.999999 0.00177856 -0.000235826 -0.00177844 0.999995 0.00234742 0.000240176 -0.00234758 0.999997 -0.0902563 -0.0118213 0.181886
FixedParameters: 0 0 0

#Transform 184
Transform: AffineTransform_float_3_3
Parameters: 0.999999 0.00177827 -0.00010448 -0.00177773 0.999995 0.00254219 0.000109519 -0.00254181 0.999997 -0.0917774 -0.0723103 0.18127
FixedParameters: 0 0 0

#Transform 185
Transform: AffineTransform_float_3_3
Parameters: 0.999998 0.00171441 -0.000198532 -0.00171359 0.999997 0.00202334 0.000202467 -0.00202266 0.999998 -0.0898227 -0.0344311 0.169752
FixedParameters: 0 0 0

#Transform 186
Transform: AffineTransform_float_3_3
Parameters: 0.999999 0.0017786 -0.000317671 -0.0017784 0.999996 0.00187257 0.000320331 -0.00187243 0.999998 -0.0893723 0.0260558 0.201777
FixedParameters: 0 0 0

#Transform 187
Transform: AffineTransform_float_3_3
Parameters: 0.999999 0.00177878 -0.000347011 -0.00177822 0.999996 0.00224362 0.000350991 -0.00224338 0.999998 -0.089193 -0.0588733 0.200268
FixedParameters: 0 0 0

#Transform 188
Transform: AffineTransform_float_3_3
Parameters: 0.999999 0.00177904 -0.000472083 -0.00177796 0.999996 0.00220284 0.000475918 -0.00220216 0.999998 -0.087777 -0.0418446 0.20083
FixedParameters: 0 0 0

#Transform 189
Transform: AffineTransform_float_3_3
