#Insight Transform File V1.0
#Transform 0
Transform: AffineTransform_float_3_3
Parameters: 0.999975 0.000515118 0.00702632 -0.000879867 0.998646 0.0520271 -0.00698969 -0.0520319 0.998621 0.0704679 0.966635 1.15199
FixedParameters: 0 0 0

#Transform 1
Transform: AffineTransform_float_3_3
Parameters: 0.999976 0.00026875 0.00684475 -0.000619211 0.998687 0.05122 -0.00682123 -0.051223 0.998664 0.105179 0.937242 1.07635
FixedParameters: 0 0 0

#Transform 2
Transform: AffineTransform_float_3_3
Parameters: 0.99998 0.000234871 0.00643482 -0.000568135 0.998657 0.0518164 -0.00641418 -0.0518196 0.998636 0.100836 0.951795 1.09162
FixedParameters: 0 0 0

#Transform 3
Transform: AffineTransform_float_3_3
Parameters: 0.999982 0.000268 0.00595694 -0.000587 0.998561 0.0536134 -0.00593406 -0.0536165 0.998544 0.0949103 0.980951 1.14119
FixedParameters: 0 0 0

#Transform 4
Transform: AffineTransform_float_3_3
Parameters: 0.999981 0.000401665 0.00618295 -0.000737339 0.998523 0.0543295 -0.00615202 -0.0543325 0.998504 0.0912566 0.967252 1.18765
FixedParameters: 0 0 0

#Transform 5
Transform: AffineTransform_float_3_3
Parameters: 0.999982 0.000380792 0.00589991 -0.00070521 0.998483 0.0550468 -0.00587008 -0.0550502 0.998467 0.0940934 0.992752 1.23304
FixedParameters: 0 0 0

#Transform 6
Transform: AffineTransform_float_3_3
Parameters: 0.999982 0.000508197 0.00585389 -0.00082981 0.998481 0.0551021 -0.00581711 -0.0551059 0.998463 0.0906135 0.991009 1.2241
FixedParameters: 0 0 0

#Transform 7
Transform: AffineTransform_float_3_3
Parameters: 0.999983 0.000444353 0.00592559 -0.000771671 0.998473 0.0552374 -0.00589237 -0.0552406 0.998455 0.0815327 0.985992 1.22553
FixedParameters: 0 0 0

#Transform 8
Transform: AffineTransform_float_3_3
Parameters: 0.999983 0.000491207 0.0057844 -0.000812773 0.998444 0.0557612 -0.00574762 -0.0557648 0.998428 0.0796175 1.00555 1.26426
FixedParameters: 0 0 0

#Transform 9
Transform: AffineTransform_float_3_3
Parameters: 0.999983 0.000170839 0.00582395 -0.000511158 0.99829 0.058455 -0.00580404 -0.058458 0.998273 0.0908801 1.02816 1.34029
FixedParameters: 0 0 0

#Transform 10
Transform: AffineTransform_float_3_3
Parameters: 0.999985 0.000589046 0.00545052 -0.000922983 0.998109 0.0614719 -0.00540448 -0.0614761 0.998094 0.119489 1.01769 1.4678
FixedParameters: 0 0 0

#Transform 11
Transform: AffineTransform_float_3_3
Parameters: 0.999986 0.000164262 0.00540517 -0.000198738 0.99998 0.00642702 -0.00540383 -0.00642798 0.999964 0.125252 0.187022 -0.186475
FixedParameters: 0 0 0

#Transform 12
Transform: AffineTransform_float_3_3
Parameters: 0.999993 -0.00049094 0.00374475 0.00048906 0.999999 0.000518835 -0.00374525 -0.000517165 0.999993 0.110323 -0.0871428 -0.145069
FixedParameters: 0 0 0

#Transform 13
Transform: AffineTransform_float_3_3
Parameters: 0.999993 -0.000507037 0.00372191 0.000498963 0.999997 0.00215987 -0.00372308 -0.00215813 0.99999 0.110737 0.0180282 -0.0814206
FixedParameters: 0 0 0

#Transform 14
Transform: AffineTransform_float_3_3
Parameters: 0.999992 -0.000299091 0.00403084 0.000282907 0.999992 0.00399217 -0.00403216 -0.00399083 0.999984 0.104801 0.150093 -0.0694379
FixedParameters: 0 0 0

#Transform 15
Transform: AffineTransform_float_3_3
Parameters: 0.999994 -0.000135916 0.00360724 0.000113088 0.999981 0.00607444 -0.00360776 -0.00607455 0.999975 0.116822 0.108687 -0.0261417
FixedParameters: 0 0 0

#Transform 16
Transform: AffineTransform_float_3_3
Parameters: 0.999996 -0.000658067 0.00294989 0.000610945 0.999873 0.0159289 -0.00295911 -0.0159261 0.999869 0.17116 0.473743 0.144573
FixedParameters: 0 0 0

#Transform 17
Transform: AffineTransform_float_3_3
Parameters: 0.999995 -0.000886992 0.00306616 0.000834012 0.999851 0.0172406 -0.00308083 -0.0172383 0.999846 0.190122 0.303985 0.489439
FixedParameters: 0 0 0

#Transform 18
Transform: AffineTransform_float_3_3
Parameters: 0.999997 -3.39723e-05 0.00221181 1.80262e-05 0.999974 0.00722105 -0.00221219 -0.00722094 0.999971 0.171459 0.137601 0.211637
FixedParameters: 0 0 0

#Transform 19
Transform: AffineTransform_float_3_3
Parameters: 0.999999 -1.88845e-05 -0.00129499 1.81155e-05 1 -0.000683024 0.00129501 0.000682976 0.999999 -0.0556786 0.0858584 -0.0539345
FixedParameters: 0 0 0

#Transform 20
Transform: AffineTransform_float_3_3
Parameters: 1 -0.000267817 0.00054209 0.000268183 1 -0.000337855 -0.000541909 0.000338145 1 0.0085023 0.010935 -0.0401018
FixedParameters: 0 0 0

#Transform 21
Transform: AffineTransform_float_3_3
Parameters: 1 0.000240014 0.000400992 -0.000239986 1 -3.50962e-05 -0.000401008 3.49038e-05 1 -0.00763976 0.118849 -0.0243317
FixedParameters: 0 0 0

#Transform 22
Transform: AffineTransform_float_3_3
Parameters: 1 -1.79899e-05 -4.30042e-05 1.80101e-05 1 0.000233999 4.29958e-05 -0.000234001 1 0.0182124 0.179 -0.0190341
FixedParameters: 0 0 0

#Transform 23
Transform: AffineTransform_float_3_3
Parameters: 1 0.000343942 0.000207096 -0.000344058 1 0.000279929 -0.000206904 -0.000280071 1 0.00757206 0.135776 -0.0342768
FixedParameters: 0 0 0

#Transform 24
Transform: AffineTransform_float_3_3
Parameters: 1 -1.80637e-05 6.19815e-05 1.79363e-05 1 0.001027 -6.20185e-05 -0.001027 1 0.0340775 0.126594 0.00051089
FixedParameters: 0 0 0

#Transform 25
Transform: AffineTransform_float_3_3
Parameters: 1 0.000729039 -0.000809491 -0.000724958 0.99998 0.00620759 0.000814517 -0.00620741 0.999981 -0.027035 0.212649 -0.0587624
FixedParameters: 0 0 0

#Transform 26
Transform: AffineTransform_float_3_3
Parameters: 0.999999 -0.000811954 0.000556148 0.000803048 0.999873 0.0159155 -0.000568853 -0.0159155 0.999873 0.0448402 0.345624 0.183325
FixedParameters: 0 0 0

#Transform 27
Transform: AffineTransform_float_3_3
Parameters: 1 0.00108088 -0.000479873 -0.00106714 0.999606 0.0280475 0.00050913 -0.0280465 0.999607 -0.0834283 0.179923 0.941501
FixedParameters: 0 0 0

#Transform 28
Transform: AffineTransform_float_3_3
Parameters: 0.999999 -0.000441374 -0.00141307 0.000486625 0.999473 0.0324534 0.00139794 -0.0324537 0.999473 0.0194007 0.527618 0.827958
FixedParameters: 0 0 0

#Transform 29
Transform: AffineTransform_float_3_3
Parameters: 1 0.000121397 0.000200798 -0.000128572 0.999266 0.038306 -0.000195218 -0.038306 0.999266 0.0558976 0.566332 1.39504
FixedParameters: 0 0 0

#Transform 30
Transform: AffineTransform_float_3_3
Parameters: 1 6.18111e-05 0.000627717 -8.51991e-05 0.999315 0.0370089 -0.000625275 -0.037009 0.999314 0.0786056 0.702543 1.2865
FixedParameters: 0 0 0

#Transform 31
Transform: AffineTransform_float_3_3
Parameters: 1 0.000495886 -4.01819e-05 -0.000494083 0.999278 0.0380071 5.98219e-05 -0.038007 0.999278 0.0644357 0.777942 1.22418
FixedParameters: 0 0 0

#Transform 32
Transform: AffineTransform_float_3_3
Parameters: 0.999988 0.00248147 -0.00423488 -0.00215652 0.997183 0.0749751 0.00440908 -0.074965 0.997177 -0.0407357 1.08526 2.87603
FixedParameters: 0 0 0

#Transform 33
Transform: AffineTransform_float_3_3
Parameters: 0.999987 0.00265194 -0.0042983 -0.00229699 0.996745 0.0805779 0.0044987 -0.0805661 0.996739 -0.0467075 0.906678 3.29795
FixedParameters: 0 0 0

#Transform 34
Transform: AffineTransform_float_3_3
Parameters: 0.99999 0.00261614 -0.00377262 -0.00229692 0.99661 0.0822475 0.00397437 -0.0822385 0.996605 -0.0333315 1.03787 3.39985
FixedParameters: 0 0 0

#Transform 35
Transform: AffineTransform_float_3_3
Parameters: 0.999989 0.00298186 -0.00357475 -0.0026792 0.996635 0.0819235 0.00380627 -0.0819136 0.996632 -0.0373448 0.941562 3.28857
FixedParameters: 0 0 0

#Transform 36
Transform: AffineTransform_float_3_3
Parameters: 0.99999 0.00288643 -0.00338762 -0.00259653 0.996562 0.0828116 0.00361543 -0.0828024 0.99656 -0.0368688 1.05394 3.41308
FixedParameters: 0 0 0

#Transform 37
Transform: AffineTransform_float_3_3
Parameters: 0.999995 0.00284879 -0.00118076 -0.00274019 0.996489 0.0836786 0.00141525 -0.0836744 0.996492 -0.0517144 0.906617 3.51986
FixedParameters: 0 0 0

#Transform 38
Transform: AffineTransform_float_3_3
Parameters: 0.999995 0.00151579 -0.00275452 -0.00128617 0.996665 0.081589 0.0028695 -0.0815851 0.996663 0.0376602 1.09628 3.42771
FixedParameters: 0 0 0

#Transform 39
Transform: AffineTransform_float_3_3
Parameters: 0.999992 0.00139484 -0.00376907 -0.00107316 0.996458 0.0840827 0.00387294 -0.0840773 0.996451 0.0386022 1.0832 3.51006
FixedParameters: 0 0 0

#Transform 40
Transform: AffineTransform_float_3_3
Parameters: 0.99999 0.00121608 -0.00429121 -0.000841934 0.996284 0.0861235 0.00437978 -0.0861186 0.996275 0.0427051 1.13432 3.51856
FixedParameters: 0 0 0

#Transform 41
Transform: AffineTransform_float_3_3
Parameters: 0.99999 0.00119624 -0.00445985 -0.00081575 0.996421 0.0845236 0.00454522 -0.0845195 0.996412 0.0264711 1.04047 3.33966
FixedParameters: 0 0 0

#Transform 42
Transform: AffineTransform_float_3_3
Parameters: 0.999986 0.00148959 -0.00495306 -0.00106241 0.99636 0.0852365 0.00506198 -0.0852306 0.996349 0.0162052 1.15405 3.31085
FixedParameters: 0 0 0

#Transform 43
Transform: AffineTransform_float_3_3
Parameters: 0.999986 0.0012738 -0.00513227 -0.000839225 0.996479 0.0838465 0.00522075 -0.0838406 0.996466 0.0222094 0.948467 3.27798
FixedParameters: 0 0 0

#Transform 44
Transform: AffineTransform_float_3_3
Parameters: 0.999985 0.00149412 -0.00514985 -0.00106186 0.996556 0.0829147 0.00525614 -0.0829074 0.996544 0.00911735 1.07436 3.28738
FixedParameters: 0 0 0

#Transform 45
Transform: AffineTransform_float_3_3
Parameters: 0.999982 0.0019421 -0.00556461 -0.00147187 0.996526 0.0832716 0.00570738 -0.0832624 0.996512 -0.0149323 1.10605 3.32727
FixedParameters: 0 0 0

#Transform 46
Transform: AffineTransform_float_3_3
Parameters: 0.999981 0.00187787 -0.00585643 -0.00137708 0.996432 0.0843857 0.00599458 -0.0843754 0.996416 -0.0114046 1.00183 3.36848
FixedParameters: 0 0 0

#Transform 47
Transform: AffineTransform_float_3_3
Parameters: 0.999981 0.00169582 -0.00582914 -0.0012102 0.996602 0.0823576 0.00594887 -0.0823494 0.996586 -0.0198452 1.08983 3.31068
FixedParameters: 0 0 0

#Transform 48
Transform: AffineTransform_float_3_3
Parameters: 0.999984 0.00152003 -0.005473 -0.00106197 0.99657 0.0827391 0.00558 -0.0827318 0.996556 -0.0135328 1.05911 3.34574
FixedParameters: 0 0 0

#Transform 49
Transform: AffineTransform_float_3_3
Parameters: 0.999983 0.00217629 -0.00540102 -0.00172771 0.996644 0.0818387 0.00556104 -0.0818283 0.996631 -0.0435214 1.02666 3.23421
FixedParameters: 0 0 0

#Transform 50
Transform: AffineTransform_float_3_3
Parameters: 0.999999 -0.000598996 -0.000508948 0.000604004 0.999951 0.00988869 0.000503051 -0.0098893 0.999951 0.114538 0.222316 0.636106
FixedParameters: 0 0 0

#Transform 51
Transform: AffineTransform_float_3_3
Parameters: 0.999998 0.00109269 -0.00154271 -0.0010623 0.999804 0.0197577 0.00156429 -0.0197563 0.999803 -0.00354322 0.312952 0.622459
FixedParameters: 0 0 0

#Transform 52
Transform: AffineTransform_float_3_3
Parameters: 0.999997 0.00113695 -0.00212354 -0.00106203 0.999388 0.0349704 0.00216246 -0.0349676 0.999386 -0.0314276 0.336445 1.73468
FixedParameters: 0 0 0

#Transform 53
Transform: AffineTransform_float_3_3
Parameters: 0.999995 0.00140932 -0.00308393 -0.00129867 0.99937 0.0354882 0.00313206 -0.0354838 0.999366 -0.0454265 0.531977 1.63817
FixedParameters: 0 0 0

#Transform 54
Transform: AffineTransform_float_3_3
Parameters: 0.999995 0.00166755 -0.00263958 -0.00157347 0.999371 0.0354263 0.00269643 -0.0354217 0.999369 -0.0535503 0.557681 1.6302
FixedParameters: 0 0 0

#Transform 55
Transform: AffineTransform_float_3_3
Parameters: 0.999994 0.00162054 -0.002901 -0.00151346 0.999337 0.0363566 0.00295797 -0.0363524 0.999334 -0.0727236 0.668839 1.54588
FixedParameters: 0 0 0

#Transform 56
Transform: AffineTransform_float_3_3
Parameters: 0.99999 0.00441015 -0.00127069 -0.00433284 0.998456 0.0553881 0.0015133 -0.0553829 0.998464 -0.266367 1.08257 1.75796
FixedParameters: 0 0 0

#Transform 57
Transform: AffineTransform_float_3_3
Parameters: 0.999992 0.00146976 -0.00370562 -0.00123627 0.998056 0.062315 0.0037894 -0.0623099 0.998049 0.0611729 0.54433 0.852678
FixedParameters: 0 0 0

#Transform 58
Transform: AffineTransform_float_3_3
Parameters: 0.999993 0.00308416 0.00221526 -0.00323882 0.997277 0.0736763 -0.00198175 -0.0736826 0.99728 0.137714 0.569009 1.22014
FixedParameters: 0 0 0

#Transform 59
Transform: AffineTransform_float_3_3
Parameters: 0.999997 0.0019932 0.000987169 -0.00206687 0.996772 0.0802642 -0.000824763 -0.0802659 0.996773 0.143977 0.852184 2.00385
FixedParameters: 0 0 0

#Transform 60
Transform: AffineTransform_float_3_3
Parameters: 0.999957 0.00364323 0.00844616 -0.00433076 0.996548 0.0828969 -0.00811486 -0.0829301 0.996523 -0.0810749 1.38884 2.40291
FixedParameters: 0 0 0

#Transform 61
Transform: AffineTransform_float_3_3
Parameters: 0.99998 0.0043921 0.00443213 -0.00470789 0.997249 0.0739816 -0.00409487 -0.0740014 0.997249 -0.121665 1.25708 2.44907
FixedParameters: 0 0 0

#Transform 62
Transform: AffineTransform_float_3_3
Parameters: 0.999996 0.00255135 0.000157601 -0.00255568 0.997215 0.0745338 3.25762e-05 -0.0745341 0.997218 -0.0954591 0.782908 2.74767
FixedParameters: 0 0 0

#Transform 63
Transform: AffineTransform_float_3_3
Parameters: 0.999997 0.00210748 0.00160799 -0.00222552 0.997031 0.0769707 -0.00144097 -0.0769733 0.997032 -0.0377491 0.964984 2.78251
FixedParameters: 0 0 0

#Transform 64
Transform: AffineTransform_float_3_3
Parameters: 0.999982 3.45184e-06 0.00602156 -0.000321571 0.998609 0.0527351 -0.00601341 -0.052736 0.998591 0.0500382 0.580129 2.65539
FixedParameters: 0 0 0

#Transform 65
Transform: AffineTransform_float_3_3
Parameters: 0.999978 -0.000884491 0.00659031 0.000602524 0.999093 0.0425929 -0.00662167 -0.0425881 0.999071 0.148093 0.168699 2.96792
FixedParameters: 0 0 0

#Transform 66
Transform: AffineTransform_float_3_3
Parameters: 0.999982 -0.000900135 0.00592504 0.000646863 0.999092 0.0425876 -0.00595795 -0.0425824 0.999075 0.132187 0.391589 2.99386
FixedParameters: 0 0 0

#Transform 67
Transform: AffineTransform_float_3_3
Parameters: 0.999983 -0.000470418 0.0059192 0.00021459 0.999065 0.043246 -0.00593383 -0.043244 0.999047 0.112454 0.42179 3.00836
FixedParameters: 0 0 0

#Transform 68
Transform: AffineTransform_float_3_3
Parameters: 0.999966 0.00265789 0.00778718 -0.00312209 0.998181 0.0602057 -0.00761281 -0.0602283 0.998155 -0.0377549 0.671418 3.25933
FixedParameters: 0 0 0

#Transform 69
Transform: AffineTransform_float_3_3
Parameters: 0.999983 0.00179039 0.00564592 -0.00214962 0.997926 0.064345 -0.00551911 -0.064356 0.997911 0.0181448 0.765124 3.28016
FixedParameters: 0 0 0

#Transform 70
Transform: AffineTransform_float_3_3
Parameters: 0.999975 0.00371954 0.00604402 -0.00407445 0.998206 0.0597329 -0.00581095 -0.0597561 0.998196 -0.0836804 0.672855 3.13584
FixedParameters: 0 0 0

#Transform 71
Transform: AffineTransform_float_3_3
Parameters: 0.999981 0.00441962 0.00414856 -0.00465834 0.998227 0.0593277 -0.00387842 -0.0593452 0.99823 -0.163853 0.584893 3.22379
FixedParameters: 0 0 0

#Transform 72
Transform: AffineTransform_float_3_3
Parameters: 0.99999 0.00340875 0.00267886 -0.00356325 0.9982 0.059857 -0.00247013 -0.059866 0.998204 -0.102381 0.708672 3.33261
FixedParameters: 0 0 0

#Transform 73
Transform: AffineTransform_float_3_3
Parameters: 0.999988 0.00305369 0.00384072 -0.00331926 0.997445 0.0713591 -0.00361233 -0.0713709 0.997444 -0.101039 0.892427 3.30218
FixedParameters: 0 0 0

#Transform 74
Transform: AffineTransform_float_3_3
Parameters: 0.999979 0.00479418 0.00450429 -0.0051088 0.997359 0.0724596 -0.00414466 -0.0724815 0.997361 -0.163124 0.686822 3.34906
FixedParameters: 0 0 0

#Transform 75
Transform: AffineTransform_float_3_3
Parameters: 0.99997 0.0055688 0.00548193 -0.00594221 0.997487 0.0705986 -0.00507507 -0.0706284 0.99749 -0.142036 0.679912 2.90123
FixedParameters: 0 0 0

#Transform 76
Transform: AffineTransform_float_3_3
Parameters: 0.999978 0.00405854 0.00535513 -0.00443645 0.997346 0.0726649 -0.00504592 -0.0726871 0.997342 -0.120528 0.734047 3.52828
FixedParameters: 0 0 0

#Transform 77
Transform: AffineTransform_float_3_3
Parameters: 0.999968 0.00445862 0.00655963 -0.00493933 0.997161 0.0751389 -0.00620533 -0.075169 0.997151 -0.142802 0.747847 3.67601
FixedParameters: 0 0 0

#Transform 78
Transform: AffineTransform_float_3_3
Parameters: 0.999978 0.00315014 0.00571744 -0.00356089 0.997301 0.0733332 -0.00547156 -0.0733528 0.997291 -0.0524616 0.729304 3.63337
FixedParameters: 0 0 0

#Transform 79
Transform: AffineTransform_float_3_3
Parameters: 0.999988 0.00285307 0.0039695 -0.00313589 0.997312 0.0731974 -0.0037495 -0.0732095 0.997309 -0.0189286 0.822986 3.62378
FixedParameters: 0 0 0

#Transform 80
Transform: AffineTransform_float_3_3
Parameters: 0.999985 0.0026331 0.00479398 -0.0029759 0.997328 0.0729848 -0.00458902 -0.0729981 0.997321 -0.0295383 0.803724 3.6673
FixedParameters: 0 0 0

#Transform 81
Transform: AffineTransform_float_3_3
Parameters: 0.999987 0.00252114 0.00441212 -0.00283184 0.997422 0.0716924 -0.00421982 -0.0717045 0.997417 -0.0237885 0.859059 3.68485
FixedParameters: 0 0 0

#Transform 82
Transform: AffineTransform_float_3_3
Parameters: 0.999988 0.00269459 0.00405575 -0.00297636 0.997467 0.0710597 -0.00385322 -0.0710712 0.997464 -0.0343969 0.897236 3.60715
FixedParameters: 0 0 0

#Transform 83
Transform: AffineTransform_float_3_3
Parameters: 0.999986 0.0026692 0.00451793 -0.00297581 0.99759 0.0693225 -0.00432209 -0.0693355 0.997584 -0.0311709 0.809613 3.51457
FixedParameters: 0 0 0

#Transform 84
Transform: AffineTransform_float_3_3
Parameters: 0.999986 0.00267128 0.00456169 -0.00297574 0.997671 0.0681544 -0.00436933 -0.0681677 0.997665 -0.030589 0.79077 3.5965
FixedParameters: 0 0 0

#Transform 85
Transform: AffineTransform_float_3_3
Parameters: 0.999987 0.00268531 0.00436382 -0.0029757 0.997678 0.0680329 -0.0041712 -0.068045 0.997673 -0.0342661 0.791826 3.62227
FixedParameters: 0 0 0

#Transform 86
Transform: AffineTransform_float_3_3
Parameters: 0.999986 0.00253669 0.00461478 -0.00284433 0.997691 0.0678538 -0.0044322 -0.0678662 0.997684 -0.0294311 0.769516 3.64538
FixedParameters: 0 0 0

#Transform 87
Transform: AffineTransform_float_3_3
Parameters: 0.999988 0.00269702 0.00422466 -0.002976 0.997716 0.0674853 -0.00403334 -0.0674977 0.997712 -0.0378906 0.73724 3.64093
FixedParameters: 0 0 0

#Transform 88
Transform: AffineTransform_float_3_3
Parameters: 0.999987 0.00290525 0.00435402 -0.00318575 0.99782 0.0659251 -0.004153 -0.065938 0.997815 -0.0440377 0.746829 3.57306
FixedParameters: 0 0 0

#Transform 89
Transform: AffineTransform_float_3_3
Parameters: 0.999987 0.0031571 0.00396718 -0.00342088 0.997654 0.0683753 -0.00374183 -0.0683887 0.997652 -0.0556195 0.76731 3.65072
FixedParameters: 0 0 0

#Transform 90
Transform: AffineTransform_float_3_3
Parameters: 0.999989 0.00317579 0.00362635 -0.00342026 0.997559 0.0697464 -0.0033967 -0.0697576 0.997558 -0.0593753 0.776476 3.73526
FixedParameters: 0 0 0

#Transform 91
Transform: AffineTransform_float_3_3
Parameters: 0.999986 0.00313439 0.00431168 -0.00342063 0.997668 0.0681572 -0.00408834 -0.0681708 0.997666 -0.0668309 0.732834 3.6753
FixedParameters: 0 0 0

#Transform 92
Transform: AffineTransform_float_3_3
Parameters: 0.999988 0.00318002 0.00359266 -0.003421 0.997598 0.0691915 -0.00336434 -0.0692035 0.997597 -0.0673004 0.76378 3.74275
FixedParameters: 0 0 0

#Transform 93
Transform: AffineTransform_float_3_3
Parameters: 0.999988 0.00315067 0.00391206 -0.00342033 0.997461 0.0711355 -0.00367799 -0.0711485 0.997459 -0.072389 0.756325 3.85618
FixedParameters: 0 0 0

#Transform 94
Transform: AffineTransform_float_3_3
Parameters: 0.999988 0.00316691 0.00367901 -0.00342109 0.997453 0.0712472 -0.00344399 -0.0712587 0.997452 -0.0767977 0.787406 3.90312
FixedParameters: 0 0 0

#Transform 95
Transform: AffineTransform_float_3_3
Parameters: 0.999989 0.00317995 0.00348714 -0.00342104 0.997438 0.0714509 -0.00325085 -0.0714622 0.997438 -0.0711873 0.840724 3.89984
FixedParameters: 0 0 0

#Transform 96
Transform: AffineTransform_float_3_3
Parameters: 0.999995 0.00227804 0.00217354 -0.00243099 0.997315 0.0731811 -0.00200146 -0.0731859 0.997317 -0.0114958 1.0146 3.56385
FixedParameters: 0 0 0

#Transform 97
Transform: AffineTransform_float_3_3
Parameters: 0.999979 0.00350081 0.00535479 -0.0039202 0.996756 0.0803877 -0.00505619 -0.0804074 0.99675 0.0409674 1.14618 3.80606
FixedParameters: 0 0 0

#Transform 98
Transform: AffineTransform_float_3_3
Parameters: 0.99998 0.00347816 0.00524474 -0.00390886 0.996415 0.0845092 -0.00493228 -0.0845278 0.996409 0.165219 1.33839 3.78531
FixedParameters: 0 0 0

#Transform 99
Transform: AffineTransform_float_3_3
Parameters: 0.999984 0.00275687 0.0049213 -0.0031611 0.996452 0.0840957 -0.00467169 -0.0841092 0.996445 0.183124 0.654194 4.07892
FixedParameters: 0 0 0

#Transform 100
Transform: AffineTransform_float_3_3
Parameters: 0.999987 0.00253343 0.00454116 -0.00288656 0.996821 0.0796239 -0.00432488 -0.079636 0.996814 0.138919 0.601253 3.90044
FixedParameters: 0 0 0

#Transform 101
Transform: AffineTransform_float_3_3
Parameters: 0.999994 0.00117296 0.00327442 -0.00141808 0.997117 0.0758638 -0.00317657 -0.0758682 0.997113 0.171557 0.802536 3.88153
FixedParameters: 0 0 0

#Transform 102
Transform: AffineTransform_float_3_3
Parameters: 0.999988 0.00174723 0.00472173 -0.0021338 0.996532 0.083191 -0.00456029 -0.0832 0.996522 0.156462 0.944295 3.79951
FixedParameters: 0 0 0

#Transform 103
Transform: AffineTransform_float_3_3
Parameters: 0.999998 0.000546059 0.00213774 -0.000735965 0.995952 0.0898846 -0.00208027 -0.0898863 0.99595 0.60046 1.42209 2.81656
FixedParameters: 0 0 0

#Transform 104
Transform: AffineTransform_float_3_3
Parameters: 0.999991 0.00339222 -0.00260169 -0.00316284 0.996499 0.0835501 0.00287529 -0.0835411 0.9965 0.247162 0.813855 1.71826
FixedParameters: 0 0 0

#Transform 105
Transform: AffineTransform_float_3_3
Parameters: 0.999979 0.00620765 -0.00176748 -0.0060223 0.995908 0.0901715 0.00232046 -0.0901594 0.995924 0.0203562 1.38984 2.22325
FixedParameters: 0 0 0

#Transform 106
Transform: AffineTransform_float_3_3
Parameters: 0.999987 0.00418247 -0.00310541 -0.00388757 0.995985 0.0894343 0.00346655 -0.0894217 0.995988 -0.0688947 1.17756 2.593
FixedParameters: 0 0 0

#Transform 107
Transform: AffineTransform_float_3_3
Parameters: 0.999993 0.00358723 -0.00122213 -0.00346778 0.996241 0.0865478 0.00152785 -0.0865431 0.996247 -0.0100979 1.05794 2.77212
FixedParameters: 0 0 0

#Transform 108
Transform: AffineTransform_float_3_3
Parameters: 0.999991 0.00415817 0.00108097 -0.00423183 0.996712 0.0809062 -0.000741035 -0.0809108 0.996721 -0.0199312 0.982007 2.7685
FixedParameters: 0 0 0

#Transform 109
Transform: AffineTransform_float_3_3
Parameters: 0.999987 0.00480882 0.00207814 -0.00496518 0.996474 0.0837639 -0.00166794 -0.0837732 0.996484 -0.0412355 1.2341 2.86738
FixedParameters: 0 0 0

#Transform 110
Transform: AffineTransform_float_3_3
Parameters: 0.999959 0.0063925 0.00644829 -0.00692848 0.99619 0.0869329 -0.00586776 -0.0869741 0.996194 -0.151123 1.14387 2.88009
FixedParameters: 0 0 0

#Transform 111
Transform: AffineTransform_float_3_3
Parameters: 0.999966 0.00735534 0.00369229 -0.00767173 0.995476 0.0947048 -0.00297974 -0.0947301 0.995498 -0.124996 1.0269 3.17102
FixedParameters: 0 0 0

#Transform 112
Transform: AffineTransform_float_3_3
Parameters: 0.999968 0.00328917 0.00729408 -0.00394883 0.995717 0.0923761 -0.00695893 -0.0924018 0.995697 0.104111 1.2002 2.90114
FixedParameters: 0 0 0

#Transform 113
Transform: AffineTransform_float_3_3
Parameters: 0.999995 0.00182463 0.00231437 -0.00195141 0.998413 0.0562827 -0.00220867 -0.0562873 0.998412 0.20632 0.571864 2.91706
FixedParameters: 0 0 0

#Transform 114
Transform: AffineTransform_float_3_3
Parameters: 0.999998 0.00142139 0.00178971 -0.00150462 0.998864 0.0476144 -0.00172031 -0.0476166 0.998864 0.221334 0.207551 3.41952
FixedParameters: 0 0 0

#Transform 115
Transform: AffineTransform_float_3_3
Parameters: 0.999994 0.00165695 0.00281327 -0.00181203 0.998427 0.0560362 -0.00271572 -0.0560408 0.998425 0.250222 0.57996 3.78258
FixedParameters: 0 0 0

#Transform 116
Transform: AffineTransform_float_3_3
Parameters: 0.999996 0.00302025 -0.000369313 -0.00298377 0.997046 0.0767414 0.000599745 -0.0767395 0.997051 0.164504 0.781076 4.3324
FixedParameters: 0 0 0

#Transform 117
Transform: AffineTransform_float_3_3
Parameters: 0.999974 0.00711262 0.000168561 -0.00709833 0.995741 0.0919271 0.000486599 -0.0919269 0.995765 -0.0907018 1.16388 4.85282
FixedParameters: 0 0 0

#Transform 118
Transform: AffineTransform_float_3_3
Parameters: 0.999974 0.00720904 0.000536801 -0.00722798 0.995843 0.0907985 0.000119802 -0.0908005 0.995869 -0.0897117 1.04318 4.83321
FixedParameters: 0 0 0

#Transform 119
Transform: AffineTransform_float_3_3
Parameters: 0.999973 0.0073086 0.000722723 -0.00734342 0.995902 0.0901351 -6.13313e-05 -0.0901379 0.99593 -0.0985029 1.05818 4.7717
FixedParameters: 0 0 0

#Transform 120
Transform: AffineTransform_float_3_3
Parameters: 0.999973 0.00736195 0.000405188 -0.00736803 0.99573 0.0920215 0.000274188 -0.0920215 0.995757 -0.10108 1.22307 4.32972
FixedParameters: 0 0 0

#Transform 121
Transform: AffineTransform_float_3_3
Parameters: 0.999983 0.00565057 0.000775951 -0.00569844 0.99535 0.0961571 -0.000229104 -0.0961598 0.995366 -0.0321351 1.24834 4.75963
FixedParameters: 0 0 0

#Transform 122
Transform: AffineTransform_float_3_3
Parameters: 0.999983 0.00569869 0.00028038 -0.00569937 0.995264 0.097049 0.000273413 -0.097049 0.995279 -0.0404443 1.09612 4.94588
FixedParameters: 0 0 0

#Transform 123
Transform: AffineTransform_float_3_3
Parameters: 0.999988 0.00499146 -0.00043289 -0.00492563 0.995173 0.0980073 0.000919166 -0.0980036 0.995185 -0.00656889 1.12219 5.05189
FixedParameters: 0 0 0

#Transform 124
Transform: AffineTransform_float_3_3
Parameters: 0.999987 0.00507956 -0.000575791 -0.00499842 0.995111 0.0986351 0.00107425 -0.0986308 0.995123 -0.00912266 1.26406 5.00582
FixedParameters: 0 0 0

#Transform 125
Transform: AffineTransform_float_3_3
Parameters: 0.999976 0.00543622 -0.00426385 -0.00499777 0.995292 0.0968006 0.00477013 -0.0967764 0.995294 -0.0110604 1.33799 4.66346
FixedParameters: 0 0 0

#Transform 126
Transform: AffineTransform_float_3_3
Parameters: 0.999975 0.00697899 0.000294833 -0.00697302 0.994841 0.101205 0.000412831 -0.101205 0.994865 -0.0946091 1.41771 4.64054
FixedParameters: 0 0 0

#Transform 127
Transform: AffineTransform_float_3_3
Parameters: 0.999969 0.00767322 0.00200362 -0.00783173 0.995206 0.0974844 -0.0012454 -0.0974976 0.995235 -0.134337 1.13519 4.48902
FixedParameters: 0 0 0

#Transform 128
Transform: AffineTransform_float_3_3
Parameters: 0.999978 0.00654757 0.00148313 -0.00665842 0.995549 0.0940083 -0.000860836 -0.0940158 0.995571 -0.0895787 1.03196 4.50839
FixedParameters: 0 0 0

#Transform 129
Transform: AffineTransform_float_3_3
Parameters: 0.999987 0.00499931 0.00112918 -0.00508067 0.995882 0.0905185 -0.000671851 -0.0905225 0.995894 0.00317243 1.06007 4.13257
FixedParameters: 0 0 0

#Transform 130
Transform: AffineTransform_float_3_3
Parameters: 0.999986 0.00514552 0.00158295 -0.00527249 0.995519 0.0944221 -0.00109001 -0.094429 0.995531 -0.0118014 1.17051 4.27221
FixedParameters: 0 0 0

#Transform 131
Transform: AffineTransform_float_3_3
Parameters: 0.999979 0.00615059 0.00196318 -0.0063114 0.995337 0.0962546 -0.00136179 -0.0962643 0.995355 -0.0784141 1.12385 4.58972
FixedParameters: 0 0 0

#Transform 132
Transform: AffineTransform_float_3_3
Parameters: 0.999978 0.00608576 0.00257563 -0.00631118 0.99506 0.0990689 -0.00195935 -0.0990831 0.995077 -0.0845772 1.07826 4.74976
FixedParameters: 0 0 0

#Transform 133
Transform: AffineTransform_float_3_3
Parameters: 0.999991 0.00409725 0.00118821 -0.00418973 0.995657 0.0930009 -0.00080182 -0.0930042 0.995666 0.0916313 1.19854 4.36286
FixedParameters: 0 0 0

#Transform 134
Transform: AffineTransform_float_3_3
Parameters: 0.999997 0.00259377 -0.000848966 -0.00255723 0.999166 0.0407683 0.000954044 -0.0407657 0.999169 -0.168799 1.0818 1.38216
FixedParameters: 0 0 0

#Transform 135
Transform: AffineTransform_float_3_3
Parameters: 0.999991 0.00313738 0.00258853 -0.00321964 0.999464 0.0325569 -0.00248548 -0.032565 0.999466 -0.00646221 0.401397 1.53074
FixedParameters: 0 0 0

#Transform 136
Transform: AffineTransform_float_3_3
Parameters: 0.999979 0.00607386 0.00223108 -0.00615913 0.999165 0.0403721 -0.00198392 -0.0403849 0.999182 -0.123464 0.50129 2.2167
FixedParameters: 0 0 0

#Transform 137
Transform: AffineTransform_float_3_3
Parameters: 0.99998 0.00596171 0.00203225 -0.00604228 0.999071 0.0426666 -0.00177578 -0.0426775 0.999088 -0.121396 0.645912 2.31773
FixedParameters: 0 0 0

#Transform 138
Transform: AffineTransform_float_3_3
Parameters: 0.999982 0.00565446 0.00164058 -0.00571956 0.999052 0.0431554 -0.00139545 -0.0431636 0.999067 -0.101202 0.573629 2.46824
FixedParameters: 0 0 0

#Transform 139
Transform: AffineTransform_float_3_3
Parameters: 0.99998 0.00585395 0.00247127 -0.00597004 0.998736 0.0499053 -0.00217573 -0.0499187 0.998751 -0.135776 0.690973 2.6484
FixedParameters: 0 0 0

#Transform 140
Transform: AffineTransform_float_3_3
Parameters: 0.999971 0.00627342 0.00416655 -0.00650259 0.998334 0.0573225 -0.00380042 -0.0573474 0.998347 -0.155378 0.77802 3.02862
FixedParameters: 0 0 0

#Transform 141
Transform: AffineTransform_float_3_3
Parameters: 0.999983 0.00535349 0.00198074 -0.00546553 0.998062 0.0619972 -0.00164529 -0.0620069 0.998075 -0.109941 0.749843 3.3619
FixedParameters: 0 0 0

#Transform 142
Transform: AffineTransform_float_3_3
Parameters: 0.999983 0.00590783 -0.000688418 -0.0058482 0.997709 0.0673952 0.00108459 -0.0673898 0.997726 -0.176968 0.907556 3.65269
FixedParameters: 0 0 0

#Transform 143
Transform: AffineTransform_float_3_3
Parameters: 0.999982 0.00597007 -0.000266384 -0.00593896 0.997756 0.0667018 0.000663614 -0.0666992 0.997773 -0.177897 0.97273 3.58625
FixedParameters: 0 0 0

#Transform 144
Transform: AffineTransform_float_3_3
Parameters: 0.999982 0.00606669 -0.000781982 -0.00600031 0.997753 0.0667209 0.00118497 -0.0667151 0.997772 -0.180362 0.903452 3.59439
FixedParameters: 0 0 0

#Transform 145
Transform: AffineTransform_float_3_3
Parameters: 0.999981 0.00602829 -0.00116164 -0.00593974 0.997823 0.0656721 0.00155442 -0.0656648 0.99784 -0.164187 0.886229 3.60847
FixedParameters: 0 0 0

#Transform 146
Transform: AffineTransform_float_3_3
Parameters: 0.999982 0.00599062 -0.000558192 -0.00593939 0.997682 0.0677895 0.000962836 -0.0677854 0.997699 -0.158311 0.89689 3.65232
FixedParameters: 0 0 0

#Transform 147
Transform: AffineTransform_float_3_3
Parameters: 0.999982 0.00602825 -0.000268098 -0.00599576 0.997661 0.0681009 0.000677886 -0.0680982 0.997679 -0.161753 0.853066 3.72554
FixedParameters: 0 0 0

#Transform 148
Transform: AffineTransform_float_3_3
Parameters: 0.999981 0.00610426 -0.000813973 -0.00603474 0.997623 0.0686342 0.00123108 -0.0686277 0.997641 -0.157955 0.891293 3.75214
FixedParameters: 0 0 0

#Transform 149
Transform: AffineTransform_float_3_3
Parameters: 0.999982 0.00610015 -0.000165972 -0.00607586 0.997815 0.0658002 0.000567017 -0.0657978 0.997833 -0.159765 0.872802 3.59763
FixedParameters: 0 0 0

#Transform 150
Transform: AffineTransform_float_3_3
Parameters: 0.999984 0.00527955 -0.00198337 -0.0051314 0.997629 0.0686293 0.00234166 -0.0686178 0.997641 -0.108629 0.837859 3.6993
FixedParameters: 0 0 0

#Transform 151
Transform: AffineTransform_float_3_3
Parameters: 0.999909 0.00843693 -0.0104712 -0.00736509 0.995111 0.098493 0.0112508 -0.098407 0.995082 -0.245939 0.990769 5.47149
FixedParameters: 0 0 0

#Transform 152
Transform: AffineTransform_float_3_3
Parameters: 0.999888 0.00931578 -0.011762 -0.00797423 0.993969 0.109376 0.01271 -0.10927 0.993931 -0.304951 1.10782 6.12042
FixedParameters: 0 0 0

#Transform 153
Transform: AffineTransform_float_3_3
Parameters: 0.999892 0.00939769 -0.0112374 -0.00811834 0.994014 0.10895 0.0121936 -0.108847 0.993983 -0.312692 1.12162 6.02749
FixedParameters: 0 0 0

#Transform 154
Transform: AffineTransform_float_3_3
Parameters: 0.999893 0.00966795 -0.010958 -0.00843505 0.994174 0.107458 0.0119331 -0.107354 0.994149 -0.318589 1.21749 6.00742
FixedParameters: 0 0 0

#Transform 155
Transform: AffineTransform_float_3_3
Parameters: 0.999897 0.00957392 -0.0106913 -0.00838812 0.994338 0.105934 0.0116447 -0.105833 0.994315 -0.305267 1.20089 5.84587
FixedParameters: 0 0 0

#Transform 156
Transform: AffineTransform_float_3_3
Parameters: 0.999899 0.0096284 -0.0103876 -0.00849356 0.994519 0.104209 0.0113344 -0.10411 0.994501 -0.325621 1.19082 5.70135
FixedParameters: 0 0 0

#Transform 157
Transform: AffineTransform_float_3_3
Parameters: 0.999905 0.0098464 -0.00970377 -0.00878359 0.994536 0.104024 0.0106752 -0.10393 0.994528 -0.329647 1.13808 5.76798
FixedParameters: 0 0 0

#Transform 158
Transform: AffineTransform_float_3_3
Parameters: 0.999904 0.00992001 -0.00974144 -0.00887395 0.994735 0.102102 0.0107036 -0.102007 0.994726 -0.322369 1.13837 5.71898
FixedParameters: 0 0 0

#Transform 159
Transform: AffineTransform_float_3_3
Parameters: 0.999907 0.00979902 -0.00954985 -0.00878997 0.994898 0.100508 0.0104862 -0.100415 0.994891 -0.319513 1.14443 5.67766
FixedParameters: 0 0 0

#Transform 160
Transform: AffineTransform_float_3_3
Parameters: 0.999905 0.00961651 -0.00980329 -0.00857951 0.994862 0.100876 0.0107228 -0.100782 0.99485 -0.309265 1.15115 5.67082
FixedParameters: 0 0 0

#Transform 161
Transform: AffineTransform_float_3_3
Parameters: 0.999906 0.00977186 -0.00960024 -0.00875608 0.99488 0.100689 0.0105358 -0.100595 0.994871 -0.313259 1.15095 5.63805
FixedParameters: 0 0 0

#Transform 162
Transform: AffineTransform_float_3_3
Parameters: 0.999909 0.00958511 -0.00949812 -0.00857991 0.994877 0.100734 0.0104149 -0.100642 0.994868 -0.3173 1.09722 5.66228
FixedParameters: 0 0 0

#Transform 163
Transform: AffineTransform_float_3_3
Parameters: 0.999908 0.00961135 -0.00950401 -0.00859366 0.994765 0.101832 0.0104329 -0.101741 0.994756 -0.322435 1.19369 5.78031
FixedParameters: 0 0 0

#Transform 164
Transform: AffineTransform_float_3_3
Parameters: 0.999943 0.00872283 -0.00615505 -0.00804418 0.994669 0.102806 0.00701897 -0.102752 0.994683 -0.280672 1.16291 5.54739
FixedParameters: 0 0 0

#Transform 165
Transform: AffineTransform_float_3_3
Parameters: 0.999965 0.0081389 -0.00222007 -0.00786612 0.994618 0.103316 0.00304894 -0.103295 0.994646 -0.220101 1.26149 5.02266
FixedParameters: 0 0 0

#Transform 166
Transform: AffineTransform_float_3_3
Parameters: 0.999979 0.00636981 -0.00159798 -0.00617319 0.994737 0.102269 0.00224105 -0.102257 0.994756 -0.136947 1.14878 4.99724
FixedParameters: 0 0 0

#Transform 167
Transform: AffineTransform_float_3_3
Parameters: 0.999983 0.00547496 -0.00211753 -0.00523809 0.995057 0.0991669 0.00264948 -0.0991543 0.995069 -0.0740424 1.23466 4.93411
FixedParameters: 0 0 0

#Transform 168
Transform: AffineTransform_float_3_3
Parameters: 0.999981 0.00607352 -0.000899005 -0.00594648 0.994485 0.104709 0.00153005 -0.104702 0.994503 -0.0507433 1.45427 5.19963
FixedParameters: 0 0 0

#Transform 169
Transform: AffineTransform_float_3_3
Parameters: 0.999952 0.00654823 -0.00730959 -0.00554885 0.991586 0.129336 0.00809452 -0.129289 0.991574 -0.0970207 1.74213 6.22981
FixedParameters: 0 0 0

#Transform 170
Transform: AffineTransform_float_3_3
Parameters: 0.999944 0.00767706 -0.0072671 -0.00660697 0.990511 0.137273 0.00825189 -0.137217 0.990506 -0.294641 1.70479 6.71359
FixedParameters: 0 0 0

#Transform 171
Transform: AffineTransform_float_3_3
Parameters: 0.99994 0.00841813 -0.00710467 -0.00740384 0.99116 0.132469 0.00815745 -0.132408 0.991161 -0.331223 1.59784 6.2191
FixedParameters: 0 0 0

#Transform 172
Transform: AffineTransform_float_3_3
Parameters: 0.999963 0.00694996 -0.00506522 -0.00623694 0.99159 0.129263 0.00592178 -0.129227 0.991598 -0.21175 1.4821 5.87069
FixedParameters: 0 0 0

#Transform 173
Transform: AffineTransform_float_3_3
Parameters: 0.999954 0.00808675 -0.00525978 -0.00735635 0.991929 0.126587 0.00624025 -0.126541 0.991941 -0.309878 1.60295 5.82832
FixedParameters: 0 0 0

#Transform 174
Transform: AffineTransform_float_3_3
Parameters: 0.999949 0.00999543 -0.00175147 -0.0096995 0.992187 0.124378 0.00298147 -0.124355 0.992234 -0.35823 1.55286 5.4508
FixedParameters: 0 0 0

#Transform 175
Transform: AffineTransform_float_3_3
Parameters: 0.999967 0.00748474 -0.00333312 -0.00702628 0.992614 0.121113 0.00421492 -0.121086 0.992633 -0.287714 1.25403 5.32045
FixedParameters: 0 0 0

#Transform 176
Transform: AffineTransform_float_3_3
Parameters: 0.999969 0.0072503 -0.00325742 -0.00679063 0.992245 0.124111 0.00413267 -0.124085 0.992263 -0.280377 1.324 5.55236
FixedParameters: 0 0 0

#Transform 177
Transform: AffineTransform_float_3_3
Parameters: 0.999966 0.0079776 -0.00213756 -0.00766034 0.992608 0.121118 0.00308848 -0.121097 0.992636 -0.298705 1.39938 5.34727
FixedParameters: 0 0 0

#Transform 178
Transform: AffineTransform_float_3_3
Parameters: 0.999949 0.0086329 -0.00524987 -0.00795309 0.992978 0.118037 0.00623214 -0.117988 0.992996 -0.328289 1.35999 5.33396
FixedParameters: 0 0 0

#Transform 179
Transform: AffineTransform_float_3_3
Parameters: 0.999987 0.00444604 -0.00246917 -0.00426897 0.997704 0.0675884 0.00276383 -0.0675766 0.99771 -0.164397 0.692697 4.01238
FixedParameters: 0 0 0

#Transform 180
Transform: AffineTransform_float_3_3
Parameters: 0.999996 0.00275201 -0.000866868 -0.00270498 0.998734 0.0502286 0.00100413 -0.0502255 0.998738 0.0194899 0.215248 3.96114
FixedParameters: 0 0 0

#Transform 181
Transform: AffineTransform_float_3_3
Parameters: 0.999994 0.00283873 -0.00171072 -0.00275025 0.998755 0.049813 0.00185029 -0.049808 0.998757 0.0014743 0.39088 4.06258
FixedParameters: 0 0 0

#Transform 182
Transform: AffineTransform_float_3_3
Parameters: 0.999995 0.00264209 -0.00172186 -0.0025539 0.998781 0.0492956 0.00185014 -0.0492903 0.998783 0.00945306 0.411968 4.00471
FixedParameters: 0 0 0

#Transform 183
Transform: AffineTransform_float_3_3
Parameters: 0.999994 0.0027865 -0.00171695 -0.0026995 0.998821 0.0484749 0.00185002 -0.0484691 0.998823 0.00403154 0.432094 3.96125
FixedParameters: 0 0 0

#Transform 184
Transform: AffineTransform_float_3_3
Parameters: 0.999996 0.00232444 -0.00174014 -0.00223756 0.998838 0.0481301 0.00184983 -0.0481259 0.998839 0.0126063 0.403412 3.96066
FixedParameters: 0 0 0

#Transform 185
Transform: AffineTransform_float_3_3
Parameters: 0.999996 0.00232848 -0.00189845 -0.00223249 0.99878 0.0493295 0.00201157 -0.0493255 0.99878 0.0142487 0.443372 3.94924
FixedParameters: 0 0 0

#Transform 186
Transform: AffineTransform_float_3_3
Parameters: 0.999994 0.0029359 -0.00208191 -0.0028291 0.998764 0.0496132 0.00222509 -0.0496068 0.998767 -0.00784596 0.466597 3.90096
FixedParameters: 0 0 0

#Transform 187
Transform: AffineTransform_float_3_3
Parameters: 0.999993 0.00294815 -0.00202879 -0.00284283 0.998721 0.0504731 0.00217525 -0.0504669 0.998724 -0.00846066 0.490671 4.00906
FixedParameters: 0 0 0

#Transform 188
Transform: AffineTransform_float_3_3
Parameters: 0.999993 0.00296142 -0.00235838 -0.00284259 0.998788 0.049125 0.00250065 -0.0491179 0.99879 -0.00711391 0.446077 3.90612
FixedParameters: 0 0 0

#Transform 189
Transform: AffineTransform_float_3_3
Parameters: 0.999993 0.0031355 -0.00201392 -0.0030305 0.998748 0.0499455 0.00216806 -0.0499396 0.99875 -0.0088357 0.577998 3.82922
FixedParameters: 0 0 0

#Transform 190
Transform: AffineTransform_float_3_3
Parameters: 0.999992 0.00296963 -0.00244049 -0.00284239 0.998708 0.0507333 0.00258752 -0.0507257 0.99871 -0.0142164 0.449105 3.98192
FixedParameters: 0 0 0

#Transform 191
Transform: AffineTransform_float_3_3
Parameters: 0.999992 0.00322354 -0.00244221 -0.00309647 0.998717 0.05054 0.00260181 -0.050532 0.998719 -0.0163478 0.41091 3.96351
FixedParameters: 0 0 0

#Transform 192
Transform: AffineTransform_float_3_3
Parameters: 0.999987 0.00401536 -0.00311868 -0.00382862 0.998314 0.0579217 0.00334636 -0.0579093 0.998316 -0.0541508 0.384802 4.37042
