# transform file /out/sourcedata/freesurfer/sub-v2s2x29058_ses-1/mri/transforms/cc_up.lta
# created by oesteban on Thu Mar 12 22:30:09 2026

type      = 0 # LINEAR_VOX_TO_VOX
nxforms   = 1
mean      = 128.0000 142.0000 122.0000
sigma     = 10000.0000
1 4 4
9.999549388885498e-01 -2.767049241811037e-03 -9.092990309000015e-03 2.360990524291992e+00 
2.766934921965003e-03 9.999962449073792e-01 -2.516084896342363e-05 2.649108648300171e+00 
9.093025699257851e-03 0.000000000000000e+00 9.999587535858154e-01 1.584068202972412e+01 
0.000000000000000e+00 0.000000000000000e+00 0.000000000000000e+00 1.000000000000000e+00 
src volume info
valid = 1  # volume info valid
filename = /out/sourcedata/freesurfer/sub-v2s2x29058_ses-1/mri/norm.mgz
volume = 256 256 256
voxelsize = 8.984375596046448e-01 8.984375596046448e-01 8.984375596046448e-01
xras   = -9.999999403953552e-01 0.000000000000000e+00 0.000000000000000e+00
yras   = 0.000000000000000e+00 0.000000000000000e+00 -1.000000000000000e+00
zras   = 0.000000000000000e+00 9.999999403953552e-01 0.000000000000000e+00
cras   = 2.257080078125000e+00 -1.189814758300781e+01 2.803938293457031e+01
dst volume info
valid = 1  # volume info valid
filename = /out/sourcedata/freesurfer/sub-v2s2x29058_ses-1/mri/norm.mgz
volume = 256 256 256
voxelsize = 8.984375596046448e-01 8.984375596046448e-01 8.984375596046448e-01
xras   = -9.999999403953552e-01 0.000000000000000e+00 0.000000000000000e+00
yras   = 0.000000000000000e+00 0.000000000000000e+00 -1.000000000000000e+00
zras   = 0.000000000000000e+00 9.999999403953552e-01 0.000000000000000e+00
cras   = 2.257080078125000e+00 -1.189814758300781e+01 2.803938293457031e+01
