#Insight Transform File V1.0
#Transform 0
Transform: AffineTransform_float_3_3
Parameters: 0.999999 -0.000568442 0.00055657 0.000568558 1 -0.00100268 -0.00055643 0.00100332 1 0.00951012 -0.051304 0.0536728
FixedParameters: 0 0 0

#Transform 1
Transform: AffineTransform_float_3_3
Parameters: 0.999999 -0.000778423 0.000615729 0.000778577 1 -0.000936522 -0.00061527 0.00093748 1 0.0190146 -0.0465707 0.0202139
FixedParameters: 0 0 0

#Transform 2
Transform: AffineTransform_float_3_3
Parameters: 0.999999 -0.000566633 0.000515403 0.000567366 0.999999 -0.000711707 -0.000514596 0.000712291 0.999999 0.0138772 -0.0449784 0.0207858
FixedParameters: 0 0 0

#Transform 3
Transform: AffineTransform_float_3_3
Parameters: 0.999999 -0.000501172 0.000643645 0.000501828 0.999999 -0.00128568 -0.000643355 0.00128632 0.999999 0.0125699 -0.0230709 0.00949428
FixedParameters: 0 0 0

#Transform 4
Transform: AffineTransform_float_3_3
Parameters: 1 -0.00050168 0.000293547 0.00050132 1 -0.00108985 -0.000293454 0.00109015 1 0.0121478 -0.0517245 0.0140127
FixedParameters: 0 0 0

#Transform 5
Transform: AffineTransform_float_3_3
Parameters: 1 -0.000501743 0.000407316 0.000501257 0.999999 -0.000630796 -0.000407684 0.000631204 0.999999 0.0123018 -0.0787026 0.0264759
FixedParameters: 0 0 0

#Transform 6
Transform: AffineTransform_float_3_3
Parameters: 1 -0.00050163 0.000369503 0.000501371 1 -0.00100182 -0.000369498 0.00100219 1 0.0122739 -0.0976241 0.00903934
FixedParameters: 0 0 0

#Transform 7
Transform: AffineTransform_float_3_3
Parameters: 0.999999 -0.000616502 0.000558551 0.000617499 1 -0.000892656 -0.000558449 0.000892345 1 0.0150986 0.00550532 -0.00353958
FixedParameters: 0 0 0

#Transform 8
Transform: AffineTransform_float_3_3
Parameters: 1 -0.000444 5.56776e-07 0.000444001 0.999999 -0.001254 -4.43223e-07 0.001254 0.999999 0.01041 -0.012988 -0.0419575
FixedParameters: 0 0 0

#Transform 9
Transform: AffineTransform_float_3_3
Parameters: 1 -0.000311 3.3899e-07 0.000311 1 -0.00109 3.3899e-07 0.00109 1 0.00733688 -0.0497908 -0.0123627
FixedParameters: 0 0 0

#Transform 10
Transform: AffineTransform_float_3_3
Parameters: 1 -0.000501947 7.33639e-05 0.000502053 0.999999 -0.000724963 -7.3636e-05 0.000725037 0.999999 0.0179394 -0.0485806 0.00735756
FixedParameters: 0 0 0

#Transform 11
Transform: AffineTransform_float_3_3
Parameters: 1 -0.00050182 0.000280322 0.000501179 0.999999 -0.000641859 -0.000279678 0.00064214 1 0.0121429 0.0436424 0.0191985
FixedParameters: 0 0 0

#Transform 12
Transform: AffineTransform_float_3_3
Parameters: 1 -0.000502 4.28206e-07 0.000502 0.999999 -0.000852999 4.28206e-07 0.000852999 0.999999 0.0118081 0.00525735 -0.017353
FixedParameters: 0 0 0

#Transform 13
Transform: AffineTransform_float_3_3
Parameters: 1 -0.000501752 0.000461269 0.000501247 0.999999 -0.000536769 -0.000460731 0.000537231 0.999999 0.0123852 -0.0524833 0.00868434
FixedParameters: 0 0 0

#Transform 14
Transform: AffineTransform_float_3_3
Parameters: 1 -0.000501937 0.000125251 0.000502063 0.999999 -0.000499937 -0.000125749 0.000500063 1 0.0119287 -0.0196412 0.00867827
FixedParameters: 0 0 0

#Transform 15
Transform: AffineTransform_float_3_3
Parameters: 1 -0.000233 6.3609e-08 0.000233 1 -0.000273 6.3609e-08 0.000273 1 0.00545572 0.0174323 0.0145606
FixedParameters: 0 0 0

#Transform 16
Transform: AffineTransform_float_3_3
Parameters: 1 -0.000349 1.82178e-07 0.000349 1 -0.000522 1.82178e-07 0.000522 1 0.00816864 -0.0229253 0.00859316
FixedParameters: 0 0 0

#Transform 17
Transform: AffineTransform_float_3_3
Parameters: 1 -5.2e-05 -3.12e-09 5.2e-05 1 6e-05 -3.12e-09 -6e-05 1 0.00121214 -0.0782393 -0.0112168
FixedParameters: 0 0 0

#Transform 18
Transform: AffineTransform_float_3_3
Parameters: 1 -0.000235 -9.024e-08 0.000235 1 0.000384 -9.024e-08 -0.000384 1 0.00548518 -0.0607804 0.00856405
FixedParameters: 0 0 0

#Transform 19
Transform: AffineTransform_float_3_3
Parameters: 1 -0.000206 4.0376e-08 0.000206 1 -0.000196 4.0376e-08 0.000196 1 0.0047992 -0.0146599 -0.0290345
FixedParameters: 0 0 0

#Transform 20
Transform: AffineTransform_float_3_3
Parameters: 1 -0.000132 4.1316e-08 0.000132 1 -0.000313 4.1316e-08 0.000313 1 0.000564508 -0.0204646 -0.00545192
FixedParameters: 0 0 0

#Transform 21
Transform: AffineTransform_float_3_3
Parameters: 1 0.00015 -1.068e-07 -0.00015 0.999999 -0.000712 -1.068e-07 0.000712 0.999999 -0.00352281 0.000435892 0.0243022
FixedParameters: 0 0 0

#Transform 22
Transform: AffineTransform_float_3_3
Parameters: 1 8.69809e-05 -0.000217008 -8.70191e-05 1 -8.79811e-05 0.000216992 8.80189e-05 1 -0.00238852 -0.053409 -0.00698965
FixedParameters: 0 0 0

#Transform 23
Transform: AffineTransform_float_3_3
Parameters: 1 0.000402977 -9.70963e-05 -0.000403023 1 -0.000238961 9.69037e-05 0.000239039 1 -0.00964031 -0.0183387 -0.0129222
FixedParameters: 0 0 0

#Transform 24
Transform: AffineTransform_float_3_3
Parameters: 1 0.000209004 -9.91974e-06 -0.000208996 1 0.000384002 1.00803e-05 -0.000383998 1 -0.00497719 0.00717216 0.00827045
FixedParameters: 0 0 0

#Transform 25
Transform: AffineTransform_float_3_3
Parameters: 1 0.000461931 0.000121263 -0.000461069 0.999999 0.000569944 -0.000120737 -0.000570056 1 -0.0144107 0.00210972 0.0145867
FixedParameters: 0 0 0

#Transform 26
Transform: AffineTransform_float_3_3
Parameters: 1 0.000163938 5.31912e-05 -0.000164062 1 0.00116599 -5.28089e-05 -0.00116501 1 -0.0152094 -0.0495352 0.0207366
FixedParameters: 0 0 0

#Transform 27
Transform: AffineTransform_float_3_3
Parameters: 1 -0.000240206 0.000240795 0.000239794 0.999999 0.000853057 -0.000241205 -0.000853941 0.999999 0.00597445 0.0243677 0.0136232
FixedParameters: 0 0 0

#Transform 28
Transform: AffineTransform_float_3_3
Parameters: 1 0.000189912 0.000154108 -0.000190088 1 0.000569971 -0.000153892 -0.000570029 1 -0.00707177 0.0303317 -0.000108841
FixedParameters: 0 0 0

#Transform 29
Transform: AffineTransform_float_3_3
Parameters: 1 0.000305749 0.000145528 -0.000305252 0.999999 0.00172596 -0.000145473 -0.00172604 0.999998 -0.00713073 0.0221553 0.0695311
FixedParameters: 0 0 0

#Transform 30
Transform: AffineTransform_float_3_3
Parameters: 0.999999 0.00073975 0.000154205 -0.000739252 0.999999 0.00162889 -0.000153796 -0.00162911 0.999998 -0.0174194 -0.0199614 0.0225082
FixedParameters: 0 0 0

#Transform 31
Transform: AffineTransform_float_3_3
Parameters: 0.999999 0.000739348 0.000389241 -0.000739652 0.999999 0.00167771 -0.000387759 -0.00167829 0.999998 -0.0170467 0.0103955 0.0283214
FixedParameters: 0 0 0

#Transform 32
Transform: AffineTransform_float_3_3
Parameters: 1 0.00119069 0.00024451 -0.00119131 0.999998 0.00126771 -0.00024249 -0.00126829 0.999999 -0.0369662 0.0537564 0.0341517
FixedParameters: 0 0 0

#Transform 33
Transform: AffineTransform_float_3_3
Parameters: 0.999999 0.000962541 0.00019923 -0.000962458 0.999997 0.00231581 -0.000196771 -0.00231619 0.999998 -0.0396664 0.0310768 0.0500633
FixedParameters: 0 0 0

#Transform 34
Transform: AffineTransform_float_3_3
Parameters: 1 0.00121413 -4.76917e-05 -0.00121386 0.999995 0.00272506 5.1308e-05 -0.00272494 0.999997 -0.047022 -0.00495373 0.0783344
FixedParameters: 0 0 0

#Transform 35
Transform: AffineTransform_float_3_3
Parameters: 0.999999 0.00153256 0.000151503 -0.00153344 0.999994 0.00293777 -0.000147495 -0.00293823 0.999995 -0.0636583 0.0614921 0.0785119
FixedParameters: 0 0 0

#Transform 36
Transform: AffineTransform_float_3_3
Parameters: 0.999999 0.0012638 7.25781e-05 -0.0012632 0.999995 0.00283091 -6.94241e-05 -0.00283109 0.999996 -0.0520605 0.0845964 0.0966563
FixedParameters: 0 0 0

#Transform 37
Transform: AffineTransform_float_3_3
Parameters: 0.999999 0.00126295 0.000315241 -0.00126405 0.999993 0.0033566 -0.000310759 -0.00335639 0.999995 -0.0442069 0.0766171 0.162218
FixedParameters: 0 0 0

#Transform 38
Transform: AffineTransform_float_3_3
Parameters: 0.999999 0.0012641 -3.76338e-05 -0.00126389 0.999995 0.00266305 4.13659e-05 -0.00266295 0.999997 -0.0558727 0.0652076 0.105597
FixedParameters: 0 0 0

#Transform 39
Transform: AffineTransform_float_3_3
Parameters: 0.999999 0.00126389 3.32785e-05 -0.0012641 0.999993 0.00338496 -2.87212e-05 -0.00338504 0.999995 -0.0564065 0.0557772 0.0380368
FixedParameters: 0 0 0

#Transform 40
Transform: AffineTransform_float_3_3
Parameters: 0.999999 0.00126395 1.71812e-05 -0.00126405 0.999993 0.00330798 -1.28186e-05 -0.00330802 0.999994 -0.0641984 0.073183 0.03943
FixedParameters: 0 0 0

#Transform 41
Transform: AffineTransform_float_3_3
Parameters: 0.999999 0.0012637 8.17862e-05 -0.0012633 0.999992 0.0037869 -7.72164e-05 -0.0037871 0.999993 -0.0654145 0.0949728 0.0303386
FixedParameters: 0 0 0

#Transform 42
Transform: AffineTransform_float_3_3
Parameters: 0.999999 0.00126342 0.00015288 -0.00126358 0.999991 0.00386181 -0.000148121 -0.00386219 0.999992 -0.0613776 0.109426 0.0426724
FixedParameters: 0 0 0

#Transform 43
Transform: AffineTransform_float_3_3
Parameters: 0.999999 0.00153794 2.18646e-05 -0.00153806 0.999994 0.00316297 -1.61352e-05 -0.00316303 0.999995 -0.0790056 0.105365 -0.00294958
FixedParameters: 0 0 0

#Transform 44
Transform: AffineTransform_float_3_3
Parameters: 1 0.00110881 -0.000271738 -0.0011082 0.999995 0.0029433 0.000275264 -0.0029437 0.999995 -0.0691915 0.103559 0.0438864
FixedParameters: 0 0 0

#Transform 45
Transform: AffineTransform_float_3_3
Parameters: 0.999999 0.00133494 -0.000771933 -0.00133206 0.999992 0.00380003 0.000777066 -0.00379896 0.999992 -0.0718273 -0.0384652 0.0469408
FixedParameters: 0 0 0

#Transform 46
Transform: AffineTransform_float_3_3
Parameters: 0.999999 0.00167669 -0.00072078 -0.00167431 0.999991 0.00371321 0.000727221 -0.00371179 0.999993 -0.100296 0.0795804 0.0200342
FixedParameters: 0 0 0

#Transform 47
Transform: AffineTransform_float_3_3
Parameters: 0.999998 0.00155141 -0.000672468 -0.00154959 0.999993 0.00356905 0.000678534 -0.00356796 0.999994 -0.0938649 0.0698162 0.00152942
FixedParameters: 0 0 0

#Transform 48
Transform: AffineTransform_float_3_3
Parameters: 0.999998 0.00165786 -0.000269754 -0.00165714 0.999993 0.00316545 0.000275246 -0.00316455 0.999995 -0.0883092 0.0419218 -0.0218227
FixedParameters: 0 0 0

#Transform 49
Transform: AffineTransform_float_3_3
Parameters: 0.999998 0.00176929 -0.000669982 -0.00176671 0.999992 0.00340419 0.000676017 -0.00340281 0.999994 -0.0960765 0.0753735 0.021789
FixedParameters: 0 0 0

#Transform 50
Transform: AffineTransform_float_3_3
Parameters: 0.999998 0.00177007 -0.000883886 -0.00176693 0.999993 0.00345757 0.000890114 -0.00345643 0.999993 -0.10044 0.0771301 -0.016588
FixedParameters: 0 0 0

#Transform 51
Transform: AffineTransform_float_3_3
Parameters: 0.999997 0.00219278 -0.000353182 -0.00219122 0.999995 0.00219778 0.000358816 -0.00219722 0.999997 -0.111271 0.091863 -0.0993553
FixedParameters: 0 0 0

#Transform 52
Transform: AffineTransform_float_3_3
Parameters: 0.999997 0.00229901 -0.00138205 -0.00229299 0.999988 0.00433418 0.00139195 -0.00433081 0.999989 -0.119548 0.103095 -0.045293
FixedParameters: 0 0 0

#Transform 53
Transform: AffineTransform_float_3_3
Parameters: 0.999998 0.00193543 -0.00124011 -0.00193057 0.999992 0.0035664 0.00124689 -0.00356459 0.999993 -0.115977 0.0197588 -0.0722404
FixedParameters: 0 0 0

#Transform 54
Transform: AffineTransform_float_3_3
Parameters: 0.999997 0.00176983 -0.00160489 -0.00176618 0.999997 0.00175984 0.00160811 -0.00175716 0.999997 -0.108377 0.0928893 -0.0990595
FixedParameters: 0 0 0

#Transform 55
Transform: AffineTransform_float_3_3
Parameters: 0.999997 0.00176947 -0.00134475 -0.00176652 0.999996 0.00183838 0.00134825 -0.00183562 0.999998 -0.100761 0.0115493 -0.00555404
FixedParameters: 0 0 0

#Transform 56
Transform: AffineTransform_float_3_3
Parameters: 0.999998 0.00167561 -0.00117771 -0.00167339 0.999997 0.00137097 0.00117929 -0.00136903 0.999999 -0.062825 -0.10624 -0.0680735
FixedParameters: 0 0 0

#Transform 57
Transform: AffineTransform_float_3_3
Parameters: 0.999997 0.00201437 -0.000742301 -0.00201363 0.999997 0.0018375 0.000745699 -0.0018355 0.999998 -0.113915 0.040997 -0.0236959
FixedParameters: 0 0 0

#Transform 58
Transform: AffineTransform_float_3_3
Parameters: 0.999997 0.00108966 -0.00184951 -0.00108234 0.999991 0.00413901 0.00185349 -0.00413699 0.999989 -0.0496117 0.107452 0.0513704
FixedParameters: 0 0 0

#Transform 59
Transform: AffineTransform_float_3_3
Parameters: 0.999998 0.00214608 -0.000739997 -0.00214392 0.999994 0.00279959 0.000746002 -0.00279741 0.999996 -0.0821848 0.0784192 -0.0294697
FixedParameters: 0 0 0

#Transform 60
Transform: AffineTransform_float_3_3
Parameters: 0.999997 0.00219572 -0.00112873 -0.00219328 0.999994 0.00240348 0.00113327 -0.00240052 0.999997 -0.0926244 0.0344759 -0.0742332
FixedParameters: 0 0 0

#Transform 61
Transform: AffineTransform_float_3_3
Parameters: 0.999997 0.00187138 -0.0016074 -0.00186962 0.999998 0.000859008 0.0016086 -0.000855992 0.999999 -0.106989 0.166976 -0.235532
FixedParameters: 0 0 0

#Transform 62
Transform: AffineTransform_float_3_3
Parameters: 1 0.00102101 -5.59183e-05 -0.001021 1 8.00572e-05 5.60817e-05 -7.99428e-05 1 -0.0452772 0.00261786 0.039111
FixedParameters: 0 0 0

#Transform 63
Transform: AffineTransform_float_3_3
Parameters: 0.999999 0.000844868 -0.000355945 -0.000843131 0.999996 0.0024333 0.000358052 -0.0024327 0.999997 -0.0189092 -0.221649 -0.0487853
FixedParameters: 0 0 0

#Transform 64
Transform: AffineTransform_float_3_3
Parameters: 0.999999 0.000844674 -0.000291049 -0.000843325 0.999997 0.00231025 0.000292949 -0.00230975 0.999998 -0.0337669 0.0248544 -0.0961141
FixedParameters: 0 0 0

#Transform 65
Transform: AffineTransform_float_3_3
Parameters: 0.999999 0.000844501 -0.000225127 -0.000843499 0.999997 0.00221819 0.000226872 -0.00221881 0.999997 -0.0367221 0.0247005 -0.10783
FixedParameters: 0 0 0

#Transform 66
Transform: AffineTransform_float_3_3
Parameters: 0.999999 0.000780698 -0.000356473 -0.000779302 0.999998 0.00195628 0.000357525 -0.00195572 0.999998 -0.0250103 0.0432355 -0.110915
FixedParameters: 0 0 0

#Transform 67
Transform: AffineTransform_float_3_3
Parameters: 0.999999 0.000843995 4.12673e-06 -0.000844004 0.999999 0.001335 -2.87325e-06 -0.001335 0.999999 -0.0402832 0.0962122 -0.174772
FixedParameters: 0 0 0

#Transform 68
Transform: AffineTransform_float_3_3
Parameters: 0.999999 0.00122691 8.13717e-05 -0.00122709 0.999998 0.0011179 -7.96282e-05 -0.0011181 1 -0.0558081 0.0506323 -0.144553
FixedParameters: 0 0 0

#Transform 69
Transform: AffineTransform_float_3_3
Parameters: 1 0.00116792 9.50347e-05 -0.00116808 0.999999 0.000885889 -9.39662e-05 -0.00088511 0.999999 -0.0668905 0.0505074 -0.176947
FixedParameters: 0 0 0

#Transform 70
Transform: AffineTransform_float_3_3
Parameters: 0.999999 0.00075825 0.000451261 -0.000759749 0.999999 0.00166266 -0.000449737 -0.00166334 0.999998 -0.0307538 0.0529779 -0.0399284
FixedParameters: 0 0 0

#Transform 71
Transform: AffineTransform_float_3_3
Parameters: 1 0.00118627 -0.000127527 -0.00118573 0.999997 0.00208515 0.000130472 -0.00208485 0.999998 -0.0516268 -0.0588196 -0.147983
FixedParameters: 0 0 0

#Transform 72
Transform: AffineTransform_float_3_3
Parameters: 1 0.00105628 -0.000357178 -0.00105672 0.999999 0.000778378 0.000357822 -0.000777622 0.999999 -0.0704238 0.0696583 -0.178208
FixedParameters: 0 0 0

#Transform 73
Transform: AffineTransform_float_3_3
Parameters: 0.999999 0.000759244 -0.000357482 -0.000759756 1 0.000682272 0.000357519 -0.000682729 0.999999 -0.0635491 0.0413544 -0.201144
FixedParameters: 0 0 0

#Transform 74
Transform: AffineTransform_float_3_3
Parameters: 1 0.00116733 -0.000220281 -0.00116668 0.999998 0.00147326 0.000221719 -0.00147274 0.999999 -0.072942 0.0165944 -0.175755
FixedParameters: 0 0 0

#Transform 75
Transform: AffineTransform_float_3_3
Parameters: 0.999999 0.0012243 -0.000356965 -0.0012247 0.999999 0.000845437 0.000358036 -0.000845562 0.999999 -0.0581324 0.0400345 -0.197286
FixedParameters: 0 0 0

#Transform 76
Transform: AffineTransform_float_3_3
Parameters: 0.999999 0.00125863 -0.000827037 -0.00125837 0.999999 0.000766042 0.000827964 -0.000764959 1 -0.076419 0.078492 -0.210995
FixedParameters: 0 0 0

#Transform 77
Transform: AffineTransform_float_3_3
Parameters: 0.999999 0.00131714 -0.000615698 -0.00131686 0.999999 0.000229811 0.000616302 -0.000229188 1 -0.081023 0.082185 -0.265466
FixedParameters: 0 0 0

#Transform 78
Transform: AffineTransform_float_3_3
Parameters: 0.999999 0.00163678 -0.000769472 -0.00163722 0.999998 -0.00028774 0.000769528 0.00028926 0.999999 -0.088136 0.0992249 -0.295244
FixedParameters: 0 0 0

#Transform 79
Transform: AffineTransform_float_3_3
Parameters: 0.999997 0.00164144 -0.00134547 -0.00164156 0.999998 0.000326209 0.00134653 -0.00032379 0.999999 -0.0873539 0.055491 -0.318469
FixedParameters: 0 0 0

#Transform 80
Transform: AffineTransform_float_3_3
Parameters: 0.999998 0.00162223 -0.00129371 -0.00162177 0.999998 0.000177098 0.00129329 -0.000174902 0.999999 -0.0939835 0.0481766 -0.308859
FixedParameters: 0 0 0

#Transform 81
Transform: AffineTransform_float_3_3
Parameters: 0.999998 0.00156793 -0.000525198 -0.00156807 0.999999 -0.000126177 0.000524802 0.000126823 1 -0.0888254 0.054913 -0.211267
FixedParameters: 0 0 0

#Transform 82
Transform: AffineTransform_float_3_3
Parameters: 0.999999 0.00104041 -0.000954639 -0.00104059 1 -0.000613008 0.000954362 0.000613994 1 -0.0546455 0.110921 -0.210369
FixedParameters: 0 0 0

#Transform 83
Transform: AffineTransform_float_3_3
Parameters: 0.999999 0.00137144 -0.000773988 -0.00137256 0.999999 -0.000719938 0.000773011 0.00072106 0.999999 -0.0669521 0.0335581 -0.242835
FixedParameters: 0 0 0

#Transform 84
Transform: AffineTransform_float_3_3
Parameters: 0.999998 0.00180163 -0.000660999 -0.00180137 0.999998 -0.00055381 0.000660001 0.00055519 0.999999 -0.0764288 -0.00226367 -0.275475
FixedParameters: 0 0 0

#Transform 85
Transform: AffineTransform_float_3_3
Parameters: 0.999997 0.00193029 -0.000939462 -0.00193071 0.999998 -0.000756188 0.000938539 0.000757813 1 -0.0752409 0.183392 -0.384745
FixedParameters: 0 0 0

#Transform 86
Transform: AffineTransform_float_3_3
Parameters: 0.999999 0.00171479 -0.000497721 -0.00171521 0.999999 -0.000420147 0.000497279 0.000420853 1 -0.0822762 0.0378906 -0.284401
FixedParameters: 0 0 0

#Transform 87
Transform: AffineTransform_float_3_3
Parameters: 0.999997 0.00242085 -0.00125629 -0.00242115 0.999997 -0.000115959 0.00125672 0.000119043 0.999999 -0.11 0.0944752 -0.310529
FixedParameters: 0 0 0

#Transform 88
Transform: AffineTransform_float_3_3
Parameters: 0.999998 0.00162402 -0.000551923 -0.00162397 0.999998 4.78964e-05 0.000552077 -4.71035e-05 1 -0.082518 0.15932 -0.267516
FixedParameters: 0 0 0

#Transform 89
Transform: AffineTransform_float_3_3
Parameters: 0.999998 0.00200625 -0.000983495 -0.00200575 0.999998 0.000252973 0.000984506 -0.000251026 1 -0.091963 -0.0165688 -0.344219
FixedParameters: 0 0 0

#Transform 90
Transform: AffineTransform_float_3_3
Parameters: 0.999997 0.00212362 -0.00107475 -0.00212438 0.999997 -0.000349718 0.00107425 0.000352282 1 -0.0998155 0.0917584 -0.341056
FixedParameters: 0 0 0

#Transform 91
Transform: AffineTransform_float_3_3
Parameters: 0.999997 0.00212442 -0.00134533 -0.00212457 0.999997 0.000316859 0.00134667 -0.00031414 0.999999 -0.104688 0.0847909 -0.308831
FixedParameters: 0 0 0

#Transform 92
Transform: AffineTransform_float_3_3
Parameters: 0.999998 0.00156338 -0.00134789 -0.00156462 0.999998 -0.00120389 0.00134612 0.00120611 0.999999 -0.0970146 0.125355 -0.38287
FixedParameters: 0 0 0

#Transform 93
Transform: AffineTransform_float_3_3
Parameters: 0.999999 0.00156515 -0.000945761 -0.00156486 0.999999 0.00015348 0.00094624 -0.000152519 0.999999 -0.0917341 0.114824 -0.306211
FixedParameters: 0 0 0

#Transform 94
Transform: AffineTransform_float_3_3
Parameters: 0.999998 0.0015647 -0.00111842 -0.0015653 0.999998 -0.00026525 0.00111858 0.000266751 1 -0.0994912 0.0340591 -0.340072
FixedParameters: 0 0 0

#Transform 95
Transform: AffineTransform_float_3_3
Parameters: 0.999998 0.0015647 -0.00113842 -0.0015653 0.999998 -0.000265219 0.00113758 0.00026678 1 -0.0905399 0.0596166 -0.345289
FixedParameters: 0 0 0

#Transform 96
Transform: AffineTransform_float_3_3
Parameters: 0.999999 0.00156492 -0.000850145 -0.00156508 0.999999 -9.16695e-05 0.000849857 9.23301e-05 0.999999 -0.0869383 0.090051 -0.365803
FixedParameters: 0 0 0

#Transform 97
Transform: AffineTransform_float_3_3
Parameters: 0.999998 0.00156495 -0.00110707 -0.00156505 0.999999 -4.32675e-05 0.00110693 4.57324e-05 1 -0.0925336 0.0961562 -0.340841
FixedParameters: 0 0 0

#Transform 98
Transform: AffineTransform_float_3_3
Parameters: 0.999999 0.00156475 -0.000930417 -0.00156525 0.999998 -0.000265544 0.000929582 0.000267455 0.999999 -0.0888959 0.0776713 -0.33512
FixedParameters: 0 0 0

#Transform 99
Transform: AffineTransform_float_3_3
Parameters: 0.999998 0.00156504 -0.00117095 -0.00156496 0.999999 3.38326e-05 0.00117105 -3.21673e-05 1 -0.092075 0.0292923 -0.364741
FixedParameters: 0 0 0

#Transform 100
Transform: AffineTransform_float_3_3
Parameters: 0.999998 0.00156479 -0.000462713 -0.00156521 0.999998 -0.000455276 0.000462285 0.000456724 1 -0.0944353 0.065482 -0.482677
FixedParameters: 0 0 0

#Transform 101
Transform: AffineTransform_float_3_3
Parameters: 0.999999 0.00172808 -0.00065278 -0.00172792 0.999998 0.000128128 0.00065222 -0.000126873 1 -0.0859137 0.0626547 -0.363052
FixedParameters: 0 0 0

#Transform 102
Transform: AffineTransform_float_3_3
Parameters: 0.999998 0.00169027 -0.0011436 -0.00169073 0.999998 0.000235934 0.0011444 -0.000234066 1 -0.0976902 -0.00352849 -0.361358
FixedParameters: 0 0 0

#Transform 103
Transform: AffineTransform_float_3_3
Parameters: 0.999998 0.00213984 -0.000884392 -0.00214016 0.999997 -0.000182108 0.000883608 0.000183891 0.999999 -0.107867 0.0623629 -0.351138
FixedParameters: 0 0 0

#Transform 104
Transform: AffineTransform_float_3_3
Parameters: 0.999998 0.00168965 -0.00103157 -0.00169035 0.999998 -0.000336257 0.00103043 0.000337742 1 -0.0944751 0.0893367 -0.375219
FixedParameters: 0 0 0

#Transform 105
Transform: AffineTransform_float_3_3
Parameters: 0.999998 0.00168428 -0.00121761 -0.00168472 0.999998 0.000234052 0.00121739 -0.00023195 0.999999 -0.0987935 0.0524918 -0.344159
FixedParameters: 0 0 0

#Transform 106
Transform: AffineTransform_float_3_3
Parameters: 0.999997 0.00171029 -0.0013469 -0.00171071 0.999999 -0.000527697 0.0013461 0.000529304 0.999999 -0.106962 0.0365152 -0.352557
FixedParameters: 0 0 0

#Transform 107
Transform: AffineTransform_float_3_3
Parameters: 0.999997 0.00171029 -0.0013469 -0.00171071 0.999999 -0.000526697 0.0013461 0.000529304 0.999999 -0.101921 0.101495 -0.360152
FixedParameters: 0 0 0

#Transform 108
Transform: AffineTransform_float_3_3
Parameters: 0.999997 0.00171141 -0.00134548 -0.00171059 0.999999 0.000304302 0.00134652 -0.000301696 0.999999 -0.111353 0.103156 -0.313451
FixedParameters: 0 0 0

#Transform 109
Transform: AffineTransform_float_3_3
Parameters: 0.999997 0.00231085 -0.00134455 -0.00231015 0.999997 0.000631108 0.00134645 -0.000627891 0.999999 -0.126018 0.052719 -0.332883
FixedParameters: 0 0 0

#Transform 110
Transform: AffineTransform_float_3_3
Parameters: 0.999998 0.00140578 -0.000930326 -0.00140622 0.999999 -0.000231692 0.000929673 0.000232307 0.999999 -0.104179 0.0979823 -0.363237
FixedParameters: 0 0 0

#Transform 111
Transform: AffineTransform_float_3_3
Parameters: 0.999997 0.00165785 -0.00135596 -0.00165715 0.999999 0.000630249 0.00135704 -0.000627752 0.999999 -0.110649 0.0645506 -0.315487
FixedParameters: 0 0 0

#Transform 112
Transform: AffineTransform_float_3_3
Parameters: 0.999998 0.00170405 -0.00117048 -0.00170295 0.999998 0.000894995 0.00117252 -0.000893004 0.999999 -0.111596 0.0386147 -0.309693
FixedParameters: 0 0 0

#Transform 113
Transform: AffineTransform_float_3_3
Parameters: 0.999998 0.00176549 -0.00152844 -0.00176451 0.999999 0.000320698 0.00152856 -0.000317302 0.999999 -0.1101 0.114224 -0.315918
FixedParameters: 0 0 0

#Transform 114
Transform: AffineTransform_float_3_3
Parameters: 0.999998 0.00188389 -0.00132273 -0.00188311 0.999998 0.000677493 0.00132427 -0.000674507 0.999999 -0.115962 0.089973 -0.30467
FixedParameters: 0 0 0

#Transform 115
Transform: AffineTransform_float_3_3
Parameters: 0.999998 0.00175963 -0.00103193 -0.00175937 0.999999 0.000606817 0.00103306 -0.000604184 1 -0.112643 0.127565 -0.324537
FixedParameters: 0 0 0

#Transform 116
Transform: AffineTransform_float_3_3
Parameters: 0.999998 0.00124351 -0.000989618 -0.00124349 0.999999 -0.00049577 0.000988383 0.00049723 1 -0.124877 0.107385 -0.254831
FixedParameters: 0 0 0

#Transform 117
Transform: AffineTransform_float_3_3
Parameters: 0.999997 0.00205934 -0.00113601 -0.00206066 0.999997 -0.00146066 0.00113299 0.00146334 0.999999 -0.13546 0.0820617 -0.414032
FixedParameters: 0 0 0

#Transform 118
Transform: AffineTransform_float_3_3
Parameters: 0.999996 0.00248753 -0.000726602 -0.00248847 0.999996 -0.000643194 0.000725397 0.000644806 0.999999 -0.142033 0.030684 -0.271685
FixedParameters: 0 0 0

#Transform 119
Transform: AffineTransform_float_3_3
Parameters: 0.999999 0.00149898 -0.00011431 -0.00149802 0.999999 -0.000206829 0.00011369 0.000207171 1 -0.105966 -0.0985719 -0.139041
FixedParameters: 0 0 0

#Transform 120
Transform: AffineTransform_float_3_3
Parameters: 0.999999 0.00179577 -0.000129283 -0.00179623 0.999996 -0.00182777 0.000125717 0.00182823 0.999999 -0.137199 -0.162796 0.105033
FixedParameters: 0 0 0

#Transform 121
Transform: AffineTransform_float_3_3
Parameters: 0.999995 0.00284452 -0.00073467 -0.00284748 0.99999 -0.00339692 0.000725328 0.00339908 0.999994 -0.150141 -0.0702202 -0.226926
FixedParameters: 0 0 0

#Transform 122
Transform: AffineTransform_float_3_3
Parameters: 0.999998 0.000847735 -0.00177796 -0.000855266 0.999989 -0.00465349 0.00177404 0.00465451 0.999987 -0.0926269 -0.139017 -0.110878
FixedParameters: 0 0 0

#Transform 123
Transform: AffineTransform_float_3_3
Parameters: 0.999996 0.00194636 -0.00214695 -0.00195364 0.999992 -0.00356082 0.00214005 0.00356518 0.999992 -0.153871 -0.141078 -0.201932
FixedParameters: 0 0 0

#Transform 124
Transform: AffineTransform_float_3_3
Parameters: 0.999996 0.00212698 -0.00150412 -0.00213202 0.999992 -0.00334381 0.00149688 0.0033472 0.999994 -0.13669 0.00282972 -0.235626
FixedParameters: 0 0 0

#Transform 125
Transform: AffineTransform_float_3_3
Parameters: 0.999995 0.0025659 -0.00195603 -0.0025721 0.999992 -0.00312199 0.00194797 0.00312701 0.999993 -0.16207 0.0216316 -0.246799
FixedParameters: 0 0 0

#Transform 126
Transform: AffineTransform_float_3_3
Parameters: 0.999994 0.00271631 -0.00216667 -0.00272369 0.99999 -0.00355212 0.00215733 0.00355788 0.999992 -0.174571 -0.0440109 -0.264829
FixedParameters: 0 0 0

#Transform 127
Transform: AffineTransform_float_3_3
Parameters: 0.999995 0.00255101 -0.00195976 -0.00255999 0.999986 -0.00459801 0.00194724 0.00460299 0.999988 -0.172121 -0.0447061 -0.290426
FixedParameters: 0 0 0

#Transform 128
Transform: AffineTransform_float_3_3
Parameters: 0.999996 0.00199638 -0.00195683 -0.00200462 0.999989 -0.0044121 0.00194717 0.00441591 0.999989 -0.149514 0.0596604 -0.314051
FixedParameters: 0 0 0

#Transform 129
Transform: AffineTransform_float_3_3
Parameters: 0.999996 0.00199805 -0.00199399 -0.00200495 0.999992 -0.00349202 0.00198701 0.00349598 0.999992 -0.143087 -0.00430813 -0.253518
FixedParameters: 0 0 0

#Transform 130
Transform: AffineTransform_float_3_3
Parameters: 0.999996 0.00212688 -0.00219889 -0.00213413 0.999991 -0.00369932 0.00219112 0.00370368 0.99999 -0.146531 -0.0800108 -0.278525
FixedParameters: 0 0 0

#Transform 131
Transform: AffineTransform_float_3_3
Parameters: 0.999995 0.00246673 -0.002049 -0.00247527 0.999989 -0.00404395 0.002039 0.00404905 0.999989 -0.155559 -0.0207744 -0.298677
FixedParameters: 0 0 0

#Transform 132
Transform: AffineTransform_float_3_3
Parameters: 0.999995 0.00221325 -0.00191897 -0.00222075 0.99999 -0.00404476 0.00191003 0.00404925 0.99999 -0.149741 0.00760265 -0.309625
FixedParameters: 0 0 0

#Transform 133
Transform: AffineTransform_float_3_3
Parameters: 0.999995 0.00242868 -0.00211045 -0.00243632 0.999991 -0.00347288 0.00210155 0.00347712 0.999991 -0.16069 -0.00166418 -0.270503
FixedParameters: 0 0 0

#Transform 134
Transform: AffineTransform_float_3_3
Parameters: 0.999994 0.00256536 -0.00240525 -0.00257364 0.99999 -0.00359583 0.00239575 0.00360217 0.99999 -0.176888 -0.00498838 -0.278085
FixedParameters: 0 0 0

#Transform 135
Transform: AffineTransform_float_3_3
Parameters: 0.999993 0.00285629 -0.00211246 -0.0028647 0.999989 -0.00365397 0.00210154 0.00366003 0.999991 -0.181357 0.0234779 -0.295502
FixedParameters: 0 0 0

#Transform 136
Transform: AffineTransform_float_3_3
Parameters: 0.999995 0.00261944 -0.00210893 -0.00262456 0.999993 -0.00263848 0.00210208 0.00264452 0.999995 -0.150971 -0.014753 -0.193661
FixedParameters: 0 0 0

#Transform 137
Transform: AffineTransform_float_3_3
Parameters: 0.999995 0.00261944 -0.00210893 -0.00262456 0.999993 -0.00263948 0.00210208 0.00264452 0.999995 -0.164495 -0.0147465 -0.193644
FixedParameters: 0 0 0

#Transform 138
Transform: AffineTransform_float_3_3
Parameters: 0.999995 0.00236893 -0.00210996 -0.00237607 0.999991 -0.003354 0.00210204 0.003359 0.999992 -0.151231 0.0249695 -0.258156
FixedParameters: 0 0 0

#Transform 139
Transform: AffineTransform_float_3_3
Parameters: 0.999996 0.00217947 -0.0021067 -0.00218453 0.999996 -0.00215041 0.0021023 0.00215559 0.999996 -0.132629 0.0358143 -0.261966
FixedParameters: 0 0 0

#Transform 140
Transform: AffineTransform_float_3_3
Parameters: 0.999996 0.00151918 -0.00210187 -0.00151982 0.999999 8.61947e-05 0.00210213 -8.28067e-05 0.999998 -0.115625 0.0442242 -0.133231
FixedParameters: 0 0 0

#Transform 141
Transform: AffineTransform_float_3_3
Parameters: 0.999996 0.00186039 -0.00216098 -0.00186561 0.999996 -0.00213498 0.00215702 0.00213902 0.999996 -0.139128 -0.0626204 -0.276208
FixedParameters: 0 0 0

#Transform 142
Transform: AffineTransform_float_3_3
Parameters: 0.999994 0.00205543 -0.00296348 -0.00205857 0.999997 -0.00120291 0.00296052 0.00120909 0.999995 -0.147077 0.0467682 -0.228033
FixedParameters: 0 0 0

#Transform 143
Transform: AffineTransform_float_3_3
Parameters: 0.999993 0.00193403 -0.00296425 -0.00193896 0.999996 -0.00167326 0.00296075 0.00167974 0.999994 -0.137629 -0.103388 -0.277063
FixedParameters: 0 0 0

#Transform 144
Transform: AffineTransform_float_3_3
Parameters: 0.999996 0.00193274 -0.00210277 -0.00193926 0.999993 -0.00297793 0.00209723 0.00298207 0.999994 -0.16135 0.0704051 -0.329651
FixedParameters: 0 0 0

#Transform 145
Transform: AffineTransform_float_3_3
Parameters: 0.999993 0.00193349 -0.0029646 -0.00193851 0.999997 -0.00185727 0.0029614 0.00186274 0.999994 -0.14473 0.0402363 -0.300312
FixedParameters: 0 0 0

#Transform 146
Transform: AffineTransform_float_3_3
Parameters: 0.999992 0.00193344 -0.00350607 -0.00193855 0.999997 -0.00158122 0.00350293 0.00158878 0.999992 -0.14448 -0.0100389 -0.27284
FixedParameters: 0 0 0

#Transform 147
Transform: AffineTransform_float_3_3
Parameters: 0.999991 0.00238121 -0.00332115 -0.00238679 0.999995 -0.00173909 0.00331784 0.00174691 0.999993 -0.162167 0.0924701 -0.307485
FixedParameters: 0 0 0

#Transform 148
Transform: AffineTransform_float_3_3
Parameters: 0.999992 0.00200496 -0.00361725 -0.00200905 0.999998 -0.00111474 0.00361476 0.00112226 0.999993 -0.163188 0.03314 -0.325102
FixedParameters: 0 0 0

#Transform 149
Transform: AffineTransform_float_3_3
Parameters: 0.999992 0.00252911 -0.00314874 -0.00253489 0.999995 -0.00186703 0.00314326 0.00187497 0.999994 -0.170759 0.0535223 -0.399977
FixedParameters: 0 0 0

#Transform 150
Transform: AffineTransform_float_3_3
Parameters: 0.999994 0.001933 -0.00287504 -0.001939 0.999996 -0.00208644 0.00287096 0.00209156 0.999993 -0.157907 0.0956062 -0.388224
FixedParameters: 0 0 0

#Transform 151
Transform: AffineTransform_float_3_3
Parameters: 0.999995 0.00201031 -0.00269576 -0.00201469 0.999997 -0.00136758 0.00269325 0.00137242 0.999996 -0.159939 -0.0351994 -0.347071
FixedParameters: 0 0 0

#Transform 152
Transform: AffineTransform_float_3_3
Parameters: 0.999992 0.00230552 -0.00345999 -0.00230948 0.999997 -0.00129102 0.00345701 0.00129898 0.999993 -0.16096 -0.0501227 -0.307213
FixedParameters: 0 0 0

#Transform 153
Transform: AffineTransform_float_3_3
Parameters: 0.999992 0.00193661 -0.00345834 -0.00193939 0.999998 -0.000688298 0.00345666 0.000694699 0.999994 -0.161198 0.10951 -0.316776
FixedParameters: 0 0 0

#Transform 154
Transform: AffineTransform_float_3_3
Parameters: 0.999994 0.00211586 -0.00297382 -0.00211614 0.999997 -0.00038171 0.00297219 0.000387291 0.999996 -0.163579 0.0792988 -0.277928
FixedParameters: 0 0 0

#Transform 155
Transform: AffineTransform_float_3_3
Parameters: 0.999993 0.00224246 -0.00320408 -0.00224354 0.999998 -0.000476815 0.00320292 0.000484186 0.999995 -0.172355 0.030741 -0.276767
FixedParameters: 0 0 0

#Transform 156
Transform: AffineTransform_float_3_3
Parameters: 0.999994 0.00206385 -0.0028295 -0.00207016 0.999996 -0.00217416 0.0028255 0.00217985 0.999993 -0.168395 0.118706 -0.311893
FixedParameters: 0 0 0

#Transform 157
Transform: AffineTransform_float_3_3
Parameters: 0.999992 0.00205485 -0.00346066 -0.00206115 0.999997 -0.00177388 0.00345734 0.00178112 0.999993 -0.158203 0.0623344 -0.307558
FixedParameters: 0 0 0

#Transform 158
Transform: AffineTransform_float_3_3
Parameters: 0.999992 0.00193364 -0.00346 -0.00193936 0.999997 -0.0015473 0.003457 0.0015537 0.999993 -0.154007 0.0127315 -0.291626
FixedParameters: 0 0 0

#Transform 159
Transform: AffineTransform_float_3_3
Parameters: 0.999992 0.00193309 -0.00346031 -0.00193891 0.999996 -0.0017053 0.00345669 0.00171169 0.999992 -0.165367 0.0414951 -0.295372
FixedParameters: 0 0 0

#Transform 160
Transform: AffineTransform_float_3_3
Parameters: 0.999994 0.001933 -0.00288103 -0.001939 0.999996 -0.00208143 0.00287696 0.00208757 0.999993 -0.16876 0.0245086 -0.318054
FixedParameters: 0 0 0

#Transform 161
Transform: AffineTransform_float_3_3
Parameters: 0.999993 0.00193358 -0.00316432 -0.00193942 0.999996 -0.00171187 0.00316068 0.00171812 0.999993 -0.158474 0.0551737 -0.271586
FixedParameters: 0 0 0

#Transform 162
Transform: AffineTransform_float_3_3
Parameters: 0.999992 0.00193347 -0.0034601 -0.00193853 0.999997 -0.0015963 0.0034569 0.0016027 0.999992 -0.158606 -0.0324782 -0.252667
FixedParameters: 0 0 0

#Transform 163
Transform: AffineTransform_float_3_3
Parameters: 0.999993 0.00173412 -0.00338702 -0.00173988 0.999997 -0.00173512 0.00338398 0.00174088 0.999993 -0.163074 -0.0318756 -0.303854
FixedParameters: 0 0 0

#Transform 164
Transform: AffineTransform_float_3_3
Parameters: 0.999992 0.0019327 -0.00346053 -0.0019393 0.999997 -0.0018193 0.00345647 0.0018257 0.999993 -0.171937 0.0342041 -0.338328
FixedParameters: 0 0 0

#Transform 165
Transform: AffineTransform_float_3_3
Parameters: 0.999992 0.00193322 -0.00346024 -0.00193878 0.999996 -0.0016683 0.00345676 0.00167569 0.999992 -0.167906 0.0235454 -0.346985
FixedParameters: 0 0 0

#Transform 166
Transform: AffineTransform_float_3_3
Parameters: 0.999992 0.00209418 -0.00346113 -0.00210082 0.999996 -0.00196774 0.00345686 0.00197526 0.999992 -0.175711 0.0459239 -0.345459
FixedParameters: 0 0 0

#Transform 167
Transform: AffineTransform_float_3_3
Parameters: 0.999992 0.00193374 -0.0032861 -0.00193925 0.999997 -0.00159664 0.0032829 0.00160336 0.999994 -0.161057 0.00539952 -0.315542
FixedParameters: 0 0 0

#Transform 168
Transform: AffineTransform_float_3_3
Parameters: 0.999994 0.0019326 -0.0028843 -0.00193939 0.999995 -0.00221642 0.0028797 0.00222158 0.999994 -0.163869 0.0458597 -0.380517
FixedParameters: 0 0 0

#Transform 169
Transform: AffineTransform_float_3_3
Parameters: 0.999993 0.00199314 -0.0031331 -0.00199787 0.999997 -0.00155075 0.0031299 0.00155625 0.999994 -0.160651 0.03682 -0.274622
FixedParameters: 0 0 0

#Transform 170
Transform: AffineTransform_float_3_3
Parameters: 0.999996 0.00139556 -0.00247694 -0.00139944 0.999998 -0.00138654 0.00247506 0.00139046 0.999996 -0.147897 -0.0266455 -0.136308
FixedParameters: 0 0 0

#Transform 171
Transform: AffineTransform_float_3_3
Parameters: 0.999996 0.00185787 -0.00217567 -0.00186113 0.999997 -0.00143596 0.00217332 0.00144004 0.999996 -0.138354 0.0601449 -0.214863
FixedParameters: 0 0 0

#Transform 172
Transform: AffineTransform_float_3_3
Parameters: 0.999994 0.00191863 -0.00263645 -0.00192237 0.999998 -0.00127494 0.00263354 0.00128006 0.999995 -0.153701 0.0459384 -0.225362
FixedParameters: 0 0 0

#Transform 173
Transform: AffineTransform_float_3_3
Parameters: 0.999994 0.00182396 -0.00294912 -0.00182904 0.999997 -0.00170662 0.00294588 0.00171238 0.999994 -0.158987 0.0656699 -0.295073
FixedParameters: 0 0 0

#Transform 174
Transform: AffineTransform_float_3_3
Parameters: 0.999995 0.00164664 -0.00294453 -0.00164437 0.999998 0.000896847 0.00294647 -0.000892154 0.999996 -0.161648 0.0508614 -0.186102
FixedParameters: 0 0 0

#Transform 175
Transform: AffineTransform_float_3_3
Parameters: 0.999994 0.00139679 -0.00294705 -0.00139921 0.999998 -0.000749881 0.00294595 0.000753119 0.999996 -0.145635 0.178357 -0.305628
FixedParameters: 0 0 0

#Transform 176
Transform: AffineTransform_float_3_3
Parameters: 0.999998 0.000844313 -0.0018106 -0.000851687 0.99999 -0.00424847 0.0018074 0.00425053 0.99999 -0.114697 0.0480959 0.00478289
FixedParameters: 0 0 0

#Transform 177
Transform: AffineTransform_float_3_3
Parameters: 0.999997 0.00112361 -0.00210381 -0.00112738 0.999998 -0.00160863 0.00210119 0.00161137 0.999997 -0.116956 -0.239238 -0.037511
FixedParameters: 0 0 0

#Transform 178
Transform: AffineTransform_float_3_3
Parameters: 0.999995 0.00189665 -0.00224998 -0.00189934 0.999997 -0.00104073 0.00224802 0.00104527 0.999997 -0.140097 -0.0759809 -0.0495019
FixedParameters: 0 0 0

#Transform 179
Transform: AffineTransform_float_3_3
Parameters: 0.999995 0.00263372 -0.00205992 -0.00263628 0.999996 -0.00110458 0.00205708 0.00111042 0.999998 -0.174578 -0.0187802 -0.0684001
FixedParameters: 0 0 0

#Transform 180
Transform: AffineTransform_float_3_3
Parameters: 0.999991 0.00365321 -0.00216342 -0.00365779 0.999992 -0.0017521 0.00215758 0.0017599 0.999996 -0.233673 0.0505875 -0.161056
FixedParameters: 0 0 0

#Transform 181
Transform: AffineTransform_float_3_3
Parameters: 0.99999 0.00381892 -0.00238775 -0.00382508 0.99999 -0.00254589 0.00237825 0.00255511 0.999994 -0.239918 0.177342 -0.206487
FixedParameters: 0 0 0

#Transform 182
Transform: AffineTransform_float_3_3
Parameters: 0.999993 0.0028549 -0.00215713 -0.0028551 0.999996 -4.18414e-05 0.00215687 4.7158e-05 0.999997 -0.194588 0.0665631 -0.157528
FixedParameters: 0 0 0

#Transform 183
Transform: AffineTransform_float_3_3
Parameters: 0.999995 0.0020117 -0.00233826 -0.0020123 0.999998 -0.000124295 0.00233774 0.000129703 0.999998 -0.174755 0.0315519 -0.1986
FixedParameters: 0 0 0

#Transform 184
Transform: AffineTransform_float_3_3
Parameters: 0.999997 0.00187888 -0.00191812 -0.00187912 0.999998 -5.93959e-05 0.00191789 6.26037e-05 0.999998 -0.153833 0.0946587 -0.1749
FixedParameters: 0 0 0

#Transform 185
Transform: AffineTransform_float_3_3
Parameters: 0.999998 0.00157818 -0.00172975 -0.00157982 0.999998 -0.000473269 0.00172925 0.00047573 0.999999 -0.163744 0.0667562 -0.155013
FixedParameters: 0 0 0

#Transform 186
Transform: AffineTransform_float_3_3
Parameters: 0.999997 0.00165839 -0.00166561 -0.00165861 0.999998 0.000234763 0.00166639 -0.000232237 0.999998 -0.19461 0.14919 -0.12142
FixedParameters: 0 0 0

#Transform 187
Transform: AffineTransform_float_3_3
Parameters: 0.999996 0.00174962 -0.00195844 -0.00174938 0.999999 0.000319427 0.00195855 -0.000315575 0.999998 -0.168316 -0.044619 -0.164741
FixedParameters: 0 0 0

#Transform 188
Transform: AffineTransform_float_3_3
Parameters: 0.999998 0.0017212 -0.00157861 -0.0017188 0.999997 0.00139172 0.00158139 -0.00138828 0.999998 -0.166948 0.0704306 -0.120888
FixedParameters: 0 0 0

#Transform 189
Transform: AffineTransform_float_3_3
