# transform file /out/sourcedata/freesurfer/sub-v2s2x29072_ses-1/mri/transforms/cc_up.lta
# created by oesteban on Thu Mar 12 23:40:42 2026

type      = 0 # LINEAR_VOX_TO_VOX
nxforms   = 1
mean      = 131.0000 132.0000 122.0000
sigma     = 10000.0000
1 4 4
9.986137747764587e-01 -2.638127841055393e-02 4.554779827594757e-02 -3.826158523559570e+00 
2.635387890040874e-02 9.996519684791565e-01 1.202027429826558e-03 9.454622268676758e+00 
-4.556365683674812e-02 0.000000000000000e+00 9.989614486694336e-01 8.067878723144531e+00 
0.000000000000000e+00 0.000000000000000e+00 0.000000000000000e+00 1.000000000000000e+00 
src volume info
valid = 1  # volume info valid
filename = /out/sourcedata/freesurfer/sub-v2s2x29072_ses-1/mri/norm.mgz
volume = 256 256 256
voxelsize = 8.984375000000000e-01 8.984375000000000e-01 8.984375000000000e-01
xras   = -1.000000119209290e+00 0.000000000000000e+00 0.000000000000000e+00
yras   = 0.000000000000000e+00 0.000000000000000e+00 -1.000000000000000e+00
zras   = 0.000000000000000e+00 1.000000119209290e+00 0.000000000000000e+00
cras   = -1.836189270019531e+00 -9.974754333496094e+00 1.801869583129883e+01
dst volume info
valid = 1  # volume info valid
filename = /out/sourcedata/freesurfer/sub-v2s2x29072_ses-1/mri/norm.mgz
volume = 256 256 256
voxelsize = 8.984375000000000e-01 8.984375000000000e-01 8.984375000000000e-01
xras   = -1.000000119209290e+00 0.000000000000000e+00 0.000000000000000e+00
yras   = 0.000000000000000e+00 0.000000000000000e+00 -1.000000000000000e+00
zras   = 0.000000000000000e+00 1.000000119209290e+00 0.000000000000000e+00
cras   = -1.836189270019531e+00 -9.974754333496094e+00 1.801869583129883e+01
