#Insight Transform File V1.0
#Transform 0
Transform: AffineTransform_float_3_3
Parameters: 0.999998 0.000639328 0.00180889 -0.000639673 1 -0.000181157 -0.00180912 0.000180844 0.999999 -0.0451552 0.0444496 -0.0379547
FixedParameters: 0 0 0

#Transform 1
Transform: AffineTransform_float_3_3
Parameters: 0.999998 0.00033251 0.00159131 -0.000333489 0.999999 0.00093547 -0.00159169 -0.00093653 0.999999 -0.0281619 -0.0203833 0.0246159
FixedParameters: 0 0 0

#Transform 2
Transform: AffineTransform_float_3_3
Parameters: 0.999998 0.000705802 0.00180908 -0.0007062 0.999999 0.000109723 -0.00180892 -0.000110277 0.999999 -0.0670363 0.000948771 -0.00257238
FixedParameters: 0 0 0

#Transform 3
Transform: AffineTransform_float_3_3
Parameters: 0.999999 -0.000482879 0.00135969 0.00048212 0.999999 0.000647656 -0.00135931 -0.000646344 0.999999 0.0119628 -0.033198 0.00810206
FixedParameters: 0 0 0

#Transform 4
Transform: AffineTransform_float_3_3
Parameters: 1 -0.000483532 0.00109332 0.000482469 0.999999 0.00140053 -0.00109368 -0.00140047 0.999999 0.0283138 -0.04227 0.0296786
FixedParameters: 0 0 0

#Transform 5
Transform: AffineTransform_float_3_3
Parameters: 1 -0.000483722 0.00108924 0.000482277 0.999998 0.00158153 -0.00108976 -0.00158047 0.999998 0.0322633 -0.0269238 0.0343257
FixedParameters: 0 0 0

#Transform 6
Transform: AffineTransform_float_3_3
Parameters: 1 -0.0005691 0.000871633 0.000566899 0.999997 0.00240749 -0.000873367 -0.0024065 0.999996 0.0309037 -0.064397 0.0795564
FixedParameters: 0 0 0

#Transform 7
Transform: AffineTransform_float_3_3
Parameters: 1 0.000178051 0.00112031 -0.000179949 0.999999 0.0017398 -0.00111969 -0.0017402 0.999998 0.00333444 0.0123871 0.0383469
FixedParameters: 0 0 0

#Transform 8
Transform: AffineTransform_float_3_3
Parameters: 0.999999 -0.000483871 0.000850938 0.000482128 0.999998 0.00219841 -0.000852061 -0.00219759 0.999997 0.0350075 -0.0311031 0.0335031
FixedParameters: 0 0 0

#Transform 9
Transform: AffineTransform_float_3_3
Parameters: 0.999999 -0.000483366 0.000851225 0.000481631 0.999998 0.00160541 -0.000852774 -0.00160459 0.999999 0.0350053 -0.0238663 0.0290586
FixedParameters: 0 0 0

#Transform 10
Transform: AffineTransform_float_3_3
Parameters: 0.999999 -0.000482744 0.000587389 0.000482256 0.999999 0.00126628 -0.000587611 -0.00126572 0.999999 0.038241 -0.0264177 0.0247222
FixedParameters: 0 0 0

#Transform 11
Transform: AffineTransform_float_3_3
Parameters: 1 -0.000482849 0.000507193 0.000482152 0.999999 0.00167224 -0.000507806 -0.00167176 0.999998 -0.00983066 0.0501333 0.0738967
FixedParameters: 0 0 0

#Transform 12
Transform: AffineTransform_float_3_3
Parameters: 0.999999 -0.000880644 0.000384528 0.000880356 0.999998 0.00167234 -0.000385472 -0.00167166 0.999998 0.0151629 -0.0543159 0.0453977
FixedParameters: 0 0 0

#Transform 13
Transform: AffineTransform_float_3_3
Parameters: 1 -0.000482444 0.000385445 0.000481557 0.999999 0.00115119 -0.000385555 -0.00115181 1 0.00347868 0.051313 0.0186885
FixedParameters: 0 0 0

#Transform 14
Transform: AffineTransform_float_3_3
Parameters: 0.999999 -0.000793444 0.000385087 0.000793556 0.999999 0.00115131 -0.000385914 -0.00115169 1 0.016572 -0.0109784 0.0106352
FixedParameters: 0 0 0

#Transform 15
Transform: AffineTransform_float_3_3
Parameters: 1 -0.000482444 0.000385445 0.000481557 0.999999 0.00115119 -0.000385555 -0.00115181 1 0.00569322 0.0163831 0.0360669
FixedParameters: 0 0 0

#Transform 16
Transform: AffineTransform_float_3_3
Parameters: 1 -0.000482087 7.54452e-05 0.000481913 0.999999 0.00115104 -7.55547e-05 -0.00115096 1 0.00474553 -0.0294745 0.0325351
FixedParameters: 0 0 0

#Transform 17
Transform: AffineTransform_float_3_3
Parameters: 1 -0.000379567 0.000385442 0.000378433 0.999999 0.00147115 -0.000385557 -0.00147085 0.999999 -0.00702222 -0.0144939 0.0522748
FixedParameters: 0 0 0

#Transform 18
Transform: AffineTransform_float_3_3
Parameters: 1 -0.000482222 0.000385722 0.000481778 0.999999 0.000576186 -0.000385277 -0.000575814 1 0.00844894 -0.0444612 0.0189564
FixedParameters: 0 0 0

#Transform 19
Transform: AffineTransform_float_3_3
Parameters: 1 -2.92019e-05 0.000385985 2.87981e-05 1 0.000523011 -0.000386015 -0.000522989 1 -0.0140899 0.0426239 0.0272339
FixedParameters: 0 0 0

#Transform 20
Transform: AffineTransform_float_3_3
Parameters: 0.999999 0.000592373 -0.00040946 -0.000592626 1 0.000911243 0.00041054 -0.000910757 0.999999 -0.0133324 -0.0232291 0.0329943
FixedParameters: 0 0 0

#Transform 21
Transform: AffineTransform_float_3_3
Parameters: 1 0.000241678 0.000206378 -0.000242322 0.999999 0.00156295 -0.000205622 -0.00156205 0.999999 -0.0177577 -0.0222065 0.0773602
FixedParameters: 0 0 0

#Transform 22
Transform: AffineTransform_float_3_3
Parameters: 1 0.000249137 -0.00014777 -0.000248863 0.999999 0.000924036 0.00014823 -0.000923962 0.999999 -0.0161593 -0.0804817 0.0413763
FixedParameters: 0 0 0

#Transform 23
Transform: AffineTransform_float_3_3
Parameters: 1 -0.00030994 -4.14507e-05 0.000310061 0.999999 0.00145399 4.15492e-05 -0.00145401 0.999999 -0.0319762 -0.000652082 0.118236
FixedParameters: 0 0 0

#Transform 24
Transform: AffineTransform_float_3_3
Parameters: 1 -0.000481988 -0.000113051 0.000482012 1 0.000105946 0.000113949 -0.000106055 1 0.0144767 -0.00605237 0.0549871
FixedParameters: 0 0 0

#Transform 25
Transform: AffineTransform_float_3_3
Parameters: 1 -0.000482085 8.95439e-05 0.000481916 1 0.000946043 -8.94564e-05 -0.000946957 0.999999 -0.0126262 0.0338581 0.113996
FixedParameters: 0 0 0

#Transform 26
Transform: AffineTransform_float_3_3
Parameters: 0.999999 -0.000930016 -3.05192e-05 0.000929984 1 -0.000517029 3.14808e-05 0.000516971 1 0.0252371 0.00155942 0.0310375
FixedParameters: 0 0 0

#Transform 27
Transform: AffineTransform_float_3_3
Parameters: 0.999999 -0.000893017 -3.05151e-05 0.000892983 1 -0.000543028 3.14849e-05 0.000542972 1 0.0242069 0.0237438 0.0890963
FixedParameters: 0 0 0

#Transform 28
Transform: AffineTransform_float_3_3
Parameters: 1 -0.00057212 -0.000169594 0.000571879 0.999999 -0.000709097 0.000170405 0.000708902 0.999999 0.00881504 -0.00241603 0.0885027
FixedParameters: 0 0 0

#Transform 29
Transform: AffineTransform_float_3_3
Parameters: 1 -0.000348297 -0.000549811 0.000348702 1 -0.000541192 0.000550188 0.000540808 0.999999 -0.00596305 -0.0574429 0.0870757
FixedParameters: 0 0 0

#Transform 30
Transform: AffineTransform_float_3_3
Parameters: 1 -0.000380005 -0.000222992 0.000379995 1 -2.20847e-05 0.000223008 2.19153e-05 1 -0.0156264 -0.0232031 0.15534
FixedParameters: 0 0 0

#Transform 31
Transform: AffineTransform_float_3_3
Parameters: 1 -0.000141586 -0.000549849 0.000141414 1 -0.00106608 0.000550151 0.00106592 1 -0.0052842 0.00865517 0.0887578
FixedParameters: 0 0 0

#Transform 32
Transform: AffineTransform_float_3_3
Parameters: 1 0.000353658 -0.000446271 -0.000354341 0.999999 -0.000765841 0.000445728 0.000766157 0.999999 -0.053828 -0.0731154 0.18889
FixedParameters: 0 0 0

#Transform 33
Transform: AffineTransform_float_3_3
Parameters: 1 0.0006852 -0.000864635 -0.000685801 1 -0.000925408 0.000864366 0.000926593 0.999999 -0.0574667 -0.00822913 0.125117
FixedParameters: 0 0 0

#Transform 34
Transform: AffineTransform_float_3_3
Parameters: 1 0.000512884 -0.000931064 -0.000513116 1 -0.000124522 0.000930936 0.000125477 0.999999 -0.0521729 -0.0168356 0.176358
FixedParameters: 0 0 0

#Transform 35
Transform: AffineTransform_float_3_3
Parameters: 1 0.000548751 -0.00085416 -0.000548248 1 -0.000290532 0.00085384 0.000291469 0.999999 -0.0540548 -0.0447018 0.15374
FixedParameters: 0 0 0

#Transform 36
Transform: AffineTransform_float_3_3
Parameters: 1 0.000508494 -0.00101125 -0.000508505 0.999999 -0.000499486 0.00101075 0.000500514 1 -0.0510438 -0.0286665 0.110542
FixedParameters: 0 0 0

#Transform 37
Transform: AffineTransform_float_3_3
Parameters: 1 0.000367977 -0.000515016 -0.000368023 1 -4.48105e-05 0.000514983 4.51895e-05 1 -0.0533717 -0.00927824 0.168586
FixedParameters: 0 0 0

#Transform 38
Transform: AffineTransform_float_3_3
Parameters: 1 0.000683381 -0.000812522 -0.000683621 1 -0.000762446 0.000812479 0.000763556 1 -0.0580678 -0.0362449 0.127613
FixedParameters: 0 0 0

#Transform 39
Transform: AffineTransform_float_3_3
Parameters: 0.999999 0.000375672 -0.000914134 -0.000376328 1 -0.000358656 0.000913864 0.000358343 0.999999 -0.0488023 0.000113136 0.134877
FixedParameters: 0 0 0

#Transform 40
Transform: AffineTransform_float_3_3
Parameters: 1 0.000391072 -0.000521945 -0.000390927 1 0.000139204 0.000522054 -0.000138796 1 -0.0487279 -0.0133219 0.150455
FixedParameters: 0 0 0

#Transform 41
Transform: AffineTransform_float_3_3
Parameters: 0.999999 0.000625619 -0.000519458 -0.00062638 0.999999 -0.000732674 0.000518541 0.000732324 0.999999 -0.058035 0.0319066 0.0996419
FixedParameters: 0 0 0

#Transform 42
Transform: AffineTransform_float_3_3
Parameters: 0.999999 0.000726143 -0.000566815 -0.000725855 0.999999 0.000254411 0.000567184 -0.000253588 1 -0.062169 0.0282212 0.132307
FixedParameters: 0 0 0

#Transform 43
Transform: AffineTransform_float_3_3
Parameters: 0.999999 0.000548676 -0.000567312 -0.000548323 0.999999 -0.000569689 0.000566687 0.000570311 0.999999 -0.0574752 -0.0486533 0.074858
FixedParameters: 0 0 0

#Transform 44
Transform: AffineTransform_float_3_3
Parameters: 0.999999 0.00055912 -0.000566881 -0.000559879 1 0.000212317 0.000567119 -0.000212683 1 -0.0576836 -0.00953083 0.142314
FixedParameters: 0 0 0

#Transform 45
Transform: AffineTransform_float_3_3
Parameters: 1 0.000558532 -0.000421621 -0.000559469 0.999999 -0.00111176 0.000421379 0.00111124 1 -0.0616322 -0.0266289 0.145541
FixedParameters: 0 0 0

#Transform 46
Transform: AffineTransform_float_3_3
Parameters: 0.999999 0.00056485 -0.000567149 -0.000565149 1 -0.000263679 0.000566851 0.00026332 1 -0.0578906 -0.0224285 0.171311
FixedParameters: 0 0 0

#Transform 47
Transform: AffineTransform_float_3_3
Parameters: 0.999999 0.000520908 -0.000567084 -0.000521092 1 -0.000161704 0.000566915 0.000162295 1 -0.0567484 0.0322854 0.162369
FixedParameters: 0 0 0

#Transform 48
Transform: AffineTransform_float_3_3
Parameters: 1 0.000601904 -0.00102065 -0.000603096 0.999999 -0.00107439 0.00101935 0.00107461 0.999999 -0.0533493 -0.00485686 0.145097
FixedParameters: 0 0 0

#Transform 49
Transform: AffineTransform_float_3_3
Parameters: 0.999999 0.000460781 -0.000748134 -0.000461218 1 -0.000291655 0.000747865 0.000292345 0.999999 -0.0642275 -0.028282 0.191243
FixedParameters: 0 0 0

#Transform 50
Transform: AffineTransform_float_3_3
Parameters: 0.999999 0.000995316 -0.00090975 -0.000995685 0.999999 -0.000752095 0.000909251 0.000752906 1 -0.0749524 -0.0113019 0.157633
FixedParameters: 0 0 0

#Transform 51
Transform: AffineTransform_float_3_3
Parameters: 0.999999 0.000678419 -0.00102039 -0.000679581 0.999999 -0.000569307 0.00101961 0.000569692 1 -0.0553643 -0.0477267 0.136737
FixedParameters: 0 0 0

#Transform 52
Transform: AffineTransform_float_3_3
Parameters: 1 0.000823648 -0.000768378 -0.000824353 0.999999 -0.000458366 0.000768622 0.000458633 0.999999 -0.0621668 0.0182277 0.15389
FixedParameters: 0 0 0

#Transform 53
Transform: AffineTransform_float_3_3
Parameters: 1 0.000842741 -0.000563387 -0.000843259 0.999999 -0.000458525 0.000563613 0.000459475 0.999999 -0.0651302 -0.000994329 0.11186
FixedParameters: 0 0 0

#Transform 54
Transform: AffineTransform_float_3_3
Parameters: 0.999999 0.000772856 -0.000645171 -0.000773142 0.999999 -0.000221501 0.000644828 0.000222498 1 -0.0798807 -0.0520797 0.135814
FixedParameters: 0 0 0

#Transform 55
Transform: AffineTransform_float_3_3
Parameters: 0.999999 0.000949185 -0.000925836 -0.000949815 0.999999 -0.000880122 0.000925164 0.000880879 0.999999 -0.0832961 -0.0187871 0.116915
FixedParameters: 0 0 0

#Transform 56
Transform: AffineTransform_float_3_3
Parameters: 0.999999 0.000843436 -0.000953616 -0.000843565 1 0.000456805 0.000954386 -0.000456196 1 -0.0747218 -0.0404592 0.196926
FixedParameters: 0 0 0

#Transform 57
Transform: AffineTransform_float_3_3
Parameters: 0.999999 0.00130631 -0.000641407 -0.00130669 0.999998 -0.00107616 0.000640594 0.00107684 0.999999 -0.0949041 0.081454 0.0599777
FixedParameters: 0 0 0

#Transform 58
Transform: AffineTransform_float_3_3
Parameters: 0.999998 0.00157848 -0.00062179 -0.00157752 0.999999 0.000766983 0.000623209 -0.000766018 1 -0.101423 0.082482 0.0603477
FixedParameters: 0 0 0

#Transform 59
Transform: AffineTransform_float_3_3
Parameters: 0.999999 0.00130708 -0.000812867 -0.00130692 0.999999 0.000102062 0.000813132 -0.000100937 0.999999 -0.0783664 -0.146155 0.0196005
FixedParameters: 0 0 0

#Transform 60
Transform: AffineTransform_float_3_3
Parameters: 0.999999 0.001171 -0.000563003 -0.001171 1 -2.34072e-06 0.000562997 2.65927e-06 1 -0.0882903 -0.0087611 0.0907033
FixedParameters: 0 0 0

#Transform 61
Transform: AffineTransform_float_3_3
Parameters: 1 0.000962423 -0.000690805 -0.000963577 0.999999 -0.000835335 0.000689195 0.000836664 1 -0.0737644 -0.00963579 0.0998554
FixedParameters: 0 0 0

#Transform 62
Transform: AffineTransform_float_3_3
Parameters: 1 0.000897619 -0.000793431 -0.00089838 0.999999 -0.000479287 0.000792568 0.000480711 0.999999 -0.0854284 0.0204749 0.185083
FixedParameters: 0 0 0

#Transform 63
Transform: AffineTransform_float_3_3
Parameters: 0.999998 0.000641454 -0.00146911 -0.000643546 0.999999 -0.00173306 0.00146789 0.00173395 0.999998 -0.0669329 -0.00179458 0.14751
FixedParameters: 0 0 0

#Transform 64
Transform: AffineTransform_float_3_3
Parameters: 0.999998 0.000551846 -0.00151742 -0.000553152 1 -0.000759162 0.00151658 0.000760838 0.999998 -0.0661946 0.0611726 0.153693
FixedParameters: 0 0 0

#Transform 65
Transform: AffineTransform_float_3_3
Parameters: 0.999999 0.000536759 -0.00114306 -0.000539242 0.999998 -0.00196039 0.00114295 0.00196162 0.999998 -0.0503 -0.0215754 0.101531
FixedParameters: 0 0 0

#Transform 66
Transform: AffineTransform_float_3_3
Parameters: 0.999999 0.000126393 -0.00134715 -0.000127607 1 -0.00119283 0.00134685 0.00119317 0.999999 -0.0371174 0.0200237 0.139996
FixedParameters: 0 0 0

#Transform 67
Transform: AffineTransform_float_3_3
Parameters: 0.999999 0.000412705 -0.0013474 -0.000414295 1 -0.000961443 0.0013466 0.000961557 0.999998 -0.0445523 -0.0201596 0.141804
FixedParameters: 0 0 0

#Transform 68
Transform: AffineTransform_float_3_3
Parameters: 0.999999 0.000138628 -0.000981194 -0.000140371 0.999999 -0.00139786 0.000980804 0.00139814 0.999998 -0.0418784 -0.0351902 0.13776
FixedParameters: 0 0 0

#Transform 69
Transform: AffineTransform_float_3_3
Parameters: 0.999999 -1.15194e-05 -0.00134699 9.48057e-06 1 -0.00112801 0.00134701 0.00112799 0.999999 -0.0448112 -0.0153944 0.179638
FixedParameters: 0 0 0

#Transform 70
Transform: AffineTransform_float_3_3
Parameters: 0.999999 9.65858e-05 -0.00100514 -9.84138e-05 0.999999 -0.0014069 0.00100486 0.0014071 0.999998 -0.0589607 0.0069764 0.167282
FixedParameters: 0 0 0

#Transform 71
Transform: AffineTransform_float_3_3
Parameters: 0.999999 -0.000190032 -0.000789752 0.000188967 0.999999 -0.00130715 0.000790247 0.00130685 0.999999 -0.0491844 -0.0491409 0.197745
FixedParameters: 0 0 0

#Transform 72
Transform: AffineTransform_float_3_3
Parameters: 1 0.000117104 -0.000406259 -0.000117895 0.999997 -0.00220595 0.000405741 0.00220605 0.999998 -0.0616876 0.061589 0.116411
FixedParameters: 0 0 0

#Transform 73
Transform: AffineTransform_float_3_3
Parameters: 1 -0.000184274 -0.00105578 0.000182725 1 -0.00120719 0.00105622 0.00120681 0.999998 -0.0498232 -0.0293233 0.142077
FixedParameters: 0 0 0

#Transform 74
Transform: AffineTransform_float_3_3
Parameters: 1 1.62009e-05 -0.00065502 -1.67991e-05 1 -0.00121999 0.00065498 0.00122001 0.999999 -0.0649719 0.0399313 0.139492
FixedParameters: 0 0 0

#Transform 75
Transform: AffineTransform_float_3_3
Parameters: 0.999999 2.73596e-06 -0.000756006 -3.26403e-06 0.999998 -0.001672 0.000755996 0.001672 0.999999 -0.0688665 0.0463238 0.134611
FixedParameters: 0 0 0

#Transform 76
Transform: AffineTransform_float_3_3
Parameters: 1 0.000141206 -0.0011171 -0.000141794 0.999999 -0.000710842 0.0011169 0.000711158 0.999999 -0.0808527 0.0399334 0.18313
FixedParameters: 0 0 0

#Transform 77
Transform: AffineTransform_float_3_3
Parameters: 0.999999 0.000286015 -0.00119848 -0.000287983 0.999998 -0.00165566 0.00119752 0.00165634 0.999998 -0.0837479 -0.0437373 0.114772
FixedParameters: 0 0 0

#Transform 78
Transform: AffineTransform_float_3_3
Parameters: 0.999999 0.000287195 -0.00145716 -0.000287804 1 -0.000551581 0.00145684 0.000552419 0.999999 -0.0751705 -0.0960191 0.193737
FixedParameters: 0 0 0

#Transform 79
Transform: AffineTransform_float_3_3
Parameters: 0.999999 -7.8146e-05 -0.000864897 7.68551e-05 0.999999 -0.00132507 0.000864102 0.00132493 0.999998 -0.0628906 -0.035586 0.152247
FixedParameters: 0 0 0

#Transform 80
Transform: AffineTransform_float_3_3
Parameters: 0.999999 -0.000122596 -0.000864775 0.000121406 0.999999 -0.00184511 0.000864225 0.0018449 0.999998 -0.0645479 0.0240339 0.129472
FixedParameters: 0 0 0

#Transform 81
Transform: AffineTransform_float_3_3
Parameters: 0.999999 7.39143e-05 -0.000865093 -7.40855e-05 0.999999 -0.00125494 0.000864907 0.00125506 0.999999 -0.0602221 0.035998 0.0787383
FixedParameters: 0 0 0

#Transform 82
Transform: AffineTransform_float_3_3
Parameters: 0.999999 2.12301e-05 -0.000865019 -2.17698e-05 0.999999 -0.000889981 0.000864981 0.000890019 0.999999 -0.0619961 -0.107535 0.0906221
FixedParameters: 0 0 0

#Transform 83
Transform: AffineTransform_float_3_3
Parameters: 0.999999 0.000287149 -0.000865283 -0.000287851 1 -0.000983752 0.000864717 0.000983249 0.999999 -0.0774152 -0.0510423 0.118678
FixedParameters: 0 0 0

#Transform 84
Transform: AffineTransform_float_3_3
Parameters: 1 0.000286669 -0.00118832 -0.000287332 1 -0.00112066 0.00118768 0.00112034 0.999998 -0.0799367 -0.0261727 0.124759
FixedParameters: 0 0 0

#Transform 85
Transform: AffineTransform_float_3_3
Parameters: 0.999999 0.000287205 -0.00138616 -0.000287794 1 -0.000572601 0.00138584 0.000573398 0.999999 -0.0873756 0.0105361 0.194274
FixedParameters: 0 0 0

#Transform 86
Transform: AffineTransform_float_3_3
Parameters: 0.999998 0.000569596 -0.00182444 -0.000570403 0.999999 -0.00076896 0.00182356 0.00077004 0.999998 -0.114635 -0.0205277 0.182818
FixedParameters: 0 0 0

#Transform 87
Transform: AffineTransform_float_3_3
Parameters: 0.999999 0.000286013 -0.00182431 -0.000287986 1 -0.00108848 0.00182369 0.00108952 0.999997 -0.103253 -0.0216095 0.183129
FixedParameters: 0 0 0

#Transform 88
Transform: AffineTransform_float_3_3
Parameters: 1 0.000286733 -0.00116131 -0.000288268 1 -0.00109167 0.00116069 0.00109133 0.999998 -0.107054 -0.0223687 0.202363
FixedParameters: 0 0 0

#Transform 89
Transform: AffineTransform_float_3_3
Parameters: 1 0.000286464 -0.00103843 -0.000287537 0.999999 -0.0014797 0.00103858 0.0014793 0.999999 -0.112085 0.0164682 0.152634
FixedParameters: 0 0 0

#Transform 90
Transform: AffineTransform_float_3_3
Parameters: 0.999998 0.000572976 -0.00154038 -0.000574023 0.999999 -0.000664116 0.00153962 0.000664883 0.999998 -0.102892 0.00314621 0.223295
FixedParameters: 0 0 0

#Transform 91
Transform: AffineTransform_float_3_3
Parameters: 0.999999 0.000286398 -0.0015403 -0.000287601 1 -0.00103956 0.0015397 0.00104044 0.999999 -0.0799894 -0.052015 0.157891
FixedParameters: 0 0 0

#Transform 92
Transform: AffineTransform_float_3_3
Parameters: 0.999999 0.000287567 -0.0012971 -0.000287433 1 -0.000333627 0.0012969 0.000334373 0.999999 -0.0849269 -0.0110431 0.203325
FixedParameters: 0 0 0

#Transform 93
Transform: AffineTransform_float_3_3
Parameters: 1 0.00039973 -0.00106248 -0.00040027 0.999999 -0.00119558 0.00106152 0.00119643 0.999998 -0.0886075 -0.025828 0.161459
FixedParameters: 0 0 0

#Transform 94
Transform: AffineTransform_float_3_3
Parameters: 0.999999 0.000287848 -0.00127503 -0.000288153 1 -0.000119633 0.00127497 0.000119367 0.999999 -0.0832292 -0.0596194 0.265313
FixedParameters: 0 0 0

#Transform 95
Transform: AffineTransform_float_3_3
Parameters: 1 -3.89704e-05 -0.001022 3.90296e-05 1 2.89601e-05 0.001022 -2.90399e-05 1 -0.0775237 -0.0591495 0.180023
FixedParameters: 0 0 0

#Transform 96
Transform: AffineTransform_float_3_3
Parameters: 1 0.00015315 -0.00104313 -0.00015385 0.999999 -0.00081484 0.00104288 0.00081516 0.999999 -0.0823321 -0.00276724 0.163652
FixedParameters: 0 0 0

#Transform 97
Transform: AffineTransform_float_3_3
Parameters: 0.999999 0.000104437 -0.00151604 -0.000105564 1 -0.00037184 0.00151596 0.000371159 0.999999 -0.0789354 0.0191978 0.216038
FixedParameters: 0 0 0

#Transform 98
Transform: AffineTransform_float_3_3
Parameters: 0.999999 -8.08322e-05 -0.00151596 8.01681e-05 1 -0.000549122 0.00151504 0.000548878 0.999998 -0.0706258 -0.0363346 0.195923
FixedParameters: 0 0 0

#Transform 99
Transform: AffineTransform_float_3_3
Parameters: 0.999999 -0.000158333 -0.00124696 0.000158667 1 -0.000267198 0.00124704 0.000266803 0.999999 -0.0536428 -0.0748487 0.218384
FixedParameters: 0 0 0

#Transform 100
Transform: AffineTransform_float_3_3
Parameters: 1 -0.000245925 -0.00111402 0.000245076 1 6.7727e-05 0.00111398 -6.7274e-05 1 -0.0650338 -0.0298482 0.235197
FixedParameters: 0 0 0

#Transform 101
Transform: AffineTransform_float_3_3
Parameters: 1 -0.000141406 -0.00121184 0.000139594 1 -0.00116017 0.00121216 0.00115983 0.999998 -0.057279 0.0406963 0.195155
FixedParameters: 0 0 0

#Transform 102
Transform: AffineTransform_float_3_3
Parameters: 1 -0.000141288 -0.00111384 0.000139713 1 -0.00115516 0.00111416 0.00115584 0.999998 -0.0737984 0.0330779 0.217179
FixedParameters: 0 0 0

#Transform 103
Transform: AffineTransform_float_3_3
Parameters: 0.999998 -0.00164989 -0.00053728 0.00164911 0.999998 -0.00164889 0.000539719 0.00164811 0.999998 -0.0220085 -0.0233164 0.185597
FixedParameters: 0 0 0

#Transform 104
Transform: AffineTransform_float_3_3
Parameters: 0.999997 -0.00235907 -7.38554e-05 0.00235893 0.999997 -0.000909176 7.61441e-05 0.000908822 0.999999 0.0134985 0.0315455 0.26059
FixedParameters: 0 0 0

#Transform 105
Transform: AffineTransform_float_3_3
Parameters: 0.999997 -0.00235901 -5.20234e-07 0.002359 0.999996 -0.00189901 5.47974e-06 0.00189899 0.999998 0.0330679 0.00390394 0.184116
FixedParameters: 0 0 0

#Transform 106
Transform: AffineTransform_float_3_3
Parameters: 0.999997 -0.00235959 -0.000537399 0.00235841 0.999996 -0.00110327 0.000539603 0.00110273 0.999999 0.0355193 0.0227813 0.223171
FixedParameters: 0 0 0

#Transform 107
Transform: AffineTransform_float_3_3
Parameters: 0.999997 -0.00235956 -0.000537526 0.00235843 0.999996 -0.00104927 0.000539473 0.00104773 1 0.0355852 0.00214833 0.191237
FixedParameters: 0 0 0

#Transform 108
Transform: AffineTransform_float_3_3
Parameters: 0.999994 -0.00348587 0.000177516 0.00348613 0.999993 -0.000721385 -0.000174485 0.000721612 0.999999 0.086058 0.000230698 0.16742
FixedParameters: 0 0 0

#Transform 109
Transform: AffineTransform_float_3_3
Parameters: 0.999996 -0.00275728 -0.000331685 0.00275672 0.999996 -0.000839917 0.000334314 0.000839081 0.999999 0.0822496 0.0497365 0.159023
FixedParameters: 0 0 0

#Transform 110
Transform: AffineTransform_float_3_3
Parameters: 0.999997 -0.00250845 -0.000243357 0.00250855 0.999995 -0.00185162 0.000247643 0.00185039 0.999999 0.0777401 0.0463294 0.0806628
FixedParameters: 0 0 0

#Transform 111
Transform: AffineTransform_float_3_3
Parameters: 0.999996 -0.00281639 -0.000429461 0.00281561 0.999995 -0.000902213 0.000432541 0.000901786 1 0.0743675 0.0366371 0.12199
FixedParameters: 0 0 0

#Transform 112
Transform: AffineTransform_float_3_3
Parameters: 0.999999 -0.00132934 -0.00037881 0.00132966 0.999998 -0.000895504 0.000380191 0.000895495 0.999999 0.0441891 0.0877949 -0.0170353
FixedParameters: 0 0 0

#Transform 113
Transform: AffineTransform_float_3_3
Parameters: 0.999999 -0.000753244 -0.00110816 0.000751756 0.999999 -0.00112283 0.00110884 0.00112117 0.999999 -0.00080945 -0.0246139 0.203779
FixedParameters: 0 0 0

#Transform 114
Transform: AffineTransform_float_3_3
Parameters: 0.999999 -0.00127609 -0.000911471 0.00127491 0.999999 -0.00119916 0.000913528 0.00119784 0.999999 0.0267607 -0.0349811 0.104077
FixedParameters: 0 0 0

#Transform 115
Transform: AffineTransform_float_3_3
Parameters: 0.999999 -0.00116647 -0.000969235 0.00116553 0.999998 -0.00151513 0.000970766 0.00151387 0.999999 0.0308306 0.0346538 0.0809228
FixedParameters: 0 0 0

#Transform 116
Transform: AffineTransform_float_3_3
Parameters: 0.999999 -0.000859418 -0.00124502 0.000857582 0.999999 -0.00113907 0.00124598 0.00113793 0.999998 0.00190293 -0.0019342 0.0797531
FixedParameters: 0 0 0

#Transform 117
Transform: AffineTransform_float_3_3
Parameters: 0.999999 -0.000380923 -0.00181339 0.000378076 0.999998 -0.00161269 0.00181361 0.00161131 0.999997 -0.0324457 -0.019168 0.03648
FixedParameters: 0 0 0

#Transform 118
Transform: AffineTransform_float_3_3
Parameters: 0.999998 6.66956e-05 -0.00205111 -7.0306e-05 0.999998 -0.00161186 0.00205089 0.00161114 0.999996 -0.0696994 0.0358172 0.0596717
FixedParameters: 0 0 0

#Transform 119
Transform: AffineTransform_float_3_3
Parameters: 0.999998 -0.000125418 -0.00198685 0.000123583 1 -0.00121725 0.00198615 0.00121675 0.999998 -0.0371377 -0.0120617 0.0578844
FixedParameters: 0 0 0

#Transform 120
Transform: AffineTransform_float_3_3
Parameters: 0.999999 0.000237905 -0.00180155 -0.000242093 0.999998 -0.00227257 0.00180045 0.00227343 0.999996 -0.0486674 0.0454866 -0.0499388
FixedParameters: 0 0 0

#Transform 121
Transform: AffineTransform_float_3_3
Parameters: 0.999998 0.000296854 -0.00198747 -0.000299146 0.999998 -0.00158341 0.00198653 0.00158359 0.999997 -0.0658212 0.013948 -0.0259561
FixedParameters: 0 0 0

#Transform 122
Transform: AffineTransform_float_3_3
Parameters: 0.999998 0.000625371 -0.00198815 -0.000628628 0.999998 -0.00182476 0.00198686 0.00182625 0.999997 -0.0908364 0.0180754 -0.0254477
FixedParameters: 0 0 0

#Transform 123
Transform: AffineTransform_float_3_3
Parameters: 0.999997 0.000875551 -0.00198852 -0.000879448 0.999998 -0.00173425 0.00198648 0.00173574 0.999996 -0.108933 0.0432412 -0.0232081
FixedParameters: 0 0 0

#Transform 124
Transform: AffineTransform_float_3_3
Parameters: 0.999997 0.000876525 -0.00198809 -0.000879474 0.999999 -0.00124425 0.00198691 0.00124574 0.999997 -0.121703 -0.0050965 0.0137693
FixedParameters: 0 0 0

#Transform 125
Transform: AffineTransform_float_3_3
Parameters: 0.999997 0.00136602 -0.00198974 -0.00136998 0.999997 -0.00200128 0.00198626 0.00200472 0.999996 -0.121844 0.0283653 -0.028543
FixedParameters: 0 0 0

#Transform 126
Transform: AffineTransform_float_3_3
Parameters: 0.999997 0.00134947 -0.0019894 -0.00135353 0.999997 -0.00177431 0.0019866 0.00177668 0.999996 -0.129481 0.0512132 -0.00289835
FixedParameters: 0 0 0

#Transform 127
Transform: AffineTransform_float_3_3
Parameters: 0.999996 0.00197219 -0.00206664 -0.00197581 0.999997 -0.00184193 0.00206236 0.00184608 0.999996 -0.159078 0.0289876 0.0190614
FixedParameters: 0 0 0

#Transform 128
Transform: AffineTransform_float_3_3
Parameters: 0.999995 0.00196983 -0.00220074 -0.00197417 0.999997 -0.00189466 0.00219726 0.00189934 0.999996 -0.151037 -0.00187738 -0.0259207
FixedParameters: 0 0 0

#Transform 129
Transform: AffineTransform_float_3_3
Parameters: 0.999995 0.00214664 -0.00227417 -0.00214935 0.999996 -0.00147312 0.00227083 0.00147888 0.999997 -0.160732 0.0693536 -0.00882177
FixedParameters: 0 0 0

#Transform 130
Transform: AffineTransform_float_3_3
Parameters: 0.999995 0.00214463 -0.00239781 -0.00214936 0.999995 -0.00223786 0.00239219 0.00224314 0.999994 -0.156139 -0.000216989 -0.0720035
FixedParameters: 0 0 0

#Transform 131
Transform: AffineTransform_float_3_3
Parameters: 0.999995 0.00214576 -0.00235088 -0.00214924 0.999996 -0.00180296 0.00234712 0.00180804 0.999995 -0.15612 0.0565286 -0.00882786
FixedParameters: 0 0 0

#Transform 132
Transform: AffineTransform_float_3_3
Parameters: 0.999994 0.00214351 -0.00280297 -0.00214949 0.999995 -0.00231299 0.00279803 0.00231901 0.999994 -0.150459 0.04286 -0.0669475
FixedParameters: 0 0 0

#Transform 133
Transform: AffineTransform_float_3_3
Parameters: 0.999994 0.00214302 -0.00280335 -0.00214998 0.999994 -0.00248999 0.00279765 0.00249601 0.999993 -0.144505 0.0378669 -0.060245
FixedParameters: 0 0 0

#Transform 134
Transform: AffineTransform_float_3_3
Parameters: 0.999995 0.00200163 -0.00247554 -0.00200637 0.999997 -0.00176504 0.00247246 0.00176996 0.999996 -0.132713 0.01874 -0.0207044
FixedParameters: 0 0 0

#Transform 135
Transform: AffineTransform_float_3_3
Parameters: 0.999995 0.0021441 -0.0023045 -0.0021499 0.999995 -0.00256106 0.0022995 0.00256594 0.999994 -0.138506 0.0260108 -0.0794405
FixedParameters: 0 0 0

#Transform 136
Transform: AffineTransform_float_3_3
Parameters: 0.999994 0.00214424 -0.0026357 -0.00214976 0.999996 -0.00218535 0.0026313 0.00219066 0.999994 -0.131567 0.10924 -0.0569609
FixedParameters: 0 0 0

#Transform 137
Transform: AffineTransform_float_3_3
Parameters: 0.999994 0.00214516 -0.00246921 -0.00214984 0.999996 -0.0019597 0.00246478 0.0019653 0.999995 -0.136533 0.083853 -0.0360975
FixedParameters: 0 0 0

#Transform 138
Transform: AffineTransform_float_3_3
Parameters: 0.999995 0.00223066 -0.00212861 -0.00223634 0.999995 -0.00251125 0.00212238 0.00251675 0.999994 -0.146861 0.00447639 -0.0857467
FixedParameters: 0 0 0

#Transform 139
Transform: AffineTransform_float_3_3
Parameters: 0.999996 0.00184122 -0.00212715 -0.00184678 0.999996 -0.00224808 0.00212285 0.00225192 0.999995 -0.126219 0.0638245 -0.0467855
FixedParameters: 0 0 0

#Transform 140
Transform: AffineTransform_float_3_3
Parameters: 0.999996 0.00214482 -0.00212824 -0.00214918 0.999994 -0.00243544 0.00212277 0.00244056 0.999995 -0.140721 0.0384816 -0.0242199
FixedParameters: 0 0 0

#Transform 141
Transform: AffineTransform_float_3_3
Parameters: 0.999996 0.00214393 -0.00212913 -0.00215007 0.999993 -0.00285143 0.00212287 0.00285656 0.999993 -0.140676 0.0484063 -0.0354431
FixedParameters: 0 0 0

#Transform 142
Transform: AffineTransform_float_3_3
Parameters: 0.999995 0.00214433 -0.00230828 -0.00214966 0.999994 -0.00245505 0.00230273 0.00245995 0.999995 -0.159325 0.0507298 -0.0235851
FixedParameters: 0 0 0

#Transform 143
Transform: AffineTransform_float_3_3
Parameters: 0.999996 0.00214615 -0.00173578 -0.00214985 0.999995 -0.00222128 0.00173123 0.00222472 0.999996 -0.164332 0.026102 -0.0437564
FixedParameters: 0 0 0

#Transform 144
Transform: AffineTransform_float_3_3
Parameters: 0.999997 0.00195424 -0.00151528 -0.00195577 0.999998 -0.00116404 0.00151372 0.00116696 0.999998 -0.142979 0.0704467 0.0250954
FixedParameters: 0 0 0

#Transform 145
Transform: AffineTransform_float_3_3
Parameters: 0.999998 0.00187027 -0.000252001 -0.00187073 0.999997 0.00106947 0.000254 -0.00106853 1 -0.13459 -0.00763144 0.141452
FixedParameters: 0 0 0

#Transform 146
Transform: AffineTransform_float_3_3
Parameters: 0.999998 0.00166207 0.000204426 -0.00166193 0.999998 -0.00034534 -0.000204575 0.00034566 1 -0.134567 0.0443292 0.0615506
FixedParameters: 0 0 0

#Transform 147
Transform: AffineTransform_float_3_3
Parameters: 0.999999 0.00125904 -0.000388875 -0.00125896 0.999999 9.94897e-05 0.000389124 -9.85102e-05 1 -0.116926 -0.0251721 0.120932
FixedParameters: 0 0 0

#Transform 148
Transform: AffineTransform_float_3_3
Parameters: 0.999999 0.00175863 -0.000272427 -0.00175938 0.999998 -0.00137952 0.000270574 0.00137948 0.999999 -0.133353 0.079191 0.0215132
FixedParameters: 0 0 0

#Transform 149
Transform: AffineTransform_float_3_3
Parameters: 0.999999 0.000883907 -4.96813e-05 -0.000883093 0.999998 -0.00190196 4.83204e-05 0.00190204 0.999998 -0.129 -0.0855557 0.26949
FixedParameters: 0 0 0

#Transform 150
Transform: AffineTransform_float_3_3
Parameters: 1 0.00116116 7.35431e-05 -0.00116084 0.999997 -0.00211609 -7.54565e-05 0.00211591 0.999998 -0.140841 -0.0921791 0.203351
FixedParameters: 0 0 0

#Transform 151
Transform: AffineTransform_float_3_3
Parameters: 1 0.00067195 -2.53587e-05 -0.000672051 0.999997 -0.00202198 2.46412e-05 0.00202202 0.999998 -0.128515 -0.0133545 0.28636
FixedParameters: 0 0 0

#Transform 152
Transform: AffineTransform_float_3_3
Parameters: 1 0.000671648 -0.000212119 -0.000672352 0.999999 -0.00166586 0.00021088 0.00166614 0.999998 -0.128568 -0.0257716 0.266852
FixedParameters: 0 0 0

#Transform 153
Transform: AffineTransform_float_3_3
Parameters: 1 0.000546018 -0.000436232 -0.000546982 0.999998 -0.00225476 0.000434768 0.00225524 0.999998 -0.108658 -0.0850846 0.204768
FixedParameters: 0 0 0

#Transform 154
Transform: AffineTransform_float_3_3
Parameters: 1 0.000384541 -0.000260678 -0.000385459 0.999999 -0.0017619 0.000260321 0.0017621 0.999999 -0.11641 -0.0264581 0.215957
FixedParameters: 0 0 0

#Transform 155
Transform: AffineTransform_float_3_3
Parameters: 1 0.000671946 -2.54635e-05 -0.000672055 0.999998 -0.00217798 2.45363e-05 0.00217802 0.999997 -0.127818 -0.0363663 0.146899
FixedParameters: 0 0 0

#Transform 156
Transform: AffineTransform_float_3_3
Parameters: 1 0.000475543 -0.000333653 -0.000476458 0.999999 -0.00137184 0.000333347 0.00137216 0.999999 -0.127526 -0.0659912 0.178098
FixedParameters: 0 0 0

#Transform 157
Transform: AffineTransform_float_3_3
Parameters: 0.999999 0.000771279 0.000155622 -0.000770722 0.999998 -0.00178712 -0.000156377 0.00178688 0.999999 -0.132244 0.028823 0.108027
FixedParameters: 0 0 0

#Transform 158
Transform: AffineTransform_float_3_3
Parameters: 1 0.000672021 0.000169915 -0.000671978 1 -0.000127114 -0.000170085 0.000126886 1 -0.111678 -0.0470931 0.166245
FixedParameters: 0 0 0

#Transform 159
Transform: AffineTransform_float_3_3
Parameters: 0.999999 0.00079615 0.000100819 -0.00079585 0.999998 -0.00148408 -0.000101181 0.00148392 0.999999 -0.116088 0.00362319 0.102036
FixedParameters: 0 0 0

#Transform 160
Transform: AffineTransform_float_3_3
Parameters: 0.999999 0.00073221 0.000219298 -0.00073179 1 -0.000958161 -0.000219701 0.000957839 0.999999 -0.13606 -0.00614168 0.141398
FixedParameters: 0 0 0

#Transform 161
Transform: AffineTransform_float_3_3
Parameters: 0.999999 0.00125565 0.000318454 -0.00125435 0.999997 -0.0020284 -0.000320544 0.0020276 0.999998 -0.158949 -0.0469592 0.0652923
FixedParameters: 0 0 0

#Transform 162
Transform: AffineTransform_float_3_3
Parameters: 1 0.00109633 0.000185035 -0.00109667 0.999998 -0.0017932 -0.000186968 0.0017938 0.999999 -0.163062 -0.0668307 0.122877
FixedParameters: 0 0 0

#Transform 163
Transform: AffineTransform_float_3_3
Parameters: 0.999998 0.00197033 0.00018353 -0.00196968 0.999997 -0.00176137 -0.000186471 0.00176164 0.999999 -0.204174 -0.0473084 0.0935027
FixedParameters: 0 0 0

#Transform 164
Transform: AffineTransform_float_3_3
Parameters: 0.999998 0.00197052 0.000181396 -0.00196948 0.999994 -0.00284436 -0.000186604 0.00284464 0.999996 -0.211316 0.00211119 -0.0995252
FixedParameters: 0 0 0

#Transform 165
Transform: AffineTransform_float_3_3
Parameters: 0.999997 0.00267865 0.000411799 -0.00267835 0.999995 -0.00156911 -0.000416201 0.00156789 0.999998 -0.234598 0.0810851 -0.117184
FixedParameters: 0 0 0

#Transform 166
Transform: AffineTransform_float_3_3
Parameters: 0.999996 0.00300516 0.000382 -0.00300384 0.999991 -0.00299616 -0.000391 0.00299484 0.999996 -0.266169 0.0088307 -0.126169
FixedParameters: 0 0 0

#Transform 167
Transform: AffineTransform_float_3_3
Parameters: 0.999999 0.00138762 0.000747998 -0.00138538 0.999996 -0.00216504 -0.000751 0.00216396 0.999998 -0.176602 0.0412319 0.159459
FixedParameters: 0 0 0

#Transform 168
Transform: AffineTransform_float_3_3
Parameters: 0.999996 0.0027506 0.000734017 -0.0027494 0.999994 -0.00217703 -0.000739985 0.00217497 0.999998 -0.240928 -0.0145102 -0.0411916
FixedParameters: 0 0 0

#Transform 169
Transform: AffineTransform_float_3_3
Parameters: 0.999995 0.00286833 0.000617846 -0.00286667 0.999993 -0.00214678 -0.000624151 0.00214422 0.999998 -0.258092 0.0326824 -0.0452716
FixedParameters: 0 0 0

#Transform 170
Transform: AffineTransform_float_3_3
Parameters: 0.999994 0.00334097 0.00085936 -0.00333903 0.999992 -0.00228888 -0.000866641 0.00228612 0.999997 -0.28582 0.0730323 -0.109552
FixedParameters: 0 0 0

#Transform 171
Transform: AffineTransform_float_3_3
Parameters: 0.999993 0.00345839 0.000835145 -0.0034556 0.99999 -0.0028519 -0.000844853 0.00284909 0.999995 -0.288871 0.011007 -0.135097
FixedParameters: 0 0 0

#Transform 172
Transform: AffineTransform_float_3_3
Parameters: 0.999994 0.00334779 0.000897371 -0.00334522 0.999993 -0.00198201 -0.00090363 0.00197999 0.999997 -0.286692 0.00685028 -0.0923658
FixedParameters: 0 0 0

#Transform 173
Transform: AffineTransform_float_3_3
Parameters: 0.999994 0.00348069 0.00094179 -0.00347932 0.999993 -0.00178629 -0.00094721 0.00178272 0.999998 -0.292447 0.0695636 -0.147208
FixedParameters: 0 0 0

#Transform 174
Transform: AffineTransform_float_3_3
Parameters: 0.999993 0.00365605 0.000892624 -0.00365394 0.99999 -0.00229328 -0.000901375 0.00228972 0.999997 -0.294707 0.049487 -0.191734
FixedParameters: 0 0 0

#Transform 175
Transform: AffineTransform_float_3_3
Parameters: 0.999992 0.00396836 0.000607187 -0.00396764 0.999989 -0.00222243 -0.000615817 0.00222057 0.999998 -0.313899 0.112362 -0.187868
FixedParameters: 0 0 0

#Transform 176
Transform: AffineTransform_float_3_3
Parameters: 0.999993 0.00374021 0.000693511 -0.00373879 0.999992 -0.00173661 -0.00070049 0.00173439 0.999999 -0.316141 0.0249107 -0.171714
FixedParameters: 0 0 0

#Transform 177
Transform: AffineTransform_float_3_3
Parameters: 0.999991 0.00418386 0.000399102 -0.00418314 0.999989 -0.00212769 -0.000408899 0.00212631 0.999997 -0.349988 -0.0378197 -0.184415
FixedParameters: 0 0 0

#Transform 178
Transform: AffineTransform_float_3_3
Parameters: 0.999991 0.00418341 0.000177599 -0.00418359 0.999988 -0.00224776 -0.0001864 0.00224624 0.999998 -0.371546 0.0643865 -0.140339
FixedParameters: 0 0 0

#Transform 179
Transform: AffineTransform_float_3_3
Parameters: 0.999991 0.00418255 -0.000207271 -0.00418345 0.999989 -0.00221615 0.000197728 0.00221684 0.999997 -0.361081 0.0256316 -0.0904493
FixedParameters: 0 0 0

#Transform 180
Transform: AffineTransform_float_3_3
Parameters: 0.999991 0.00438338 0.000109793 -0.00438363 0.999985 -0.00324151 -0.000123211 0.00324149 0.999994 -0.371826 0.00190816 -0.147839
FixedParameters: 0 0 0

#Transform 181
Transform: AffineTransform_float_3_3
Parameters: 0.999991 0.00436816 7.41058e-05 -0.00436784 0.999989 -0.00203634 -8.38968e-05 0.00203665 0.999998 -0.384794 -0.0125801 -0.0885864
FixedParameters: 0 0 0

#Transform 182
Transform: AffineTransform_float_3_3
Parameters: 0.999989 0.00449769 0.000524721 -0.00449631 0.999985 -0.00317639 -0.000539277 0.00317361 0.999995 -0.399489 -0.021357 -0.16812
FixedParameters: 0 0 0

#Transform 183
Transform: AffineTransform_float_3_3
Parameters: 0.999991 0.00437889 0.000415788 -0.00437812 0.999988 -0.00210484 -0.000425213 0.00210316 0.999997 -0.408052 0.0306738 -0.0902549
FixedParameters: 0 0 0

#Transform 184
Transform: AffineTransform_float_3_3
Parameters: 0.999989 0.00451522 0.00059582 -0.00451478 0.999987 -0.00203471 -0.000605178 0.00203129 0.999998 -0.411424 0.0175453 -0.0975419
FixedParameters: 0 0 0

#Transform 185
Transform: AffineTransform_float_3_3
Parameters: 0.99999 0.00434887 0.000397538 -0.00434812 0.999988 -0.00217675 -0.000407458 0.00217425 0.999997 -0.393918 -0.0098312 -0.123427
FixedParameters: 0 0 0

#Transform 186
Transform: AffineTransform_float_3_3
Parameters: 0.99999 0.00429647 0.000417141 -0.00429552 0.99999 -0.0011318 -0.000421859 0.0011302 1 -0.385967 -0.0220857 -0.0915544
FixedParameters: 0 0 0

#Transform 187
Transform: AffineTransform_float_3_3
Parameters: 0.99999 0.00444149 0.000233964 -0.00444052 0.999988 -0.00203506 -0.000243035 0.00203394 0.999998 -0.413257 -0.0271024 -0.118627
FixedParameters: 0 0 0

#Transform 188
Transform: AffineTransform_float_3_3
Parameters: 0.99999 0.00449027 0.000166769 -0.00448972 0.999988 -0.00161076 -0.000174231 0.00161023 0.999998 -0.43173 0.0119028 -0.0790084
FixedParameters: 0 0 0

#Transform 189
