#Insight Transform File V1.0
#Transform 0
Transform: AffineTransform_float_3_3
Parameters: 1 0.000609 7.10094e-07 -0.000609001 0.999999 0.001166 -2.89905e-07 -0.001166 1 -0.00964614 6.28963e-05 0.0896525
FixedParameters: 0 0 0

#Transform 1
Transform: AffineTransform_float_3_3
Parameters: 1 0.000548188 -0.000219532 -0.000547813 1 0.00085412 0.000219468 -0.00085388 0.999999 -0.0160105 -0.000116136 0.0502318
FixedParameters: 0 0 0

#Transform 2
Transform: AffineTransform_float_3_3
Parameters: 1 0.000548199 -0.000383715 -0.0005478 0.999999 0.00052021 0.000383285 -0.00051979 1 -0.00599023 0.0247713 0.0193054
FixedParameters: 0 0 0

#Transform 3
Transform: AffineTransform_float_3_3
Parameters: 1 0.000547739 0.000239598 -0.00054826 1 0.00109087 -0.000238402 -0.00109113 1 -0.0157917 2.16856e-05 0.0924555
FixedParameters: 0 0 0

#Transform 4
Transform: AffineTransform_float_3_3
Parameters: 1 0.000548036 -6.3686e-05 -0.000547963 0.999999 0.000573035 6.4314e-05 -0.000572965 1 -0.0159176 -0.000208135 0.0251429
FixedParameters: 0 0 0

#Transform 5
Transform: AffineTransform_float_3_3
Parameters: 1 0.000547906 0.000186277 -0.000548094 0.999999 0.000505898 -0.000186723 -0.000505102 1 -0.00869746 0.0241584 0.0423803
FixedParameters: 0 0 0

#Transform 6
Transform: AffineTransform_float_3_3
Parameters: 1 0.000143967 4.70999e-05 -0.000144033 0.999999 0.000693993 -4.69e-05 -0.000694006 1 -0.00650028 -0.0330167 0.0424603
FixedParameters: 0 0 0

#Transform 7
Transform: AffineTransform_float_3_3
Parameters: 1 0.000144053 -0.000115934 -0.000143946 1 0.000461017 0.000116066 -0.000460983 1 0.0136048 -0.00210609 0.0167563
FixedParameters: 0 0 0

#Transform 8
Transform: AffineTransform_float_3_3
Parameters: 1 0.000144005 -5.86924e-06 -0.000143994 0.999999 0.000908 6.13075e-06 -0.000907998 0.999999 0.0136833 0.000303717 0.0845272
FixedParameters: 0 0 0

#Transform 9
Transform: AffineTransform_float_3_3
Parameters: 1 0.000143947 0.000107072 -0.000144053 1 0.000497984 -0.000106928 -0.000498015 1 -0.00509785 -0.00952894 0.0128894
FixedParameters: 0 0 0

#Transform 10
Transform: AffineTransform_float_3_3
Parameters: 1 0.00014397 4.70926e-05 -0.00014403 1 0.000642993 -4.69074e-05 -0.000643006 1 0.0136883 0.000109148 0.0604402
FixedParameters: 0 0 0

#Transform 11
Transform: AffineTransform_float_3_3
Parameters: 1 0.000144015 -5.39604e-05 -0.000143985 1 0.000275008 5.40396e-05 -0.000274992 1 0.0136272 0.0570661 0.0156277
FixedParameters: 0 0 0

#Transform 12
Transform: AffineTransform_float_3_3
Parameters: 1 0.000143995 -0.000207004 -0.000144005 1 -2.59702e-05 0.000206996 2.60298e-05 1 0.0135463 0.0568931 -0.00564458
FixedParameters: 0 0 0

#Transform 13
Transform: AffineTransform_float_3_3
Parameters: 1 0.000143963 4.71127e-05 -0.000144037 0.999999 0.000782993 -4.68872e-05 -0.000783006 0.999999 0.0136875 0.00265475 0.0356482
FixedParameters: 0 0 0

#Transform 14
Transform: AffineTransform_float_3_3
Parameters: 1 0.000144002 4.69927e-05 -0.000143998 1 -5.10068e-05 -4.70073e-05 5.09932e-05 1 0.0136811 -0.0216207 -0.0275601
FixedParameters: 0 0 0

#Transform 15
Transform: AffineTransform_float_3_3
Parameters: 1 0.000143983 4.70524e-05 -0.000144017 1 0.000363993 -4.69476e-05 -0.000364007 1 0.0136998 0.0239902 0.0178555
FixedParameters: 0 0 0

#Transform 16
Transform: AffineTransform_float_3_3
Parameters: 1 0.000143967 4.71019e-05 -0.000144033 0.999999 0.000707993 -4.6898e-05 -0.000708006 0.999999 0.0136906 0.0201677 0.046585
FixedParameters: 0 0 0

#Transform 17
Transform: AffineTransform_float_3_3
Parameters: 1 1.59782e-05 4.70074e-05 -1.60218e-05 1 0.000463999 -4.69926e-05 -0.000464001 1 0.0174038 -0.0559833 0.0115701
FixedParameters: 0 0 0

#Transform 18
Transform: AffineTransform_float_3_3
Parameters: 1 0.000143985 4.70446e-05 -0.000144015 1 0.000309993 -4.69554e-05 -0.000310007 1 0.0136901 0.025014 0.0209817
FixedParameters: 0 0 0

#Transform 19
Transform: AffineTransform_float_3_3
Parameters: 1 0.000545985 4.71692e-05 -0.000546014 1 0.000309974 -4.68307e-05 -0.000310026 1 0.00203799 0.0120874 0.0332002
FixedParameters: 0 0 0

#Transform 20
Transform: AffineTransform_float_3_3
Parameters: 1 0.000143998 4.70072e-05 -0.000144002 1 4.99932e-05 -4.69928e-05 -5.00068e-05 1 -0.00470923 0.00206422 -7.69736e-05
FixedParameters: 0 0 0

#Transform 21
Transform: AffineTransform_float_3_3
Parameters: 1 0.000277002 4.69895e-05 -0.000276998 1 -3.8013e-05 -4.70105e-05 3.7987e-05 1 -0.00986517 0.025844 -0.0026243
FixedParameters: 0 0 0

#Transform 22
Transform: AffineTransform_float_3_3
Parameters: 1 0.00014402 -3.19084e-05 -0.00014398 1 0.000636004 3.20916e-05 -0.000635995 1 -0.0097232 0.00169759 0.0500887
FixedParameters: 0 0 0

#Transform 23
Transform: AffineTransform_float_3_3
Parameters: 1 0.000143998 -0.000232001 -0.000144002 1 -6.96659e-06 0.000231999 7.03341e-06 1 0.0135638 0.0460677 -0.0139305
FixedParameters: 0 0 0

#Transform 24
Transform: AffineTransform_float_3_3
Parameters: 1 0.000144049 -0.000242971 -0.000143951 1 0.000203035 0.000243029 -0.000202965 1 0.0135105 -0.0049836 0.039209
FixedParameters: 0 0 0

#Transform 25
Transform: AffineTransform_float_3_3
Parameters: 1 0.000342575 -0.000549643 -0.000342426 1 0.00104419 0.000550358 -0.00104481 1 0.0289992 -0.00823182 0.115976
FixedParameters: 0 0 0

#Transform 26
Transform: AffineTransform_float_3_3
Parameters: 1 0.000144034 -4.68954e-05 -0.000143967 0.999999 0.000726006 4.61045e-05 -0.000725993 0.999999 0.00882134 -0.0667899 0.0379806
FixedParameters: 0 0 0

#Transform 27
Transform: AffineTransform_float_3_3
Parameters: 1 0.000144024 -0.000311989 -0.000143976 1 7.60449e-05 0.000312011 -7.59551e-05 1 0.0348927 0.0269578 0.0359792
FixedParameters: 0 0 0

#Transform 28
Transform: AffineTransform_float_3_3
Parameters: 1 -2.59992e-05 -2.40009e-05 2.60008e-05 1 3.39994e-05 2.39991e-05 -3.40006e-05 1 0.0239162 0.0203274 0.0446108
FixedParameters: 0 0 0

#Transform 29
Transform: AffineTransform_float_3_3
Parameters: 1 0.000143987 1.90963e-05 -0.000144013 1 0.000668997 -1.89037e-05 -0.000669002 1 0.0105635 0.00525979 0.0500276
FixedParameters: 0 0 0

#Transform 30
Transform: AffineTransform_float_3_3
Parameters: 1 0.00014389 -0.000312051 -0.00014411 1 -0.000352955 0.000311949 0.000353045 1 0.00881378 0.0424911 -0.00833498
FixedParameters: 0 0 0

#Transform 31
Transform: AffineTransform_float_3_3
Parameters: 1 0.000144187 -0.000254894 -0.000143813 0.999999 0.000734036 0.000255106 -0.000733963 0.999999 -0.000242739 0.0209788 0.0305883
FixedParameters: 0 0 0

#Transform 32
Transform: AffineTransform_float_3_3
Parameters: 1 0.000144147 -0.000254917 -0.000143853 1 0.000577036 0.000255083 -0.000576963 1 0.00813625 0.00517733 0.0178014
FixedParameters: 0 0 0

#Transform 33
Transform: AffineTransform_float_3_3
Parameters: 1 0.00014401 -0.000254994 -0.00014399 1 4.00367e-05 0.000255006 -3.99633e-05 1 0.0240566 0.00485912 0.0160655
FixedParameters: 0 0 0

#Transform 34
Transform: AffineTransform_float_3_3
Parameters: 1 0.00030622 -0.000444849 -0.00030578 1 0.000494136 0.000445151 -0.000493864 1 0.0300589 -0.0280337 0.0752294
FixedParameters: 0 0 0

#Transform 35
Transform: AffineTransform_float_3_3
Parameters: 1 0.000143999 -0.00047 -0.000144001 1 -2.93232e-06 0.000469999 3.06768e-06 1 0.0348172 -0.0448203 0.0166059
FixedParameters: 0 0 0

#Transform 36
Transform: AffineTransform_float_3_3
Parameters: 1 0.000373108 -0.000254841 -0.000372891 1 0.000425095 0.000255158 -0.000424905 1 0.0325948 -0.020127 0.0696026
FixedParameters: 0 0 0

#Transform 37
Transform: AffineTransform_float_3_3
Parameters: 0.999999 0.000346287 -0.000674852 -0.000345713 1 0.000425233 0.000674147 -0.000424766 0.999999 0.020677 -0.028091 0.0195356
FixedParameters: 0 0 0

#Transform 38
Transform: AffineTransform_float_3_3
Parameters: 0.999999 0.000355347 -0.000710826 -0.000354653 1 0.000488252 0.000711173 -0.000487747 0.999999 0.0351042 -0.0465531 0.0606717
FixedParameters: 0 0 0

#Transform 39
Transform: AffineTransform_float_3_3
Parameters: 0.999999 0.000298213 -0.00071091 -0.000298786 1 0.000300212 0.000711089 -0.000299788 0.999999 0.0252277 0.0170307 0.0347631
FixedParameters: 0 0 0

#Transform 40
Transform: AffineTransform_float_3_3
Parameters: 1 0.000387597 -0.000972162 -0.000387403 1 -0.000414624 0.00097184 0.000415377 1 0.0466107 -0.0288652 0.0308656
FixedParameters: 0 0 0

#Transform 41
Transform: AffineTransform_float_3_3
Parameters: 0.999999 0.000600224 -0.000520742 -0.000599776 0.999999 0.000430312 0.000520258 -0.000429688 1 0.0293848 -0.0207021 0.0961359
FixedParameters: 0 0 0

#Transform 42
Transform: AffineTransform_float_3_3
Parameters: 1 0.000475878 -0.000521111 -0.000476122 1 -0.000233752 0.000520888 0.000234248 1 0.018436 -0.00379413 0.0237833
FixedParameters: 0 0 0

#Transform 43
Transform: AffineTransform_float_3_3
Parameters: 1 0.00062095 -0.000899035 -0.000621051 1 -5.64417e-05 0.000898965 5.65582e-05 0.999999 0.0133745 0.00697306 0.0632838
FixedParameters: 0 0 0

#Transform 44
Transform: AffineTransform_float_3_3
Parameters: 0.999999 0.000576932 -0.00077105 -0.000577067 1 -8.75551e-05 0.000770949 8.74448e-05 0.999999 0.0143093 -0.0189035 0.0770798
FixedParameters: 0 0 0

#Transform 45
Transform: AffineTransform_float_3_3
Parameters: 0.999999 0.000174935 -0.000805014 -0.000175065 1 -8.08591e-05 0.000804985 8.11408e-05 0.999999 0.0217929 -0.0583108 0.0448359
FixedParameters: 0 0 0

#Transform 46
Transform: AffineTransform_float_3_3
Parameters: 1 0.000505338 -0.000435607 -0.000504661 0.999999 0.000777219 0.000435392 -0.00077678 0.999999 0.0129947 -0.00352174 0.0884019
FixedParameters: 0 0 0

#Transform 47
Transform: AffineTransform_float_3_3
Parameters: 0.999999 0.000505273 -0.000520734 -0.000504727 0.999999 0.000525263 0.000520265 -0.000524737 0.999999 0.0116229 -0.0223289 0.0271616
FixedParameters: 0 0 0

#Transform 48
Transform: AffineTransform_float_3_3
Parameters: 0.999999 0.000572187 -0.000520794 -0.000571813 1 0.000359298 0.000520205 -0.000358702 1 0.00745148 0.011675 0.0520742
FixedParameters: 0 0 0

#Transform 49
Transform: AffineTransform_float_3_3
Parameters: 0.999999 0.000505413 -0.000520599 -0.000504587 0.999999 0.000793262 0.0005204 -0.000792736 0.999999 0.0120424 0.0219546 0.0903004
FixedParameters: 0 0 0

#Transform 50
Transform: AffineTransform_float_3_3
Parameters: 1 5.63538e-05 -0.000608967 -5.56461e-05 1 0.000581034 0.000609032 -0.000580965 0.999999 0.0223133 -0.0408789 0.0566964
FixedParameters: 0 0 0

#Transform 51
Transform: AffineTransform_float_3_3
Parameters: 1 0.000505055 -0.000117762 -0.000504944 1 0.000472059 0.000118238 -0.00047194 1 0.0160844 -0.00544398 0.0701985
FixedParameters: 0 0 0

#Transform 52
Transform: AffineTransform_float_3_3
Parameters: 0.999999 0.000505329 -0.000520681 -0.000504671 0.999999 0.000631263 0.000520319 -0.000631737 0.999999 0.00571249 -0.00532299 0.0771456
FixedParameters: 0 0 0

#Transform 53
Transform: AffineTransform_float_3_3
Parameters: 0.999999 0.000505014 -0.000520987 -0.000504986 1 2.62631e-05 0.000521013 -2.67369e-05 1 0.016162 -0.0323408 0.0596462
FixedParameters: 0 0 0

#Transform 54
Transform: AffineTransform_float_3_3
Parameters: 0.999999 0.000505363 -0.000520647 -0.000504637 0.999999 0.000697262 0.000520351 -0.000696737 0.999999 0.0151784 -0.00028799 0.128301
FixedParameters: 0 0 0

#Transform 55
Transform: AffineTransform_float_3_3
Parameters: 0.999999 0.000505387 -0.000520624 -0.000504613 0.999999 0.000744262 0.000520375 -0.000743737 0.999999 -0.00134635 -0.00521087 0.0750419
FixedParameters: 0 0 0

#Transform 56
Transform: AffineTransform_float_3_3
Parameters: 0.999999 0.000505074 -0.000520928 -0.000504926 1 0.000142263 0.000521071 -0.000141737 1 0.00293584 -0.00563253 0.0569783
FixedParameters: 0 0 0

#Transform 57
Transform: AffineTransform_float_3_3
Parameters: 0.999999 0.000505314 -0.000590731 -0.000504685 0.999999 0.000532298 0.000591268 -0.000531701 0.999999 -0.002194 -0.00536095 0.070045
FixedParameters: 0 0 0

#Transform 58
Transform: AffineTransform_float_3_3
Parameters: 1 0.000951014 -0.000520974 -0.000950986 0.999999 2.74954e-05 0.000521026 -2.65045e-05 1 -0.0276567 0.00579939 0.0328844
FixedParameters: 0 0 0

#Transform 59
Transform: AffineTransform_float_3_3
Parameters: 1 0.000951275 -0.000520499 -0.000951726 1 0.000527496 0.000520501 -0.000526505 0.999999 -0.0150877 -0.033797 0.119963
FixedParameters: 0 0 0

#Transform 60
Transform: AffineTransform_float_3_3
Parameters: 0.999999 0.00062591 -0.000521107 -0.000626089 1 -0.000170674 0.000520893 0.000171326 1 -0.0188482 -0.0338104 0.0117976
FixedParameters: 0 0 0

#Transform 61
Transform: AffineTransform_float_3_3
Parameters: 1 0.000951537 -0.00052002 -0.000951464 0.999999 0.0010305 0.000520981 -0.00103051 1 -0.0151435 -0.089409 0.150438
FixedParameters: 0 0 0

#Transform 62
Transform: AffineTransform_float_3_3
Parameters: 1 0.000729869 -0.000677142 -0.000730131 0.999999 -0.000193506 0.000676859 0.000193494 1 -0.0184851 0.000379071 0.0237444
FixedParameters: 0 0 0

#Transform 63
Transform: AffineTransform_float_3_3
Parameters: 0.999999 0.00095167 -0.000868268 -0.000951331 1 0.000770827 0.000868734 -0.000770174 1 0.00269027 0.000700057 0.114028
FixedParameters: 0 0 0

#Transform 64
Transform: AffineTransform_float_3_3
Parameters: 0.999999 0.000487902 -0.000774061 -0.000487098 1 -0.000126623 0.000773938 0.000126378 0.999999 0.0112407 0.0142355 0.0220682
FixedParameters: 0 0 0

#Transform 65
Transform: AffineTransform_float_3_3
Parameters: 1 0.000852386 -0.000747559 -0.000851613 0.999999 0.000517636 0.00074844 -0.000516362 0.999999 0.00567117 0.0234673 0.0725526
FixedParameters: 0 0 0

#Transform 66
Transform: AffineTransform_float_3_3
Parameters: 0.999999 0.000356155 -0.000672918 -0.000355845 1 0.000230239 0.000673081 -0.00022976 0.999999 0.020231 0.0640829 -0.0211656
FixedParameters: 0 0 0

#Transform 67
Transform: AffineTransform_float_3_3
Parameters: 0.999999 -0.000106186 -0.000864477 0.000109812 0.999991 0.00441291 0.000863523 -0.00441309 0.99999 0.0332243 0.0255688 0.402971
FixedParameters: 0 0 0

#Transform 68
Transform: AffineTransform_float_3_3
Parameters: 0.999999 -0.00080458 -0.000414765 0.00080642 0.999994 0.00343367 0.000412233 -0.00343433 0.999994 0.0564441 -0.133497 0.172445
FixedParameters: 0 0 0

#Transform 69
Transform: AffineTransform_float_3_3
Parameters: 0.999999 -0.000702396 0.000164315 0.000702604 0.999997 0.00240012 -0.000165687 -0.00239988 0.999997 0.0848271 -0.0235755 0.124259
FixedParameters: 0 0 0

#Transform 70
Transform: AffineTransform_float_3_3
Parameters: 0.999999 -0.000700903 -0.000335302 0.000702096 0.999995 0.00328177 0.000332697 -0.00328223 0.999994 0.0594278 0.0450317 0.118804
FixedParameters: 0 0 0

#Transform 71
Transform: AffineTransform_float_3_3
Parameters: 1 -0.000702061 1.88286e-05 0.000701938 0.999995 0.00309301 -2.11712e-05 -0.00309299 0.999995 0.055865 0.0450369 0.144317
FixedParameters: 0 0 0

#Transform 72
Transform: AffineTransform_float_3_3
Parameters: 0.999999 -0.000701316 -0.000176737 0.000702685 0.999992 0.00390088 0.00017426 -0.00390113 0.999993 0.0695617 0.00627643 0.184505
FixedParameters: 0 0 0

#Transform 73
Transform: AffineTransform_float_3_3
Parameters: 1 -0.000702084 2.68812e-05 0.000701915 0.999995 0.00301802 -2.91185e-05 -0.00301798 0.999996 0.0590287 -0.00972779 0.131493
FixedParameters: 0 0 0

#Transform 74
Transform: AffineTransform_float_3_3
Parameters: 0.999999 -0.000703084 0.000341778 0.000701918 0.999995 0.00316224 -0.000343221 -0.00316176 0.999995 0.0476908 -0.00548367 0.195135
FixedParameters: 0 0 0

#Transform 75
Transform: AffineTransform_float_3_3
Parameters: 1 -0.000702081 2.69634e-05 0.000701918 0.999995 0.00290102 -2.90364e-05 -0.00290098 0.999996 0.0448226 0.00738777 0.125386
FixedParameters: 0 0 0

#Transform 76
Transform: AffineTransform_float_3_3
Parameters: 1 -0.000701851 -5.97653e-05 0.000702146 0.999996 0.00251496 5.72342e-05 -0.00251504 0.999997 0.0577106 -0.0403822 0.13928
FixedParameters: 0 0 0

#Transform 77
Transform: AffineTransform_float_3_3
Parameters: 1 -0.000702091 2.67148e-05 0.000701909 0.999995 0.00325502 -2.92848e-05 -0.00325498 0.999994 0.0443781 0.0125143 0.200702
FixedParameters: 0 0 0

#Transform 78
Transform: AffineTransform_float_3_3
Parameters: 0.999999 -0.000906752 -9.24576e-05 0.000907246 0.999996 0.00270992 8.95416e-05 -0.00271008 0.999997 0.064657 0.00326717 0.138701
FixedParameters: 0 0 0

#Transform 79
Transform: AffineTransform_float_3_3
Parameters: 0.999999 -0.000700979 -0.000408756 0.000702019 0.999996 0.00250371 0.000406244 -0.00250328 0.999997 0.0504935 0.0228209 0.206272
FixedParameters: 0 0 0

#Transform 80
Transform: AffineTransform_float_3_3
Parameters: 0.999999 -0.000701298 -0.00023015 0.000702701 0.999995 0.00306384 0.000227848 -0.00306416 0.999996 0.0351949 -0.0302611 0.242352
FixedParameters: 0 0 0

#Transform 81
Transform: AffineTransform_float_3_3
Parameters: 0.999999 -0.000856063 2.70594e-05 0.000855936 0.999997 0.00226703 -2.89405e-05 -0.00226698 0.999998 0.0397111 -0.00850588 0.1677
FixedParameters: 0 0 0

#Transform 82
Transform: AffineTransform_float_3_3
Parameters: 1 -0.0011105 -0.00020277 0.0011115 0.999997 0.00249378 0.000200228 -0.00249422 0.999997 0.0460168 0.0195089 0.191683
FixedParameters: 0 0 0

#Transform 83
Transform: AffineTransform_float_3_3
Parameters: 1 -0.00111108 2.57324e-05 0.00111192 0.999995 0.00294103 -2.92703e-05 -0.00294097 0.999995 0.0463397 0.0265912 0.242194
FixedParameters: 0 0 0

#Transform 84
Transform: AffineTransform_float_3_3
Parameters: 1 -0.00111045 -0.000415472 0.00111155 0.999999 0.00132454 0.000413527 -0.00132546 0.999999 0.0467531 -0.00714527 0.146129
FixedParameters: 0 0 0

#Transform 85
Transform: AffineTransform_float_3_3
Parameters: 1 -0.00111 -0.000407743 0.001111 0.999997 0.00246955 0.000405258 -0.00246945 0.999997 0.0462128 -0.0199742 0.212711
FixedParameters: 0 0 0

#Transform 86
Transform: AffineTransform_float_3_3
Parameters: 1 -0.000809898 -0.000518725 0.000811104 0.999998 0.00212858 0.000517274 -0.00212942 0.999997 0.0325982 -0.0304635 0.176486
FixedParameters: 0 0 0

#Transform 87
Transform: AffineTransform_float_3_3
Parameters: 0.999999 -0.000822137 -0.000990549 0.000823864 0.999998 0.00188218 0.000989451 -0.00188281 0.999997 0.0408625 0.0422161 0.171115
FixedParameters: 0 0 0

#Transform 88
Transform: AffineTransform_float_3_3
Parameters: 1 -0.000822607 -0.000678692 0.000824391 0.999997 0.00205444 0.000676308 -0.00205456 0.999997 0.0410789 0.00912374 0.158234
FixedParameters: 0 0 0

#Transform 89
Transform: AffineTransform_float_3_3
Parameters: 1 -0.000822229 -0.000679151 0.000823772 0.999996 0.00261244 0.000676851 -0.00261256 0.999997 0.0360511 0.00936272 0.201945
FixedParameters: 0 0 0

#Transform 90
Transform: AffineTransform_float_3_3
Parameters: 1 -0.00082276 -0.000678508 0.00082424 0.999998 0.00183044 0.000676493 -0.00183056 0.999998 0.018841 0.00878627 0.121616
FixedParameters: 0 0 0

#Transform 91
Transform: AffineTransform_float_3_3
Parameters: 0.999999 -0.000823103 -0.000349121 0.000823896 0.999997 0.00257571 0.000346878 -0.00257629 0.999996 0.0171853 0.0133388 0.248815
FixedParameters: 0 0 0

#Transform 92
Transform: AffineTransform_float_3_3
Parameters: 0.999997 -0.00161951 0.00195058 0.00161949 0.999998 0.00026116 -0.00195142 -0.00025784 0.999998 0.0164253 -0.172689 0.172789
FixedParameters: 0 0 0

#Transform 93
Transform: AffineTransform_float_3_3
Parameters: 1 -0.000591327 0.000187975 0.000590673 0.999999 0.00173311 -0.000189024 -0.00173289 0.999998 -0.0108432 -0.0286416 0.20268
FixedParameters: 0 0 0

#Transform 94
Transform: AffineTransform_float_3_3
Parameters: 1 -0.000395329 0.000420691 0.000394671 0.999999 0.000782166 -0.000420309 -0.000782833 0.999999 -0.00300425 -0.0547881 0.196326
FixedParameters: 0 0 0

#Transform 95
Transform: AffineTransform_float_3_3
Parameters: 1 -0.000625314 0.000150703 0.000624685 0.999997 0.00207409 -0.000152296 -0.0020739 0.999998 0.00348364 -0.0142924 0.289749
FixedParameters: 0 0 0

#Transform 96
Transform: AffineTransform_float_3_3
Parameters: 0.999999 -0.000724015 1.52883e-05 0.000723984 1 0.000983011 -1.67117e-05 -0.000982988 0.999999 0.00159535 -0.0190815 0.206905
FixedParameters: 0 0 0

#Transform 97
Transform: AffineTransform_float_3_3
Parameters: 1 -0.000201538 0.000311653 0.000201461 0.999998 0.00172606 -0.000312348 -0.00172594 0.999999 -0.0145097 -0.032253 0.29296
FixedParameters: 0 0 0

#Transform 98
Transform: AffineTransform_float_3_3
Parameters: 0.999999 -0.000783018 1.50666e-05 0.000782981 0.999999 0.00119201 -1.59333e-05 -0.00119199 1 0.00790101 0.00431987 0.20783
FixedParameters: 0 0 0

#Transform 99
Transform: AffineTransform_float_3_3
Parameters: 0.999999 -0.000782466 -0.00036415 0.000783533 0.999998 0.00146871 0.00036285 -0.00146828 0.999999 0.0267829 -0.0594851 0.250917
FixedParameters: 0 0 0

#Transform 100
Transform: AffineTransform_float_3_3
Parameters: 0.999999 -0.000783033 1.43157e-05 0.000782966 0.999998 0.00215101 -1.66842e-05 -0.00215099 0.999997 0.00969781 -0.0592332 0.272794
FixedParameters: 0 0 0

#Transform 101
Transform: AffineTransform_float_3_3
Parameters: 0.999999 -0.000782222 -0.00042643 0.000782779 0.999998 0.00182767 0.00042557 -0.00182733 0.999998 0.026775 -0.0594306 0.245125
FixedParameters: 0 0 0

#Transform 102
Transform: AffineTransform_float_3_3
Parameters: 0.999999 -0.000733031 1.4487e-05 0.000732967 0.999997 0.00206401 -1.65129e-05 -0.00206399 0.999998 0.00234741 -0.0591297 0.3144
FixedParameters: 0 0 0

#Transform 103
Transform: AffineTransform_float_3_3
Parameters: 1 -0.000626011 1.55292e-05 0.000625987 0.999999 0.000752009 -1.64707e-05 -0.000751989 0.999999 -0.00165625 -0.0428314 0.210652
FixedParameters: 0 0 0

#Transform 104
Transform: AffineTransform_float_3_3
Parameters: 1 -0.000521298 0.000198217 0.0005207 0.999998 0.0015021 -0.000199782 -0.0015019 0.999999 -0.00680469 -0.0507926 0.304908
FixedParameters: 0 0 0

#Transform 105
Transform: AffineTransform_float_3_3
Parameters: 1 -0.000578008 1.57087e-05 0.000577992 0.999999 0.000504009 -1.62913e-05 -0.00050399 1 0.000913691 -0.0603995 0.240201
FixedParameters: 0 0 0

#Transform 106
Transform: AffineTransform_float_3_3
Parameters: 1 -0.000563022 1.51949e-05 0.000562976 0.999999 0.00143001 -1.68051e-05 -0.00142999 0.999999 -0.00924664 -0.0553504 0.329628
FixedParameters: 0 0 0

#Transform 107
Transform: AffineTransform_float_3_3
Parameters: 0.999999 -0.000782852 -0.000131882 0.000783148 0.999999 0.0011269 0.000131117 -0.0011271 1 -0.0164909 -0.0599946 0.209317
FixedParameters: 0 0 0

#Transform 108
Transform: AffineTransform_float_3_3
Parameters: 0.999999 -0.000612566 0.000426187 0.000612433 0.999999 0.00132726 -0.000427813 -0.00132674 0.999999 -0.0210275 -0.11035 0.301199
FixedParameters: 0 0 0

#Transform 109
Transform: AffineTransform_float_3_3
Parameters: 1 -0.000189641 -0.00028424 0.000190359 0.999999 0.00126395 0.00028376 -0.00126405 0.999999 -0.0153649 -0.0605522 0.299982
FixedParameters: 0 0 0

#Transform 110
Transform: AffineTransform_float_3_3
Parameters: 1 -0.000189945 -6.01738e-05 0.000190055 0.999999 0.000914988 5.98261e-05 -0.000915011 0.999999 -0.0162694 -0.0394671 0.289623
FixedParameters: 0 0 0

#Transform 111
Transform: AffineTransform_float_3_3
Parameters: 1 0.000351379 -0.000283531 -0.000350621 0.999999 0.0013351 0.000284468 -0.0013349 0.999999 -0.0321623 -0.0705336 0.302061
FixedParameters: 0 0 0

#Transform 112
Transform: AffineTransform_float_3_3
Parameters: 1 -0.000173484 -0.000328273 0.000173515 0.999999 0.00157094 0.000327728 -0.00157106 0.999998 -0.0205046 -0.0604132 0.198199
FixedParameters: 0 0 0

#Transform 113
Transform: AffineTransform_float_3_3
Parameters: 1 -0.000653845 -0.000146693 0.000653155 0.999999 0.00105891 0.000146308 -0.0010591 1 0.00868966 -0.113383 0.265617
FixedParameters: 0 0 0

#Transform 114
Transform: AffineTransform_float_3_3
Parameters: 0.999999 -0.000653841 -0.000306339 0.000653159 0.999999 0.0005178 0.000306662 -0.0005182 1 0.0085265 -0.0646363 0.187225
FixedParameters: 0 0 0

#Transform 115
Transform: AffineTransform_float_3_3
Parameters: 1 -0.000653946 -7.54669e-05 0.000654054 0.999999 0.00071395 7.5533e-05 -0.000714049 0.999999 0.0086239 -0.0489282 0.229676
FixedParameters: 0 0 0

#Transform 116
Transform: AffineTransform_float_3_3
Parameters: 0.999999 -0.000653099 -0.000626939 0.0006539 0.999999 0.00143759 0.00062606 -0.00143741 0.999999 0.000131525 -0.0434113 0.268132
FixedParameters: 0 0 0

#Transform 117
Transform: AffineTransform_float_3_3
Parameters: 1 -0.000508905 -9.94865e-05 0.000509095 1 0.000955949 9.85133e-05 -0.00095605 0.999999 0.00425991 -0.025781 0.209933
FixedParameters: 0 0 0

#Transform 118
Transform: AffineTransform_float_3_3
Parameters: 0.999999 -0.000903714 -0.000160616 0.000903284 0.999998 0.00178786 0.000158385 -0.00178814 0.999999 0.0157237 -0.026704 0.336845
FixedParameters: 0 0 0

#Transform 119
Transform: AffineTransform_float_3_3
Parameters: 1 -0.00065395 -9.93256e-05 0.000654049 0.999999 0.000497935 9.86742e-05 -0.000498064 1 0.00859181 -0.0707969 0.243997
FixedParameters: 0 0 0

#Transform 120
Transform: AffineTransform_float_3_3
Parameters: 1 -0.000653833 -0.000228479 0.000653167 1 0.000732851 0.000227521 -0.000733149 0.999999 0.00229117 -0.0440024 0.284633
FixedParameters: 0 0 0

#Transform 121
Transform: AffineTransform_float_3_3
Parameters: 0.999999 -0.000653866 -0.000503174 0.000653133 1 0.000265671 0.000502827 -0.000265329 1 0.00835879 -0.0803709 0.210276
FixedParameters: 0 0 0

#Transform 122
Transform: AffineTransform_float_3_3
Parameters: 1 -7.73222e-05 0.000278911 7.76777e-05 1 0.00115502 -0.00027909 -0.00115498 1 -0.0252651 -0.0310625 0.227856
FixedParameters: 0 0 0

#Transform 123
Transform: AffineTransform_float_3_3
Parameters: 1 -0.000517718 -0.000262557 0.000518281 1 0.00107486 0.000261443 -0.00107514 1 0.00440907 -0.0519132 0.23186
FixedParameters: 0 0 0

#Transform 124
Transform: AffineTransform_float_3_3
Parameters: 1 -0.000578899 -0.000149392 0.0005791 0.999999 0.000676913 0.000148608 -0.000676086 1 0.00631907 -0.0519458 0.238701
FixedParameters: 0 0 0

#Transform 125
Transform: AffineTransform_float_3_3
Parameters: 1 -0.000517751 -0.000283454 0.000518248 0.999999 0.000877852 0.000282545 -0.000878146 0.999999 0.00441863 -0.0266737 0.276771
FixedParameters: 0 0 0

#Transform 126
Transform: AffineTransform_float_3_3
Parameters: 1 -0.000517947 -0.000283097 0.000518053 1 0.000187853 0.000282903 -0.000188147 1 0.00443438 -0.038986 0.243656
FixedParameters: 0 0 0

#Transform 127
Transform: AffineTransform_float_3_3
Parameters: 0.999999 -0.000571524 -0.000533511 0.000571476 1 0.000893695 0.000532489 -0.000893305 0.999999 0.0059146 -0.0519466 0.277348
FixedParameters: 0 0 0

#Transform 128
Transform: AffineTransform_float_3_3
Parameters: 1 -0.000517975 -0.000283044 0.000518024 1 8.58534e-05 0.000282955 -8.61466e-05 1 0.0176205 -0.0582942 0.186862
FixedParameters: 0 0 0

#Transform 129
Transform: AffineTransform_float_3_3
Parameters: 1 -0.00102357 -0.00028456 0.00102343 0.999999 0.00152371 0.000282442 -0.00152329 0.999999 0.0377557 0.0030366 0.31766
FixedParameters: 0 0 0

#Transform 130
Transform: AffineTransform_float_3_3
Parameters: 0.999999 -0.000871758 -0.000283746 0.000872243 1 0.000855753 0.000283254 -0.000855247 0.999999 0.0333443 -0.0884898 0.23331
FixedParameters: 0 0 0

#Transform 131
Transform: AffineTransform_float_3_3
Parameters: 1 -0.00102394 -0.000283231 0.00102406 1 0.00022571 0.000282769 -0.00022629 1 0.0378285 -0.0396649 0.215047
FixedParameters: 0 0 0

#Transform 132
Transform: AffineTransform_float_3_3
Parameters: 1 -0.00102381 -0.000283707 0.0010242 0.999999 0.00069071 0.000283293 -0.00069029 0.999999 0.0378183 -0.0668367 0.313937
FixedParameters: 0 0 0

#Transform 133
Transform: AffineTransform_float_3_3
Parameters: 1 -0.00102397 -0.000283129 0.00102404 1 0.00012571 0.000282871 -0.00012629 1 0.0378969 -0.0988329 0.187576
FixedParameters: 0 0 0

#Transform 134
Transform: AffineTransform_float_3_3
Parameters: 0.999999 -0.000734761 -0.000283621 0.000735239 1 0.000844792 0.000282379 -0.000845208 0.999999 0.0139329 -0.0670847 0.293489
FixedParameters: 0 0 0

#Transform 135
Transform: AffineTransform_float_3_3
Parameters: 0.999999 -0.000850932 -0.000334172 0.000851067 0.999999 0.000201716 0.000334829 -0.000201285 1 0.0326826 -0.0673336 0.206802
FixedParameters: 0 0 0

#Transform 136
Transform: AffineTransform_float_3_3
Parameters: 1 -0.000971574 -0.000533778 0.000972428 0.999999 0.000800481 0.000533222 -0.000800518 0.999999 0.0360961 -0.0339995 0.221414
FixedParameters: 0 0 0

#Transform 137
Transform: AffineTransform_float_3_3
Parameters: 1 -0.00102425 0.000186638 0.00102375 0.999998 0.00133019 -0.000187363 -0.00133081 0.999999 0.0327495 -0.0815849 0.239405
FixedParameters: 0 0 0

#Transform 138
Transform: AffineTransform_float_3_3
Parameters: 1 -0.00121188 -0.000121234 0.00121212 0.999998 0.00101785 0.000119766 -0.00101815 0.999999 0.0495617 -0.0783694 0.251426
FixedParameters: 0 0 0

#Transform 139
Transform: AffineTransform_float_3_3
Parameters: 1 -0.00102378 -0.000283808 0.00102322 0.999999 0.00078871 0.000283193 -0.00078929 0.999999 0.0321614 0.0177113 0.166935
FixedParameters: 0 0 0

#Transform 140
Transform: AffineTransform_float_3_3
Parameters: 1 -0.00119412 9.34728e-05 0.00119388 0.999999 0.00127911 -9.5527e-05 -0.00127889 0.999999 0.024825 -0.0312426 0.218655
FixedParameters: 0 0 0

#Transform 141
Transform: AffineTransform_float_3_3
Parameters: 1 -0.00102403 5.53979e-05 0.00102397 1 0.000588057 -5.66021e-05 -0.000587942 1 0.023504 -0.0346566 0.170848
FixedParameters: 0 0 0

#Transform 142
Transform: AffineTransform_float_3_3
Parameters: 1 -0.00102415 0.00030248 0.00102385 1 0.00050831 -0.00030352 -0.00050769 1 0.0139979 0.00592712 0.186444
FixedParameters: 0 0 0

#Transform 143
Transform: AffineTransform_float_3_3
Parameters: 1 -0.00102425 0.000302145 0.00102375 0.999999 0.00083531 -0.000303855 -0.000834689 0.999999 0.0140332 -0.0288665 0.241472
FixedParameters: 0 0 0

#Transform 144
Transform: AffineTransform_float_3_3
Parameters: 1 -0.00102399 -0.000344044 0.00102402 1 4.26477e-05 0.000343956 -4.33522e-05 1 0.0154026 0.0214498 0.159748
FixedParameters: 0 0 0

#Transform 145
Transform: AffineTransform_float_3_3
Parameters: 1 -0.000669236 0.000193184 0.000668764 0.999999 0.00122013 -0.000193816 -0.00121987 0.999999 0.000685517 -0.0490635 0.245526
FixedParameters: 0 0 0

#Transform 146
Transform: AffineTransform_float_3_3
Parameters: 0.999999 -0.00102414 -0.000817826 0.00102386 1 -0.000169838 0.000817173 0.000169163 0.999999 0.0218929 -0.0697969 0.150552
FixedParameters: 0 0 0

#Transform 147
Transform: AffineTransform_float_3_3
Parameters: 1 0.000976675 -0.000364198 -0.000976325 0.999998 0.00184636 0.000366804 -0.00184664 0.999998 -0.0656543 -0.138888 0.449739
FixedParameters: 0 0 0

#Transform 148
Transform: AffineTransform_float_3_3
Parameters: 1 0.000464236 -0.000326664 -0.000464764 0.999999 0.000723151 0.000326336 -0.000722848 0.999999 -0.0505776 -0.0542511 0.231943
FixedParameters: 0 0 0

#Transform 149
Transform: AffineTransform_float_3_3
Parameters: 1 0.000572178 -0.000198487 -0.000571822 1 0.000897114 0.000198513 -0.000896887 0.999999 -0.0693017 -0.0291649 0.28451
FixedParameters: 0 0 0

#Transform 150
Transform: AffineTransform_float_3_3
Parameters: 1 0.000975666 0.000249313 -0.000976334 0.999998 0.00134576 -0.000247687 -0.00134524 0.999999 -0.0835924 -0.00660543 0.297242
FixedParameters: 0 0 0

#Transform 151
Transform: AffineTransform_float_3_3
Parameters: 1 0.000479011 -8.0932e-05 -0.000478988 1 0.000142039 8.1068e-05 -0.000141961 1 -0.0665989 -0.0181999 0.205537
FixedParameters: 0 0 0

#Transform 152
Transform: AffineTransform_float_3_3
Parameters: 0.999999 0.000805849 0.000133913 -0.000806151 0.999999 0.00113289 -0.000133087 -0.00113311 1 -0.0756786 -0.0631586 0.296059
FixedParameters: 0 0 0

#Transform 153
Transform: AffineTransform_float_3_3
Parameters: 1 0.000851331 -0.000308089 -0.00085167 0.999999 0.00107126 0.000308913 -0.00107174 1 -0.0842275 -0.0633612 0.218392
FixedParameters: 0 0 0

#Transform 154
Transform: AffineTransform_float_3_3
Parameters: 0.999999 0.000850957 3.50475e-05 -0.000851042 0.999999 0.00123097 -3.39524e-05 -0.00123103 0.999999 -0.088449 -0.050162 0.303615
FixedParameters: 0 0 0

#Transform 155
Transform: AffineTransform_float_3_3
Parameters: 1 0.000555971 0.00013312 -0.000556029 1 0.000215926 -0.00013288 -0.000216074 1 -0.088388 -0.0484469 0.156669
FixedParameters: 0 0 0

#Transform 156
Transform: AffineTransform_float_3_3
Parameters: 0.999999 0.000850782 0.000240771 -0.000851218 0.999999 0.000905795 -0.000240229 -0.000906205 0.999999 -0.0868403 -0.0420259 0.23572
FixedParameters: 0 0 0

#Transform 157
Transform: AffineTransform_float_3_3
Parameters: 1 0.000407012 -4.68938e-05 -0.000406988 1 0.000261019 4.71062e-05 -0.000260981 1 -0.0755437 -0.0731395 0.167336
FixedParameters: 0 0 0

#Transform 158
Transform: AffineTransform_float_3_3
Parameters: 1 0.000256888 0.000116247 -0.000257111 0.999999 0.00096097 -0.000115753 -0.00096103 1 -0.052401 -0.0118525 0.254423
FixedParameters: 0 0 0

#Transform 159
Transform: AffineTransform_float_3_3
Parameters: 0.999999 0.000487258 0.000587616 -0.000487742 0.999999 0.00126271 -0.000587384 -0.00126329 0.999999 -0.0615694 -0.0431625 0.220205
FixedParameters: 0 0 0

#Transform 160
Transform: AffineTransform_float_3_3
Parameters: 1 0.00023401 -4.69487e-05 -0.00023399 1 0.000219011 4.70512e-05 -0.000218989 1 -0.04363 0.0610552 0.190331
FixedParameters: 0 0 0

#Transform 161
Transform: AffineTransform_float_3_3
Parameters: 1 -1.61853e-05 0.000428993 1.58147e-05 1 0.000432007 -0.000429007 -0.000431993 1 -0.0361634 -0.0334376 0.219579
FixedParameters: 0 0 0

#Transform 162
Transform: AffineTransform_float_3_3
Parameters: 1 0.000503863 0.000122563 -0.000504137 0.999999 0.00111794 -0.000122436 -0.00111806 1 -0.0514767 -0.0649369 0.251294
FixedParameters: 0 0 0

#Transform 163
Transform: AffineTransform_float_3_3
Parameters: 1 8.70052e-05 -4.69904e-05 -8.69948e-05 1 0.000110004 4.70096e-05 -0.000109996 1 -0.0483863 0.0214835 0.17692
FixedParameters: 0 0 0

#Transform 164
Transform: AffineTransform_float_3_3
Parameters: 1 8.67902e-05 0.000151121 -8.72097e-05 0.999999 0.00138899 -0.000150879 -0.00138901 0.999999 -0.0392404 -0.037756 0.196145
FixedParameters: 0 0 0

#Transform 165
Transform: AffineTransform_float_3_3
Parameters: 1 0.000310855 0.00012237 -0.000311145 0.999999 0.00118896 -0.00012163 -0.00118804 1 -0.0458006 -0.0828711 0.230365
FixedParameters: 0 0 0

#Transform 166
Transform: AffineTransform_float_3_3
Parameters: 1 0.000176949 0.000122074 -0.000177051 1 0.000417978 -0.000121926 -0.000418022 1 -0.0418392 -0.0135752 0.190984
FixedParameters: 0 0 0

#Transform 167
Transform: AffineTransform_float_3_3
Parameters: 1 8.68537e-05 0.000122104 -8.71462e-05 1 0.00119899 -0.000121896 -0.00119901 1 -0.0392369 -0.0705045 0.255707
FixedParameters: 0 0 0

#Transform 168
Transform: AffineTransform_float_3_3
Parameters: 1 0.000205924 0.000122128 -0.000206076 1 0.000622975 -0.000121872 -0.000623025 1 -0.042707 -0.0709637 0.192988
FixedParameters: 0 0 0

#Transform 169
Transform: AffineTransform_float_3_3
Parameters: 1 8.70039e-05 0.000121997 -8.69961e-05 1 -3.20106e-05 -0.000122003 3.19894e-05 1 -0.0392434 -0.052142 0.173368
FixedParameters: 0 0 0

#Transform 170
Transform: AffineTransform_float_3_3
Parameters: 1 0.000197917 0.000122134 -0.000198082 1 0.000675975 -0.000121866 -0.000676024 1 -0.0424582 -0.0366849 0.249047
FixedParameters: 0 0 0

#Transform 171
Transform: AffineTransform_float_3_3
Parameters: 1 8.69747e-05 -0.000162014 -8.70253e-05 1 -0.000155986 0.000161986 0.000156014 1 -0.0259419 -0.0251547 0.150469
FixedParameters: 0 0 0

#Transform 172
Transform: AffineTransform_float_3_3
Parameters: 1 8.68198e-05 0.000177089 -8.71802e-05 1 0.00101799 -0.000176911 -0.00101802 1 -0.0361097 -0.0355297 0.234916
FixedParameters: 0 0 0

#Transform 173
Transform: AffineTransform_float_3_3
Parameters: 1 8.6921e-05 0.000103067 -8.70788e-05 0.999999 0.000765991 -0.000102933 -0.000766008 0.999999 -0.043237 -0.0207596 0.140674
FixedParameters: 0 0 0

#Transform 174
Transform: AffineTransform_float_3_3
Parameters: 1 2.97747e-05 0.000283024 -3.02252e-05 0.999999 0.000795991 -0.000282976 -0.000796008 0.999999 -0.0407398 -0.00197022 0.17125
FixedParameters: 0 0 0

#Transform 175
Transform: AffineTransform_float_3_3
Parameters: 1 8.67934e-05 0.000283063 -8.72065e-05 0.999999 0.000729975 -0.000282936 -0.000730024 0.999999 -0.0503163 0.0282506 0.169302
FixedParameters: 0 0 0

#Transform 176
Transform: AffineTransform_float_3_3
Parameters: 1 8.67763e-05 0.000359054 -8.72236e-05 1 0.000622968 -0.000358946 -0.000623031 0.999999 -0.0491327 -0.0250188 0.196339
FixedParameters: 0 0 0

#Transform 177
Transform: AffineTransform_float_3_3
Parameters: 1 8.67408e-05 0.000416054 -8.72591e-05 1 0.000622963 -0.000415946 -0.000623036 0.999999 -0.0561146 0.00823491 0.19169
FixedParameters: 0 0 0

#Transform 178
Transform: AffineTransform_float_3_3
Parameters: 1 0.00021484 0.000283122 -0.00021516 1 0.000565939 -0.000282878 -0.000566061 1 -0.0692929 -0.100974 0.219677
FixedParameters: 0 0 0

#Transform 179
Transform: AffineTransform_float_3_3
Parameters: 0.999999 8.64645e-05 0.000956048 -8.65353e-05 1 0.000559918 -0.000955952 -0.000560083 1 -0.0625806 -0.0310473 0.182198
FixedParameters: 0 0 0

#Transform 180
Transform: AffineTransform_float_3_3
Parameters: 0.999996 -0.00124057 0.00261016 0.00124343 0.999999 -0.000930758 -0.00260884 0.00093424 0.999996 -0.0346577 -0.167515 0.0129731
FixedParameters: 0 0 0

#Transform 181
Transform: AffineTransform_float_3_3
Parameters: 0.999998 -9.33781e-05 0.00173087 9.06213e-05 0.999999 0.00137416 -0.00173112 -0.00137384 0.999997 -0.0568545 -0.010552 0.161835
FixedParameters: 0 0 0

#Transform 182
Transform: AffineTransform_float_3_3
Parameters: 0.999999 9.75076e-05 0.00176808 -9.8492e-05 0.999999 0.000843827 -0.00176792 -0.000844173 0.999998 -0.073992 -0.050542 0.0814182
FixedParameters: 0 0 0

#Transform 183
Transform: AffineTransform_float_3_3
Parameters: 0.999998 9.60148e-05 0.00210214 -9.89845e-05 0.999999 0.00141979 -0.00210186 -0.0014202 0.999997 -0.0816987 0.0332065 0.126362
FixedParameters: 0 0 0

#Transform 184
Transform: AffineTransform_float_3_3
Parameters: 0.999998 -4.02553e-05 0.00210196 3.77466e-05 1 0.00107208 -0.00210204 -0.00107292 0.999997 -0.0840102 0.025501 0.0618114
FixedParameters: 0 0 0

#Transform 185
Transform: AffineTransform_float_3_3
Parameters: 0.999998 9.6301e-05 0.00202313 -9.86984e-05 0.999999 0.0013338 -0.00202287 -0.0013342 0.999997 -0.0920871 -0.031124 0.0459099
FixedParameters: 0 0 0

#Transform 186
Transform: AffineTransform_float_3_3
Parameters: 0.999998 9.6551e-05 0.00198612 -9.94517e-05 0.999999 0.00123381 -0.00198688 -0.00123319 0.999998 -0.0842079 0.0108976 0.0678214
FixedParameters: 0 0 0

#Transform 187
Transform: AffineTransform_float_3_3
Parameters: 0.999998 9.62293e-05 0.00210213 -9.87701e-05 0.999999 0.0013178 -0.00210187 -0.00131821 0.999997 -0.0897217 -0.0211995 0.0803899
FixedParameters: 0 0 0

#Transform 188
Transform: AffineTransform_float_3_3
Parameters: 0.999998 9.69103e-05 0.0021021 -9.90912e-05 0.999999 0.000994794 -0.0021019 -0.000994206 0.999998 -0.0775461 -0.0213233 0.0897386
FixedParameters: 0 0 0

#Transform 189
Transform: AffineTransform_float_3_3
Parameters: 0.999998 9.63722e-05 0.00210212 -9.86272e-05 0.999999 0.0012498 -0.00210188 -0.00125021 0.999997 -0.0761542 0.0106215 0.121944
FixedParameters: 0 0 0

#Transform 190
Transform: AffineTransform_float_3_3
Parameters: 0.999998 9.80389e-05 0.00197305 -9.89606e-05 1 0.000486806 -0.00197295 -0.000487194 0.999998 -0.090223 0.0356048 0.0372495
FixedParameters: 0 0 0

#Transform 191
Transform: AffineTransform_float_3_3
Parameters: 0.999998 9.66833e-05 0.00210211 -9.93161e-05 1 0.00110179 -0.00210189 -0.00110221 0.999997 -0.0918211 -0.0351469 0.13845
FixedParameters: 0 0 0

#Transform 192
Transform: AffineTransform_float_3_3
