#Insight Transform File V1.0
#Transform 0
Transform: AffineTransform_float_3_3
Parameters: 1 0.000432018 -4.08052e-05 -0.000431981 1 0.000451018 4.11948e-05 -0.000450982 1 -0.0541361 -0.0071202 0.0607984
FixedParameters: 0 0 0

#Transform 1
Transform: AffineTransform_float_3_3
Parameters: 1 0.000303999 -0.000182002 -0.000304001 1 -5.94467e-06 0.000181998 6.05533e-06 1 -0.0387165 0.0515562 0.0100512
FixedParameters: 0 0 0

#Transform 2
Transform: AffineTransform_float_3_3
Parameters: 1 0.000249966 -0.000137061 -0.000250034 1 -0.000244966 0.000136939 0.000245034 1 -0.0495139 0.0155191 0.0236972
FixedParameters: 0 0 0

#Transform 3
Transform: AffineTransform_float_3_3
Parameters: 1 0.000303999 1.20304e-05 -0.000304001 1 9.99963e-05 -1.19696e-05 -0.000100004 1 -0.0528658 -0.019543 0.0344352
FixedParameters: 0 0 0

#Transform 4
Transform: AffineTransform_float_3_3
Parameters: 1 0.000303985 -0.000107043 -0.000304015 1 -0.000139967 0.000106957 0.000140033 1 -0.0359688 0.0293997 0.0133379
FixedParameters: 0 0 0

#Transform 5
Transform: AffineTransform_float_3_3
Parameters: 1 0.000152007 1.19105e-05 -0.000151993 1 -0.000589002 -1.20895e-05 0.000588998 1 -0.0332167 0.0623915 0.00999228
FixedParameters: 0 0 0

#Transform 6
Transform: AffineTransform_float_3_3
Parameters: 1 0.000303999 1.20252e-05 -0.000304001 1 8.29963e-05 -1.19748e-05 -8.30036e-05 1 -0.0391888 0.0598837 0.0224463
FixedParameters: 0 0 0

#Transform 7
Transform: AffineTransform_float_3_3
Parameters: 1 0.000304007 9.09778e-05 -0.000303993 1 -7.30277e-05 -9.10222e-05 7.29723e-05 1 -0.0340029 0.0360671 -0.00279324
FixedParameters: 0 0 0

#Transform 8
Transform: AffineTransform_float_3_3
Parameters: 1 -0.000125999 1.20092e-05 0.000126001 1 -7.29985e-05 -1.19908e-05 7.30015e-05 1 -0.01927 0.0380121 0.00283148
FixedParameters: 0 0 0

#Transform 9
Transform: AffineTransform_float_3_3
Parameters: 1 0.000115001 1.19916e-05 -0.000114999 1 -7.30014e-05 -1.20084e-05 7.29986e-05 1 -0.0260319 0.046429 0.0344152
FixedParameters: 0 0 0

#Transform 10
Transform: AffineTransform_float_3_3
Parameters: 1 0.000303982 0.000159035 -0.000304018 1 0.000115952 -0.000158965 -0.000116048 1 -0.0331004 0.0168338 0.0175054
FixedParameters: 0 0 0

#Transform 11
Transform: AffineTransform_float_3_3
Parameters: 1 -0.000114996 1.20413e-05 0.000115004 1 -0.000358999 -1.19587e-05 0.000359001 1 -0.0153973 0.00980613 -0.00765356
FixedParameters: 0 0 0

#Transform 12
Transform: AffineTransform_float_3_3
Parameters: 1 6.69945e-05 0.000161002 -6.70055e-05 1 3.39892e-05 -0.000160998 -3.40108e-05 1 -0.0174466 0.0178807 0.0356128
FixedParameters: 0 0 0

#Transform 13
Transform: AffineTransform_float_3_3
Parameters: 1 7.5982e-05 7.80176e-05 -7.6018e-05 1 0.000230994 -7.79824e-05 -0.000231006 1 -0.0197004 -0.0105128 0.00219118
FixedParameters: 0 0 0

#Transform 14
Transform: AffineTransform_float_3_3
Parameters: 1 -0.000114967 7.80486e-05 0.000115033 1 -0.000422991 -7.89513e-05 0.000423009 1 -0.0165875 0.0465621 -0.008648
FixedParameters: 0 0 0

#Transform 15
Transform: AffineTransform_float_3_3
Parameters: 1 2.99982e-05 -1.60034e-05 -3.00018e-05 1 -0.000112 1.59966e-05 0.000112 1 -0.010843 0.0255994 0.0188728
FixedParameters: 0 0 0

#Transform 16
Transform: AffineTransform_float_3_3
Parameters: 1 0.000177993 7.8016e-05 -0.000178007 1 8.99861e-05 -7.79842e-05 -8.90139e-05 1 -0.0214471 -0.0160589 0.0173448
FixedParameters: 0 0 0

#Transform 17
Transform: AffineTransform_float_3_3
Parameters: 1 -0.000114991 7.80133e-05 0.000115009 1 -0.000115991 -7.79867e-05 0.000116009 1 -0.000319089 0.0201596 -0.00353401
FixedParameters: 0 0 0

#Transform 18
Transform: AffineTransform_float_3_3
Parameters: 1 -0.000114976 7.80355e-05 0.000115024 1 -0.000308991 -7.79645e-05 0.000309009 1 0.000470749 0.0433027 0.01568
FixedParameters: 0 0 0

#Transform 19
Transform: AffineTransform_float_3_3
Parameters: 1 4.79885e-05 7.80071e-05 -4.80115e-05 1 0.000146996 -7.79929e-05 -0.000147004 1 0.00494423 -0.0332939 0.038873
FixedParameters: 0 0 0

#Transform 20
Transform: AffineTransform_float_3_3
Parameters: 1 -0.000115005 7.79922e-05 0.000114995 1 6.8009e-05 -7.80078e-05 -6.7991e-05 1 -0.000508046 -0.0147328 -0.00315045
FixedParameters: 0 0 0

#Transform 21
Transform: AffineTransform_float_3_3
Parameters: 1 -0.000115109 0.000297958 0.000114891 1 0.000366034 -0.000298042 -0.000365966 1 0.00239647 -0.0196769 -0.00834734
FixedParameters: 0 0 0

#Transform 22
Transform: AffineTransform_float_3_3
Parameters: 1 -0.000114998 -0.000389001 0.000115002 1 4.95526e-06 0.000388999 -5.04473e-06 1 0.0162069 0.0230759 -0.0151272
FixedParameters: 0 0 0

#Transform 23
Transform: AffineTransform_float_3_3
Parameters: 1 -0.00011504 -0.000127964 0.00011496 1 -0.000313015 0.000128036 0.000312985 1 0.00632248 0.0283861 -0.00784482
FixedParameters: 0 0 0

#Transform 24
Transform: AffineTransform_float_3_3
Parameters: 1 -0.000114973 -0.000136023 0.000115027 1 0.000197984 0.000135977 -0.000198016 1 0.0169888 0.0140764 0.0233674
FixedParameters: 0 0 0

#Transform 25
Transform: AffineTransform_float_3_3
Parameters: 1 -0.000203974 -0.00013104 0.000204026 1 0.000197973 0.00013096 -0.000198027 1 0.0162325 0.0197299 0.0109345
FixedParameters: 0 0 0

#Transform 26
Transform: AffineTransform_float_3_3
Parameters: 1 -0.000114928 -0.000239034 0.000115072 1 0.000299972 0.000238965 -0.000300027 1 0.0225409 -0.027624 0.000226958
FixedParameters: 0 0 0

#Transform 27
Transform: AffineTransform_float_3_3
Parameters: 1 -0.000349005 -0.000143988 0.000349995 1 -3.30504e-05 0.000144012 3.29497e-05 1 0.0187399 0.0409368 0.00244966
FixedParameters: 0 0 0

#Transform 28
Transform: AffineTransform_float_3_3
Parameters: 1 -0.000259983 -0.000127035 0.000260017 1 0.000134967 0.000126965 -0.000135033 1 0.0170353 -0.0399297 0.00629243
FixedParameters: 0 0 0

#Transform 29
Transform: AffineTransform_float_3_3
Parameters: 1 -0.000115002 1.09811e-05 0.000114998 1 0.000164001 -1.10189e-05 -0.000163999 1 0.0301681 -0.0402295 -0.00981855
FixedParameters: 0 0 0

#Transform 30
Transform: AffineTransform_float_3_3
Parameters: 1 -0.000115005 1.09471e-05 0.000114995 1 0.000460001 -1.10529e-05 -0.000459999 1 0.0285567 -0.0451737 -0.00495319
FixedParameters: 0 0 0

#Transform 31
Transform: AffineTransform_float_3_3
Parameters: 1 -0.000580942 -0.000150225 0.000581058 1 0.000386913 0.000149775 -0.000387087 1 0.0286043 0.0226011 -0.019389
FixedParameters: 0 0 0

#Transform 32
Transform: AffineTransform_float_3_3
Parameters: 1 -0.000357034 -0.000123901 0.000356966 1 -0.000277044 0.000124099 0.000276956 1 0.0207788 0.0412081 0.00419892
FixedParameters: 0 0 0

#Transform 33
Transform: AffineTransform_float_3_3
Parameters: 1 -0.000303929 -0.000156138 0.000304071 1 0.000453952 0.000155862 -0.000454047 1 0.0182296 -0.0053454 0.0353739
FixedParameters: 0 0 0

#Transform 34
Transform: AffineTransform_float_3_3
Parameters: 1 -0.000346002 1.09197e-05 0.000345997 1 0.000232004 -1.10803e-05 -0.000231996 1 0.0337115 -0.0226253 0.0126833
FixedParameters: 0 0 0

#Transform 35
Transform: AffineTransform_float_3_3
Parameters: 1 -0.000580997 1.11516e-05 0.000581003 1 -0.000260994 -1.08484e-05 0.000261006 1 0.0409364 0.0437556 0.00456791
FixedParameters: 0 0 0

#Transform 36
Transform: AffineTransform_float_3_3
Parameters: 1 -0.000396947 -0.000178117 0.000397052 1 0.000294929 0.000177883 -0.000295071 1 0.0392472 0.0101439 0.042216
FixedParameters: 0 0 0

#Transform 37
Transform: AffineTransform_float_3_3
Parameters: 1 -0.000365999 -0.000100004 0.000366001 1 1.19634e-05 9.99956e-05 -1.20366e-05 1 0.0384595 -0.0338638 0.0021488
FixedParameters: 0 0 0

#Transform 38
Transform: AffineTransform_float_3_3
Parameters: 1 -0.000581049 -0.000171835 0.000580951 1 -0.0002841 0.000172166 0.0002849 1 0.0540694 -0.0190074 -0.0141456
FixedParameters: 0 0 0

#Transform 39
Transform: AffineTransform_float_3_3
Parameters: 1 -0.000405995 -3.90544e-05 0.000406005 1 0.000133984 3.89456e-05 -0.000134016 1 0.0366921 0.00505648 0.0120534
FixedParameters: 0 0 0

#Transform 40
Transform: AffineTransform_float_3_3
Parameters: 1 -0.000390008 1.07067e-05 0.000389991 0.999999 0.000752004 -1.12933e-05 -0.000751995 0.999999 0.0368266 -0.0124067 0.0240581
FixedParameters: 0 0 0

#Transform 41
Transform: AffineTransform_float_3_3
Parameters: 1 -0.000317004 1.08805e-05 0.000316996 1 0.000377003 -1.11195e-05 -0.000376996 1 0.0412344 0.0351754 -0.000331734
FixedParameters: 0 0 0

#Transform 42
Transform: AffineTransform_float_3_3
Parameters: 1 -0.000394969 -0.000230053 0.000395031 1 0.000134909 0.000229947 -0.000135091 1 0.0298527 0.0410306 0.0172858
FixedParameters: 0 0 0

#Transform 43
Transform: AffineTransform_float_3_3
Parameters: 1 -0.000208793 -0.000282153 0.000209207 0.999999 0.000732941 0.000281847 -0.000732058 0.999999 0.0266191 -0.0193387 0.0252793
FixedParameters: 0 0 0

#Transform 44
Transform: AffineTransform_float_3_3
Parameters: 1 -0.00027289 -0.000265113 0.00027311 1 0.000415928 0.000264886 -0.000416072 1 0.0373603 -0.0470198 -0.00282604
FixedParameters: 0 0 0

#Transform 45
Transform: AffineTransform_float_3_3
Parameters: 1 -0.000580974 -0.000401037 0.000581025 1 6.3767e-05 0.000401963 -6.42335e-05 1 0.0435388 0.0428806 -0.00867715
FixedParameters: 0 0 0

#Transform 46
Transform: AffineTransform_float_3_3
Parameters: 1 -0.000330752 -0.000401205 0.000330249 1 0.000618867 0.000401795 -0.000619133 0.999999 0.0399105 -0.0140697 0.0398315
FixedParameters: 0 0 0

#Transform 47
Transform: AffineTransform_float_3_3
Parameters: 1 -0.000152879 -0.000273068 0.000153121 1 0.000444958 0.000272932 -0.000444042 1 0.0371983 -0.0462692 0.0124005
FixedParameters: 0 0 0

#Transform 48
Transform: AffineTransform_float_3_3
Parameters: 1 -0.000385893 -0.000261159 0.000386107 1 0.000410899 0.000260842 -0.000410101 1 0.0368024 0.00247497 0.00202219
FixedParameters: 0 0 0

#Transform 49
Transform: AffineTransform_float_3_3
Parameters: 1 -0.000367793 -0.000318239 0.000367206 0.999999 0.000649883 0.000317762 -0.000649117 0.999999 0.0469555 0.0183669 -0.00185099
FixedParameters: 0 0 0

#Transform 50
Transform: AffineTransform_float_3_3
Parameters: 1 -0.000580999 -0.000338001 0.000581 1 1.80362e-06 0.000337999 -2.19638e-06 1 0.0520273 -0.0399749 0.00760784
FixedParameters: 0 0 0

#Transform 51
Transform: AffineTransform_float_3_3
Parameters: 1 -0.000450084 -0.000329885 0.000449915 1 -0.000256148 0.000330115 0.000255851 1 0.0432874 0.00241459 0.0440242
FixedParameters: 0 0 0

#Transform 52
Transform: AffineTransform_float_3_3
Parameters: 0.999999 -0.000580794 -0.000481248 0.000580205 0.999999 0.000427721 0.000480751 -0.000428279 1 0.050973 0.0341291 0.0384408
FixedParameters: 0 0 0

#Transform 53
Transform: AffineTransform_float_3_3
Parameters: 1 -0.000580963 -0.000224095 0.000581036 1 0.00016287 0.000223905 -0.00016313 1 0.0274841 -0.0573155 0.0266952
FixedParameters: 0 0 0

#Transform 54
Transform: AffineTransform_float_3_3
Parameters: 0.999999 -0.000580572 -0.000481517 0.000580428 1 0.000889722 0.000480484 -0.00089028 1 0.0360949 0.00608204 0.0454092
FixedParameters: 0 0 0

#Transform 55
Transform: AffineTransform_float_3_3
Parameters: 0.999999 -0.00058094 -0.000481071 0.000581059 1 0.00012272 0.000480928 -0.000123279 1 0.0445544 -0.0353297 0.0216295
FixedParameters: 0 0 0

#Transform 56
Transform: AffineTransform_float_3_3
Parameters: 1 -0.000362842 -0.000481119 0.000363158 1 0.000327825 0.000480881 -0.000328174 1 0.0456851 0.0312389 0.0485625
FixedParameters: 0 0 0

#Transform 57
Transform: AffineTransform_float_3_3
Parameters: 1 -0.00034193 -0.000237101 0.00034107 1 0.000294919 0.000236899 -0.000295081 1 0.0237515 0.0230873 0.011265
FixedParameters: 0 0 0

#Transform 58
Transform: AffineTransform_float_3_3
Parameters: 1 -0.000580981 -0.000108101 0.000581019 1 0.000173937 0.000108899 -0.000174063 1 0.0381824 -0.0188293 0.0118618
FixedParameters: 0 0 0

#Transform 59
Transform: AffineTransform_float_3_3
Parameters: 1 -0.000316849 -0.000205233 0.00031715 0.999999 0.000733935 0.000204767 -0.000734064 0.999999 0.0247929 0.0179445 0.0503622
FixedParameters: 0 0 0

#Transform 60
Transform: AffineTransform_float_3_3
Parameters: 0.999999 -0.000580857 -0.000481172 0.000580142 1 0.000295721 0.000480828 -0.000296279 1 0.0455628 0.0174627 0.0110696
FixedParameters: 0 0 0

#Transform 61
Transform: AffineTransform_float_3_3
Parameters: 0.999999 -0.00058094 -0.000481071 0.000581059 1 0.00012272 0.000480928 -0.000123279 1 0.0548514 0.0391774 -0.0101267
FixedParameters: 0 0 0

#Transform 62
Transform: AffineTransform_float_3_3
Parameters: 0.999999 -0.000580847 -0.000481184 0.000580153 1 0.000317721 0.000480815 -0.000318279 1 0.0574408 -0.0180202 0.0124677
FixedParameters: 0 0 0

#Transform 63
Transform: AffineTransform_float_3_3
Parameters: 1 -0.000580907 -0.00035915 0.000581093 1 0.000258791 0.000358849 -0.000259208 1 0.0617592 0.0221948 0.00973643
FixedParameters: 0 0 0

#Transform 64
Transform: AffineTransform_float_3_3
Parameters: 0.999999 -0.000580618 -0.000600368 0.00058038 0.999999 0.000634651 0.000599631 -0.000635348 0.999999 0.0631516 -0.0479746 0.027525
FixedParameters: 0 0 0

#Transform 65
Transform: AffineTransform_float_3_3
Parameters: 0.999999 -0.000842847 -0.00033139 0.000843154 1 0.000462721 0.00033161 -0.00046228 1 0.0857235 -0.0453861 0.00517852
FixedParameters: 0 0 0

#Transform 66
Transform: AffineTransform_float_3_3
Parameters: 1 -0.000580811 -0.000180609 0.00058019 1 0.0010489 0.000180391 -0.00104911 1 0.0638062 -0.100038 0.0374677
FixedParameters: 0 0 0

#Transform 67
Transform: AffineTransform_float_3_3
Parameters: 1 -0.00121897 -7.75131e-05 0.00121903 0.999999 0.000420906 7.74867e-05 -0.000421095 1 0.117005 -0.0591392 0.00850563
FixedParameters: 0 0 0

#Transform 68
Transform: AffineTransform_float_3_3
Parameters: 0.999999 -0.00130396 -7.77549e-05 0.00130405 0.999999 0.000578899 7.72449e-05 -0.000579101 1 0.1184 -0.069526 0.0416391
FixedParameters: 0 0 0

#Transform 69
Transform: AffineTransform_float_3_3
Parameters: 0.999999 -0.00131804 -0.000515901 0.00131796 0.999999 -7.568e-05 0.0005161 7.53198e-05 1 0.12589 0.0354317 0.0204523
FixedParameters: 0 0 0

#Transform 70
Transform: AffineTransform_float_3_3
Parameters: 0.999999 -0.000500481 -0.000730355 0.000501518 0.999999 0.000710633 0.000729643 -0.000710365 0.999999 0.07145 -0.0380285 0.0611104
FixedParameters: 0 0 0

#Transform 71
Transform: AffineTransform_float_3_3
Parameters: 0.999999 -0.000837094 -0.000943917 0.000836906 0.999999 -9.979e-05 0.000944083 9.92097e-05 0.999999 0.0950186 -0.0332178 0.0609027
FixedParameters: 0 0 0

#Transform 72
Transform: AffineTransform_float_3_3
Parameters: 0.999999 -0.00103563 -0.00077549 0.00103637 1 0.000473197 0.000774509 -0.000473802 0.999999 0.0961424 -0.0347146 0.0494043
FixedParameters: 0 0 0

#Transform 73
Transform: AffineTransform_float_3_3
Parameters: 0.999999 -0.00126782 -0.000508459 0.00126818 0.999999 0.000361355 0.000508542 -0.000361645 1 0.119295 -0.0380801 0.0162855
FixedParameters: 0 0 0

#Transform 74
Transform: AffineTransform_float_3_3
Parameters: 0.999998 -0.00147466 -0.000891559 0.00147534 0.999999 0.000378685 0.000890439 -0.000380313 0.999999 0.129104 -0.0734592 0.031138
FixedParameters: 0 0 0

#Transform 75
Transform: AffineTransform_float_3_3
Parameters: 0.999999 -0.00124053 -0.000740778 0.00124146 0.999999 0.000627081 0.00074022 -0.000628919 0.999999 0.127721 -0.049055 0.0287175
FixedParameters: 0 0 0

#Transform 76
Transform: AffineTransform_float_3_3
Parameters: 0.999998 -0.00136099 -0.000833657 0.00136201 0.999999 0.00121687 0.000831342 -0.00121813 0.999999 0.132328 -0.08755 0.0449073
FixedParameters: 0 0 0

#Transform 77
Transform: AffineTransform_float_3_3
Parameters: 0.999999 -0.00147446 -0.000470698 0.00147554 0.999998 0.00115131 0.000468301 -0.00115169 0.999999 0.138809 -0.0865591 0.0330324
FixedParameters: 0 0 0

#Transform 78
Transform: AffineTransform_float_3_3
Parameters: 0.999998 -0.00147459 -0.000581033 0.00147541 0.999998 0.000700143 0.000579966 -0.000700856 0.999999 0.149436 -0.0789739 0.0182724
FixedParameters: 0 0 0

#Transform 79
Transform: AffineTransform_float_3_3
Parameters: 0.999998 -0.00156241 -0.000632448 0.00156358 0.999999 0.000926013 0.000630552 -0.000926987 1 0.151617 -0.0473338 0.0219511
FixedParameters: 0 0 0

#Transform 80
Transform: AffineTransform_float_3_3
Parameters: 0.999999 -0.00147456 -0.000470367 0.00147543 0.999998 0.000926307 0.000468634 -0.000926692 1 0.128887 -0.0261953 0.0325675
FixedParameters: 0 0 0

#Transform 81
Transform: AffineTransform_float_3_3
Parameters: 1 -0.00110644 -0.000470327 0.00110656 0.999998 0.00119848 0.000468675 -0.00119852 0.999999 0.116395 -0.055714 0.0159961
FixedParameters: 0 0 0

#Transform 82
Transform: AffineTransform_float_3_3
Parameters: 0.999999 -0.00135131 -0.000574627 0.00135169 0.999999 0.00120323 0.000573374 -0.00120378 0.999999 0.121048 -0.0487738 -0.00252939
FixedParameters: 0 0 0

#Transform 83
Transform: AffineTransform_float_3_3
Parameters: 0.999999 -0.00131759 -0.00078669 0.00131841 0.999999 0.000522964 0.00078631 -0.000524037 1 0.126273 -0.0142584 0.0152163
FixedParameters: 0 0 0

#Transform 84
Transform: AffineTransform_float_3_3
Parameters: 0.999998 -0.00147419 -0.000873366 0.00147481 0.999998 0.000925713 0.000871634 -0.000927286 0.999999 0.132748 -0.00403648 0.0216852
FixedParameters: 0 0 0

#Transform 85
Transform: AffineTransform_float_3_3
Parameters: 0.999998 -0.00147448 -0.00075102 0.00147552 0.999998 0.000690893 0.00074998 -0.000692107 1 0.140739 -0.0486234 0.0052604
FixedParameters: 0 0 0

#Transform 86
Transform: AffineTransform_float_3_3
Parameters: 0.999999 -0.00167187 -0.000826266 0.00167213 0.999998 0.000158619 0.000825735 -0.000159381 0.999999 0.156727 -0.00848518 0.00358095
FixedParameters: 0 0 0

#Transform 87
Transform: AffineTransform_float_3_3
Parameters: 0.999998 -0.00147443 -0.000760096 0.00147556 0.999998 0.00074288 0.000758903 -0.00074412 1 0.140117 -0.0400415 0.0540756
FixedParameters: 0 0 0

#Transform 88
Transform: AffineTransform_float_3_3
Parameters: 0.999997 -0.00222508 -0.000791773 0.00222592 0.999998 -0.000102763 0.000792227 0.000101238 0.999999 0.151329 0.105116 -0.0407347
FixedParameters: 0 0 0

#Transform 89
Transform: AffineTransform_float_3_3
Parameters: 0.999998 -0.00151907 -0.000811737 0.00151993 0.999998 0.00114277 0.000810262 -0.00114423 0.999999 0.138387 -0.114715 0.0979287
FixedParameters: 0 0 0

#Transform 90
Transform: AffineTransform_float_3_3
Parameters: 0.999997 -0.00210882 -0.000656574 0.00210918 0.999997 0.000271616 0.000656427 -0.000272385 0.999999 0.156444 -0.0944839 0.00556041
FixedParameters: 0 0 0

#Transform 91
Transform: AffineTransform_float_3_3
Parameters: 0.999998 -0.00178333 -0.000833442 0.00178467 0.999998 0.000807514 0.000831557 -0.000809485 1 0.158672 -0.0496989 0.0987761
FixedParameters: 0 0 0

#Transform 92
Transform: AffineTransform_float_3_3
Parameters: 0.999997 -0.00225065 -0.000723103 0.00225136 0.999998 0.000489373 0.000722897 -0.000490628 0.999999 0.179731 -0.00725014 0.0181831
FixedParameters: 0 0 0

#Transform 93
Transform: AffineTransform_float_3_3
Parameters: 0.999997 -0.00223823 -0.000724392 0.00223877 0.999997 0.00106738 0.000722608 -0.00106962 0.999999 0.177307 -0.0709911 0.0462018
FixedParameters: 0 0 0

#Transform 94
Transform: AffineTransform_float_3_3
Parameters: 0.999997 -0.00206547 -0.000510135 0.00206553 0.999998 0.00103295 0.000507866 -0.00103405 1 0.164434 0.00812734 0.00774227
FixedParameters: 0 0 0

#Transform 95
Transform: AffineTransform_float_3_3
Parameters: 0.999998 -0.0021653 -0.000724102 0.0021657 0.999997 0.000969435 0.000721898 -0.000971566 1 0.172914 -0.123056 -0.0175203
FixedParameters: 0 0 0

#Transform 96
Transform: AffineTransform_float_3_3
Parameters: 0.999998 -0.00223862 -0.000629373 0.00223839 0.999998 0.000612593 0.000628626 -0.000614409 0.999999 0.1768 0.0294869 -0.0156351
FixedParameters: 0 0 0

#Transform 97
Transform: AffineTransform_float_3_3
Parameters: 0.999997 -0.00223888 -0.000299917 0.00223812 0.999998 0.00040933 0.000299084 -0.000409671 1 0.167603 -0.00394483 -0.018626
FixedParameters: 0 0 0

#Transform 98
Transform: AffineTransform_float_3_3
Parameters: 0.999998 -0.00223904 -0.000644869 0.00223896 0.999998 -5.9444e-05 0.000645131 5.75557e-05 1 0.179624 -0.0397005 -0.0205388
FixedParameters: 0 0 0

#Transform 99
Transform: AffineTransform_float_3_3
Parameters: 0.999998 -0.00223879 -0.000568852 0.00223822 0.999998 0.000379728 0.000567148 -0.000381271 1 0.174669 -0.0912186 0.0243326
FixedParameters: 0 0 0

#Transform 100
Transform: AffineTransform_float_3_3
Parameters: 0.999998 -0.00223851 -0.000524104 0.00223849 0.999997 0.00093883 0.000521897 -0.000940171 1 0.186597 -0.0925634 0.0534904
FixedParameters: 0 0 0

#Transform 101
Transform: AffineTransform_float_3_3
Parameters: 0.999997 -0.00232776 -0.00060392 0.00232824 0.999997 0.000394595 0.000603079 -0.000396405 0.999999 0.177398 0.00594939 -0.00307467
FixedParameters: 0 0 0

#Transform 102
Transform: AffineTransform_float_3_3
Parameters: 0.999996 -0.0026411 -0.00105426 0.0026419 0.999996 0.000854218 0.00105174 -0.000856781 0.999999 0.187323 0.0388495 0.0213076
FixedParameters: 0 0 0

#Transform 103
Transform: AffineTransform_float_3_3
Parameters: 0.999997 -0.00223146 -0.000749628 0.00223155 0.999997 0.00072833 0.000747374 -0.00072967 1 0.183255 -0.0216188 0.0216743
FixedParameters: 0 0 0

#Transform 104
Transform: AffineTransform_float_3_3
Parameters: 0.999998 -0.00221839 -0.000589304 0.00221961 0.999997 0.0010377 0.000587695 -0.00103931 1 0.180493 -0.0817746 0.0225421
FixedParameters: 0 0 0

#Transform 105
Transform: AffineTransform_float_3_3
Parameters: 0.999997 -0.0023578 -0.000587819 0.0023572 0.999997 0.000346615 0.00058718 -0.000348385 1 0.182734 -0.0140999 0.00775804
FixedParameters: 0 0 0

#Transform 106
Transform: AffineTransform_float_3_3
Parameters: 0.999997 -0.00220494 -0.00087515 0.00220506 0.999997 6.70704e-05 0.00087585 -6.89313e-05 0.999999 0.184875 0.0413614 0.031909
FixedParameters: 0 0 0

#Transform 107
Transform: AffineTransform_float_3_3
Parameters: 0.999998 -0.00175799 -0.000992016 0.00175801 0.999999 8.25604e-06 0.000991984 -9.74392e-06 0.999999 0.151786 -0.000642377 0.0557511
FixedParameters: 0 0 0

#Transform 108
Transform: AffineTransform_float_3_3
Parameters: 0.999997 -0.00227674 -0.000864687 0.00227726 0.999998 0.000301032 0.000864312 -0.000302969 0.999999 0.171177 -0.0495164 0.0224639
FixedParameters: 0 0 0

#Transform 109
Transform: AffineTransform_float_3_3
Parameters: 0.999996 -0.00236556 -0.00105399 0.00236644 0.999997 0.000416507 0.00105301 -0.000419493 1 0.1906 -0.0927594 0.0435876
FixedParameters: 0 0 0

#Transform 110
Transform: AffineTransform_float_3_3
Parameters: 0.999996 -0.00236529 -0.000957764 0.00236571 0.999997 0.000744737 0.000956235 -0.000747264 1 0.188896 -0.047063 0.0607815
FixedParameters: 0 0 0

#Transform 111
Transform: AffineTransform_float_3_3
Parameters: 0.999997 -0.00218921 -0.000895927 0.00218979 0.999997 0.000879041 0.000894074 -0.00088096 0.999999 0.185206 -0.087278 0.0258346
FixedParameters: 0 0 0

#Transform 112
Transform: AffineTransform_float_3_3
Parameters: 0.999996 -0.00236541 -0.00105432 0.00236659 0.999997 0.000556507 0.00105268 -0.000558492 1 0.190427 -0.00246861 0.00532154
FixedParameters: 0 0 0

#Transform 113
Transform: AffineTransform_float_3_3
Parameters: 0.999997 -0.00211367 -0.000604159 0.00211333 0.999997 0.000547724 0.00060284 -0.000549275 0.999999 0.165449 0.0426917 0.0153804
FixedParameters: 0 0 0

#Transform 114
Transform: AffineTransform_float_3_3
Parameters: 0.999998 -0.00196614 -0.000707398 0.00196686 0.999998 0.00121861 0.000704601 -0.00122039 0.999999 0.151244 -0.0654559 0.0483259
FixedParameters: 0 0 0

#Transform 115
Transform: AffineTransform_float_3_3
Parameters: 0.999998 -0.00190402 -0.000921028 0.00190498 0.999997 0.00106425 0.000918972 -0.00106575 0.999999 0.16305 -0.044669 0.0358458
FixedParameters: 0 0 0

#Transform 116
Transform: AffineTransform_float_3_3
Parameters: 0.999998 -0.00200064 -0.000706023 0.00200036 0.999998 0.000510589 0.000704976 -0.000512411 0.999999 0.16672 0.0247966 0.00499908
FixedParameters: 0 0 0

#Transform 117
Transform: AffineTransform_float_3_3
Parameters: 0.999997 -0.00205557 -0.000758172 0.00205643 0.999997 0.000569442 0.000756829 -0.000570557 1 0.15895 0.0245415 0.00580394
FixedParameters: 0 0 0

#Transform 118
Transform: AffineTransform_float_3_3
Parameters: 0.999997 -0.00224555 -0.000897134 0.00224645 0.999998 0.000503986 0.000895865 -0.000506013 0.999999 0.186074 -0.0138406 -0.011959
FixedParameters: 0 0 0

#Transform 119
Transform: AffineTransform_float_3_3
Parameters: 0.999996 -0.00253578 -0.00126845 0.00253622 0.999997 0.000174784 0.00126755 -0.000178215 0.999999 0.197128 -0.0286601 0.00704712
FixedParameters: 0 0 0

#Transform 120
Transform: AffineTransform_float_3_3
Parameters: 0.999998 -0.00204821 -0.000897806 0.00204879 0.999998 0.000880163 0.000896194 -0.000882838 0.999999 0.170638 -0.0458657 0.0626038
FixedParameters: 0 0 0

#Transform 121
Transform: AffineTransform_float_3_3
Parameters: 0.999997 -0.00233051 -0.0012889 0.0023315 0.999997 0.000382996 0.0012881 -0.000386003 0.999999 0.194053 -0.0202893 0.0298222
FixedParameters: 0 0 0

#Transform 122
Transform: AffineTransform_float_3_3
Parameters: 0.999998 -0.00204777 -0.00106935 0.00204823 0.999997 0.00114681 0.00106765 -0.00114919 0.999999 0.185902 -0.0997413 0.0531182
FixedParameters: 0 0 0

#Transform 123
Transform: AffineTransform_float_3_3
Parameters: 0.999998 -0.00204787 -0.00104422 0.00204913 0.999998 0.00108386 0.00104278 -0.00108614 0.999999 0.185361 -0.0194818 0.0220073
FixedParameters: 0 0 0

#Transform 124
Transform: AffineTransform_float_3_3
Parameters: 0.999998 -0.00204833 -0.000897521 0.00204867 0.999997 0.000741163 0.000896481 -0.000742838 1 0.192961 -0.0378997 0.00795859
FixedParameters: 0 0 0

#Transform 125
Transform: AffineTransform_float_3_3
Parameters: 0.999998 -0.00209834 -0.000897558 0.00209867 0.999998 0.000741119 0.000896444 -0.000742884 1 0.183567 0.0270652 0.023301
FixedParameters: 0 0 0

#Transform 126
Transform: AffineTransform_float_3_3
Parameters: 0.999997 -0.00204826 -0.000763981 0.00204874 0.999998 0.000966438 0.000762018 -0.000968564 0.999999 0.180701 -0.072122 0.0114505
FixedParameters: 0 0 0

#Transform 127
Transform: AffineTransform_float_3_3
Parameters: 0.999999 -0.00125526 -0.00130675 0.00125474 0.999999 -0.00020164 0.00130725 0.000200359 0.999999 0.137648 0.0477621 -0.0521853
FixedParameters: 0 0 0

#Transform 128
Transform: AffineTransform_float_3_3
Parameters: 0.999999 -0.00133593 -0.00118121 0.00133707 0.999998 0.000902422 0.00118079 -0.000903579 0.999999 0.151435 -0.068489 0.070268
FixedParameters: 0 0 0

#Transform 129
Transform: AffineTransform_float_3_3
Parameters: 0.999997 -0.00218427 -0.000999411 0.00218473 0.999997 -0.000271184 0.00099959 0.000268817 1 0.182113 0.0652934 -0.0227489
FixedParameters: 0 0 0

#Transform 130
Transform: AffineTransform_float_3_3
Parameters: 0.999997 -0.00219001 -0.000905394 0.00219099 0.999997 0.00109202 0.000903606 -0.00109398 0.999999 0.181052 -0.0174763 0.027379
FixedParameters: 0 0 0

#Transform 131
Transform: AffineTransform_float_3_3
Parameters: 0.999997 -0.00219027 -0.00107548 0.00219173 0.999998 0.000675645 0.00107352 -0.000677354 0.999999 0.215981 -0.129767 -0.00281611
FixedParameters: 0 0 0

#Transform 132
Transform: AffineTransform_float_3_3
Parameters: 0.999996 -0.00246245 -0.000744815 0.00246255 0.999996 0.000736168 0.000743186 -0.000737833 1 0.214628 0.00985274 0.0101919
FixedParameters: 0 0 0

#Transform 133
Transform: AffineTransform_float_3_3
Parameters: 0.999996 -0.00247633 -0.000786123 0.00247767 0.999996 0.000856055 0.000784877 -0.000857946 1 0.223475 -0.0732343 0.000503778
FixedParameters: 0 0 0

#Transform 134
Transform: AffineTransform_float_3_3
Parameters: 0.999996 -0.0026552 -0.000954228 0.0026558 0.999996 0.000837469 0.000951774 -0.000839531 0.999999 0.242345 0.0263782 -0.000212844
FixedParameters: 0 0 0

#Transform 135
Transform: AffineTransform_float_3_3
Parameters: 0.999997 -0.00265499 -0.000659076 0.00265601 0.999996 0.00153426 0.000654924 -0.00153574 0.999998 0.234499 -0.099489 0.0207766
FixedParameters: 0 0 0

#Transform 136
Transform: AffineTransform_float_3_3
Parameters: 0.999997 -0.00265534 -0.000610877 0.00265566 0.999996 0.00108238 0.000608125 -0.00108362 0.999999 0.233706 -0.0751058 -0.0104592
FixedParameters: 0 0 0

#Transform 137
Transform: AffineTransform_float_3_3
Parameters: 0.999996 -0.00265486 -0.000850571 0.00265614 0.999995 0.00134375 0.00084743 -0.00134525 0.999998 0.237492 -0.0301429 0.00810397
FixedParameters: 0 0 0

#Transform 138
Transform: AffineTransform_float_3_3
Parameters: 0.999996 -0.00265443 -0.000851896 0.00265557 0.999995 0.00184274 0.000847104 -0.00184526 0.999998 0.231959 -0.0370926 0.0162624
FixedParameters: 0 0 0

#Transform 139
Transform: AffineTransform_float_3_3
Parameters: 0.999996 -0.0026556 -0.000815306 0.0026554 0.999997 0.000490837 0.000813693 -0.000493163 0.999999 0.23695 -0.028495 -0.0231748
FixedParameters: 0 0 0

#Transform 140
Transform: AffineTransform_float_3_3
Parameters: 0.999997 -0.00235825 -0.000682586 0.00235975 0.999996 0.00109539 0.000680412 -0.00109761 0.999999 0.222828 0.027231 -0.000811725
FixedParameters: 0 0 0

#Transform 141
Transform: AffineTransform_float_3_3
Parameters: 0.999996 -0.00265535 -0.000682524 0.00265565 0.999996 0.000949191 0.000680478 -0.000950811 1 0.234573 0.0405779 -0.00195761
FixedParameters: 0 0 0

#Transform 142
Transform: AffineTransform_float_3_3
Parameters: 0.999997 -0.00218292 -0.00110315 0.00218409 0.999997 0.000983594 0.00110185 -0.000985408 0.999999 0.216857 0.0313324 0.0318907
FixedParameters: 0 0 0

#Transform 143
Transform: AffineTransform_float_3_3
Parameters: 0.999997 -0.00211912 -0.00120033 0.00212088 0.999997 0.00156846 0.00119667 -0.00157154 0.999998 0.215488 -0.0755772 0.0296296
FixedParameters: 0 0 0

#Transform 144
Transform: AffineTransform_float_3_3
Parameters: 0.999997 -0.00229515 -0.00106484 0.00229685 0.999997 0.000799557 0.00106216 -0.000802441 0.999999 0.224012 -0.0129664 -0.0082663
FixedParameters: 0 0 0

#Transform 145
Transform: AffineTransform_float_3_3
Parameters: 0.999997 -0.00209718 -0.00124039 0.00209782 0.999997 0.0006614 0.00123961 -0.000664601 0.999999 0.206365 0.00246165 0.0364678
FixedParameters: 0 0 0

#Transform 146
Transform: AffineTransform_float_3_3
Parameters: 0.999997 -0.00188898 -0.0011533 0.00189101 0.999996 0.00174782 0.00114969 -0.00175018 0.999998 0.195575 -0.0807117 0.0484916
FixedParameters: 0 0 0

#Transform 147
Transform: AffineTransform_float_3_3
Parameters: 0.999997 -0.00189005 -0.00115156 0.00189095 0.999998 0.000821824 0.00114944 -0.000824174 0.999999 0.201258 -0.0322742 0.0106598
FixedParameters: 0 0 0

#Transform 148
Transform: AffineTransform_float_3_3
Parameters: 0.999997 -0.00188966 -0.0011522 0.00189134 0.999997 0.00116182 0.0011498 -0.00116317 0.999998 0.193156 0.0266592 0.0358218
FixedParameters: 0 0 0

#Transform 149
Transform: AffineTransform_float_3_3
Parameters: 0.999998 -0.00154077 -0.00167106 0.00154323 0.999998 0.00133342 0.00166894 -0.00133657 0.999997 0.177849 0.00444029 -0.0250302
FixedParameters: 0 0 0

#Transform 150
Transform: AffineTransform_float_3_3
Parameters: 0.999997 -0.00146976 -0.00204861 0.00147224 0.999999 0.00109099 0.00204739 -0.00109401 0.999998 0.182907 -0.0119692 0.0116068
FixedParameters: 0 0 0

#Transform 151
Transform: AffineTransform_float_3_3
Parameters: 0.999996 -0.001509 -0.00209417 0.001512 0.999998 0.00143284 0.00209183 -0.00143616 0.999997 0.205907 -0.0404062 -0.00372895
FixedParameters: 0 0 0

#Transform 152
Transform: AffineTransform_float_3_3
Parameters: 0.999996 -0.00180382 -0.00184315 0.00180417 0.999998 0.000635677 0.00184185 -0.000639325 0.999998 0.218085 0.004843 -0.00651927
FixedParameters: 0 0 0

#Transform 153
Transform: AffineTransform_float_3_3
Parameters: 0.999997 -0.00189004 -0.00158215 0.00189096 0.999998 0.00060801 0.00158085 -0.000610989 0.999998 0.215102 0.0155751 -0.00614972
FixedParameters: 0 0 0

#Transform 154
Transform: AffineTransform_float_3_3
Parameters: 0.999997 -0.0018916 -0.00153827 0.0018914 0.999998 -0.000388911 0.00153873 0.00038609 0.999998 0.214464 -0.0194204 0.0226976
FixedParameters: 0 0 0

#Transform 155
Transform: AffineTransform_float_3_3
Parameters: 0.999996 -0.00207313 -0.00193693 0.00207387 0.999997 0.000445985 0.00193607 -0.000450015 0.999998 0.241338 0.0317301 0.0869196
FixedParameters: 0 0 0

#Transform 156
Transform: AffineTransform_float_3_3
Parameters: 0.999995 -0.00250904 -0.00153894 0.00250996 0.999997 -2.58628e-05 0.00153906 2.21385e-05 0.999999 0.241962 0.0234854 0.0342581
FixedParameters: 0 0 0

#Transform 157
Transform: AffineTransform_float_3_3
Parameters: 0.999995 -0.00250872 -0.00153945 0.00250928 0.999997 0.000179138 0.00153855 -0.000182861 0.999999 0.242132 -0.0470602 0.0383452
FixedParameters: 0 0 0

#Transform 158
Transform: AffineTransform_float_3_3
Parameters: 0.999995 -0.00250832 -0.0015401 0.00250967 0.999997 0.000437137 0.0015389 -0.000440862 0.999998 0.249531 0.0257509 0.0325761
FixedParameters: 0 0 0

#Transform 159
Transform: AffineTransform_float_3_3
Parameters: 0.999996 -0.00250892 -0.00165212 0.00250908 0.999997 4.68549e-05 0.00165188 -5.11446e-05 0.999998 0.260213 -0.00869719 0.0320391
FixedParameters: 0 0 0

#Transform 160
Transform: AffineTransform_float_3_3
Parameters: 0.999994 -0.00287812 -0.00150768 0.00287888 0.999995 0.000581662 0.00150532 -0.000586335 0.999998 0.263835 -0.0317317 0.0448581
FixedParameters: 0 0 0

#Transform 161
Transform: AffineTransform_float_3_3
Parameters: 0.999995 -0.00269871 -0.00151252 0.00269929 0.999997 0.000190918 0.00151248 -0.000194083 0.999999 0.261139 -0.0321277 0.0161375
FixedParameters: 0 0 0

#Transform 162
Transform: AffineTransform_float_3_3
Parameters: 0.999995 -0.0028038 -0.00104754 0.0028042 0.999996 0.000192063 0.00104646 -0.000194935 1 0.25483 5.55739e-05 0.0385299
FixedParameters: 0 0 0

#Transform 163
Transform: AffineTransform_float_3_3
Parameters: 0.999996 -0.0028336 -0.00117197 0.0028344 0.999996 0.00034068 0.00117103 -0.00034432 1 0.257535 -0.0142808 0.028359
FixedParameters: 0 0 0

#Transform 164
Transform: AffineTransform_float_3_3
Parameters: 0.999995 -0.00291375 -0.00127756 0.00291325 0.999995 0.000191279 0.00127644 -0.00019472 0.999999 0.260581 0.00258028 0.00923932
FixedParameters: 0 0 0

#Transform 165
Transform: AffineTransform_float_3_3
Parameters: 0.999997 -0.00250845 -0.00104831 0.00250955 0.999996 0.000521371 0.00104669 -0.000523628 1 0.250084 -0.033265 0.0288277
FixedParameters: 0 0 0

#Transform 166
Transform: AffineTransform_float_3_3
Parameters: 0.999996 -0.00283392 -0.0011622 0.00283308 0.999996 6.77077e-05 0.00116181 -7.02928e-05 1 0.270701 0.00624102 0.0123076
FixedParameters: 0 0 0

#Transform 167
Transform: AffineTransform_float_3_3
Parameters: 0.999996 -0.0026359 -0.00104724 0.00263609 0.999996 9.02397e-05 0.00104676 -9.37595e-05 1 0.252081 0.00582073 0.020381
FixedParameters: 0 0 0

#Transform 168
Transform: AffineTransform_float_3_3
Parameters: 0.999996 -0.00261157 -0.00104807 0.00261243 0.999996 0.000408264 0.00104693 -0.000411736 1 0.255683 -0.084105 0.0392173
FixedParameters: 0 0 0

#Transform 169
Transform: AffineTransform_float_3_3
Parameters: 0.999996 -0.00268908 -0.000956787 0.00268992 0.999997 -8.05741e-05 0.000957212 7.74264e-05 1 0.258269 -0.0830432 0.0123953
FixedParameters: 0 0 0

#Transform 170
Transform: AffineTransform_float_3_3
Parameters: 0.999995 -0.00280071 -0.00104509 0.00280028 0.999996 -0.00068493 0.00104691 0.000682071 0.999999 0.262599 0.0236678 0.00235954
FixedParameters: 0 0 0

#Transform 171
Transform: AffineTransform_float_3_3
Parameters: 0.999997 -0.00250916 -0.00097458 0.00250984 0.999997 -0.000168447 0.000975418 0.000165553 0.999999 0.24461 -0.0182467 0.0339776
FixedParameters: 0 0 0

#Transform 172
Transform: AffineTransform_float_3_3
Parameters: 0.999997 -0.002509 -0.000885005 0.002509 0.999997 7.79523e-07 0.000884997 -2.22046e-06 0.999999 0.247517 -0.0608184 -0.00301164
FixedParameters: 0 0 0

#Transform 173
Transform: AffineTransform_float_3_3
Parameters: 0.999997 -0.00250906 -0.00104686 0.00250994 0.999997 -5.66278e-05 0.00104714 5.43729e-05 1 0.259865 -0.0333276 0.00283014
FixedParameters: 0 0 0

#Transform 174
Transform: AffineTransform_float_3_3
Parameters: 0.999996 -0.00267637 -0.00104605 0.00267563 0.999997 -0.000357801 0.00104695 0.0003552 1 0.269091 -0.0106202 -0.00476796
FixedParameters: 0 0 0

#Transform 175
Transform: AffineTransform_float_3_3
Parameters: 0.999995 -0.00279384 -0.00100745 0.00279416 0.999996 0.000161186 0.00100755 -0.000163816 1 0.270429 -0.0380842 6.83191e-05
FixedParameters: 0 0 0

#Transform 176
Transform: AffineTransform_float_3_3
Parameters: 0.999995 -0.00275122 -0.000979374 0.00275178 0.999996 -0.000228696 0.000979626 0.000226306 0.999999 0.272285 -0.0126737 -0.00315913
FixedParameters: 0 0 0

#Transform 177
Transform: AffineTransform_float_3_3
Parameters: 0.999995 -0.00280297 -0.000944088 0.00280303 0.999996 3.03538e-05 0.000943911 -3.26459e-05 0.999999 0.26964 -0.0903533 0.00649396
FixedParameters: 0 0 0

#Transform 178
Transform: AffineTransform_float_3_3
Parameters: 0.999995 -0.00295233 -0.000925948 0.00295167 0.999995 -0.000357734 0.00092705 0.000354264 0.999999 0.290817 -0.117354 -0.020497
FixedParameters: 0 0 0

#Transform 179
Transform: AffineTransform_float_3_3
Parameters: 0.999996 -0.00283519 -0.00106651 0.00283482 0.999996 -0.000175024 0.00106749 0.000171974 1 0.290837 0.0310999 -0.00962932
FixedParameters: 0 0 0

#Transform 180
Transform: AffineTransform_float_3_3
Parameters: 0.999996 -0.00295211 -0.00077058 0.00295189 0.999995 -0.000143275 0.000771422 0.000141723 0.999999 0.273529 -0.0652924 -0.00886787
FixedParameters: 0 0 0

#Transform 181
Transform: AffineTransform_float_3_3
Parameters: 0.999997 -0.00254778 -0.000735767 0.00254722 0.999996 0.000300127 0.000735234 -0.000301874 0.999999 0.256019 -0.0349198 -0.00154772
FixedParameters: 0 0 0

#Transform 182
Transform: AffineTransform_float_3_3
Parameters: 0.999995 -0.00295225 -0.000977247 0.00295175 0.999995 -0.000256886 0.000977755 0.000254115 1 0.282267 -0.0272557 -0.0108886
FixedParameters: 0 0 0

#Transform 183
Transform: AffineTransform_float_3_3
Parameters: 0.999996 -0.00295237 -0.000733494 0.00295162 0.999995 -0.000511167 0.000735505 0.00050883 0.999999 0.287379 -0.0367559 0.00338294
FixedParameters: 0 0 0

#Transform 184
Transform: AffineTransform_float_3_3
Parameters: 0.999996 -0.00277491 -0.000735322 0.00277509 0.999996 0.00011496 0.000735678 -0.000117042 0.999999 0.269853 -0.0625203 0.030253
FixedParameters: 0 0 0

#Transform 185
Transform: AffineTransform_float_3_3
Parameters: 0.999996 -0.00255491 -0.000485484 0.00255409 0.999996 0.000188761 0.000485515 -0.000190241 1 0.276659 -0.0827833 0.0107339
FixedParameters: 0 0 0

#Transform 186
Transform: AffineTransform_float_3_3
Parameters: 0.999997 -0.00243869 -0.000736019 0.00243931 0.999997 0.000417206 0.000734978 -0.000419794 0.999999 0.257107 -0.00892956 0.0204557
FixedParameters: 0 0 0

#Transform 187
Transform: AffineTransform_float_3_3
Parameters: 0.999995 -0.00293856 -0.00123568 0.00293744 0.999995 -0.000452632 0.00123733 0.000449366 0.999999 0.279074 0.0195723 -0.0143506
FixedParameters: 0 0 0

#Transform 188
Transform: AffineTransform_float_3_3
Parameters: 0.999997 -0.00231482 -0.000735556 0.00231518 0.999998 0.000239298 0.000735445 -0.000240703 0.999999 0.254598 -0.0964771 0.031189
FixedParameters: 0 0 0

#Transform 189
Transform: AffineTransform_float_3_3
Parameters: 0.999996 -0.00267796 -0.000590193 0.00267804 0.999997 7.14197e-05 0.000589805 -7.35798e-05 1 0.272463 -0.0238201 0.00142761
FixedParameters: 0 0 0

#Transform 190
Transform: AffineTransform_float_3_3
Parameters: 0.999996 -0.00255494 -0.000632225 0.00255405 0.999996 8.73855e-05 0.000631773 -8.96144e-05 1 0.268412 -0.0333323 0.0117142
FixedParameters: 0 0 0

#Transform 191
Transform: AffineTransform_float_3_3
