# transform file /out/sourcedata/freesurfer/sub-v2s2x29060_ses-1/mri/transforms/cc_up.lta
# created by oesteban on Thu Mar 12 22:36:41 2026

type      = 0 # LINEAR_VOX_TO_VOX
nxforms   = 1
mean      = 128.0000 131.0000 126.0000
sigma     = 10000.0000
1 4 4
9.993501901626587e-01 4.196789581328630e-03 -3.580256551504135e-02 3.276532411575317e+00 
-4.194098524749279e-03 9.999913573265076e-01 1.502571249147877e-04 1.852247047424316e+01 
3.580287843942642e-02 0.000000000000000e+00 9.993589520454407e-01 -6.535218715667725e+00 
0.000000000000000e+00 0.000000000000000e+00 0.000000000000000e+00 1.000000000000000e+00 
src volume info
valid = 1  # volume info valid
filename = /out/sourcedata/freesurfer/sub-v2s2x29060_ses-1/mri/norm.mgz
volume = 256 256 256
voxelsize = 8.984375596046448e-01 8.984375596046448e-01 8.984375596046448e-01
xras   = -1.000000000000000e+00 0.000000000000000e+00 0.000000000000000e+00
yras   = 0.000000000000000e+00 0.000000000000000e+00 -1.000000119209290e+00
zras   = 0.000000000000000e+00 1.000000000000000e+00 0.000000000000000e+00
cras   = 6.858497619628906e+00 -2.707695770263672e+01 1.838883590698242e+01
dst volume info
valid = 1  # volume info valid
filename = /out/sourcedata/freesurfer/sub-v2s2x29060_ses-1/mri/norm.mgz
volume = 256 256 256
voxelsize = 8.984375596046448e-01 8.984375596046448e-01 8.984375596046448e-01
xras   = -1.000000000000000e+00 0.000000000000000e+00 0.000000000000000e+00
yras   = 0.000000000000000e+00 0.000000000000000e+00 -1.000000119209290e+00
zras   = 0.000000000000000e+00 1.000000000000000e+00 0.000000000000000e+00
cras   = 6.858497619628906e+00 -2.707695770263672e+01 1.838883590698242e+01
