#Insight Transform File V1.0
#Transform 0
Transform: AffineTransform_float_3_3
Parameters: 0.999998 -0.000799139 0.00138492 0.00079886 0.999999 0.000101106 -0.00138508 -9.98932e-05 0.999999 0.0556313 0.0348611 -0.0051048
FixedParameters: 0 0 0

#Transform 1
Transform: AffineTransform_float_3_3
Parameters: 0.999998 -0.000849447 0.00167879 0.000850555 0.999999 -0.000925574 -0.00167821 0.000926428 0.999998 0.0355596 0.0804551 -0.0379383
FixedParameters: 0 0 0

#Transform 2
Transform: AffineTransform_float_3_3
Parameters: 0.999999 -0.000799335 0.00120978 0.000798664 0.999999 0.000277966 -0.00121022 -0.000277033 0.999999 0.0560099 0.0258341 -0.00267793
FixedParameters: 0 0 0

#Transform 3
Transform: AffineTransform_float_3_3
Parameters: 0.999999 -0.000798516 0.00167823 0.000799484 0.999999 -0.000287659 -0.00167777 0.00028934 0.999998 0.0432933 0.061701 -0.0370731
FixedParameters: 0 0 0

#Transform 4
Transform: AffineTransform_float_3_3
Parameters: 0.999999 -0.000799639 0.00117256 0.00079936 0.999999 0.000545938 -0.00117244 -0.000545063 0.999999 0.043649 0.00376501 0.0157141
FixedParameters: 0 0 0

#Transform 5
Transform: AffineTransform_float_3_3
Parameters: 0.999999 -0.000799086 0.00117294 0.000798914 0.999999 7.39372e-05 -0.00117306 -7.30627e-05 1 0.0436038 0.0313522 -0.0150827
FixedParameters: 0 0 0

#Transform 6
Transform: AffineTransform_float_3_3
Parameters: 0.999999 -0.000799378 0.00117274 0.000798621 0.999999 0.000322937 -0.00117326 -0.000322062 1 0.043636 0.00298213 -0.0155452
FixedParameters: 0 0 0

#Transform 7
Transform: AffineTransform_float_3_3
Parameters: 0.999998 -0.000799328 0.00151183 0.00079867 0.999999 0.000218208 -0.00151217 -0.000216791 0.999999 0.0240196 0.0306606 -0.026847
FixedParameters: 0 0 0

#Transform 8
Transform: AffineTransform_float_3_3
Parameters: 0.999999 -0.000798613 0.00107429 0.000799387 0.999999 -0.000360142 -0.00107371 0.000360858 1 0.0454682 -0.00229613 -0.043461
FixedParameters: 0 0 0

#Transform 9
Transform: AffineTransform_float_3_3
Parameters: 0.999999 -0.000438186 0.00117293 0.000437814 1 0.000158514 -0.00117307 -0.000158486 1 0.0326806 0.0361097 0.0120321
FixedParameters: 0 0 0

#Transform 10
Transform: AffineTransform_float_3_3
Parameters: 0.999999 -0.000643898 0.00117361 0.000645102 1 -0.000939244 -0.00117239 0.000939756 0.999999 0.0310979 0.0321242 -0.0678437
FixedParameters: 0 0 0

#Transform 11
Transform: AffineTransform_float_3_3
Parameters: 0.999999 -0.000645321 0.00111882 0.00064568 1 0.000286723 -0.00111819 -0.000286279 1 0.0214512 0.0126875 0.00230244
FixedParameters: 0 0 0

#Transform 12
Transform: AffineTransform_float_3_3
Parameters: 0.999999 -0.000644556 0.00109526 0.000645443 0.999999 -0.000404293 -0.00109474 0.000405706 1 0.0222687 0.00752078 -0.0487107
FixedParameters: 0 0 0

#Transform 13
Transform: AffineTransform_float_3_3
Parameters: 1 -4.99008e-05 0.00117296 4.90991e-05 0.999999 0.000768058 -0.00117304 -0.000767942 0.999999 -0.00486528 -0.0115612 0.0139206
FixedParameters: 0 0 0

#Transform 14
Transform: AffineTransform_float_3_3
Parameters: 0.999999 -0.000274322 0.000898207 0.000274679 0.999999 -0.000755754 -0.000898793 0.000755247 1 0.00818544 0.0301323 -0.0581515
FixedParameters: 0 0 0

#Transform 15
Transform: AffineTransform_float_3_3
Parameters: 1 -4.93975e-05 0.000635969 4.86025e-05 1 0.000625031 -0.00063603 -0.000624968 0.999999 0.0022466 -0.0503428 0.0258516
FixedParameters: 0 0 0

#Transform 16
Transform: AffineTransform_float_3_3
Parameters: 0.999999 -4.88312e-05 0.000706011 4.81687e-05 1 -0.000238966 -0.000705988 0.000239034 0.999999 -0.00128912 -0.0527137 -0.0279847
FixedParameters: 0 0 0

#Transform 17
Transform: AffineTransform_float_3_3
Parameters: 0.999999 -4.96445e-05 0.000705955 4.83561e-05 0.999999 0.000912034 -0.000706045 -0.000912965 1 0.00373403 -0.0146909 0.0315257
FixedParameters: 0 0 0

#Transform 18
Transform: AffineTransform_float_3_3
Parameters: 0.999999 -0.000149805 0.000706041 0.000150195 1 -0.000275894 -0.000705958 0.000276106 0.999999 0.00763737 0.0602704 -0.0261429
FixedParameters: 0 0 0

#Transform 19
Transform: AffineTransform_float_3_3
Parameters: 1 -4.89586e-05 -6.90294e-05 4.90414e-05 1 0.000599996 6.89706e-05 -0.000600003 1 0.0115457 0.0056674 0.026839
FixedParameters: 0 0 0

#Transform 20
Transform: AffineTransform_float_3_3
Parameters: 1 -4.90239e-05 0.000142992 4.89761e-05 1 0.000167007 -0.000143008 -0.000166993 1 0.00232128 0.00783791 0.00880723
FixedParameters: 0 0 0

#Transform 21
Transform: AffineTransform_float_3_3
Parameters: 1 -4.91029e-05 0.000395987 4.8897e-05 1 0.000260019 -0.000396013 -0.000259981 1 -0.0173043 -0.017971 0.00931902
FixedParameters: 0 0 0

#Transform 22
Transform: AffineTransform_float_3_3
Parameters: 1 -4.8958e-05 0.000259008 4.9042e-05 1 -0.000161987 -0.000258992 0.000162013 1 -0.017045 0.0448896 -0.0230205
FixedParameters: 0 0 0

#Transform 23
Transform: AffineTransform_float_3_3
Parameters: 1 0.00014292 0.000183062 -0.00014308 1 0.000436974 -0.000182937 -0.000437026 1 -0.0235765 -0.0293701 0.00246149
FixedParameters: 0 0 0

#Transform 24
Transform: AffineTransform_float_3_3
Parameters: 1 0.00014801 0.000182992 -0.00014799 1 -5.50271e-05 -0.000183008 5.49729e-05 1 -0.0366461 -0.0111741 -0.0132242
FixedParameters: 0 0 0

#Transform 25
Transform: AffineTransform_float_3_3
Parameters: 1 0.000430073 -0.000271884 -0.000429926 1 0.000270117 0.000272116 -0.000269883 1 -0.036293 0.013502 -0.00671381
FixedParameters: 0 0 0

#Transform 26
Transform: AffineTransform_float_3_3
Parameters: 1 0.000430198 -0.000271687 -0.000429802 0.999999 0.000728116 0.000271313 -0.000727883 0.999999 -0.0348962 0.0272289 0.0303859
FixedParameters: 0 0 0

#Transform 27
Transform: AffineTransform_float_3_3
Parameters: 1 0.000430103 -0.000271836 -0.000429896 1 0.000381117 0.000272164 -0.000380883 1 -0.036844 0.00309476 0.0135918
FixedParameters: 0 0 0

#Transform 28
Transform: AffineTransform_float_3_3
Parameters: 1 0.000430392 -0.000333494 -0.000429607 0.999999 0.00117614 0.000334505 -0.00117586 1 -0.0327314 -0.052459 0.0533422
FixedParameters: 0 0 0

#Transform 29
Transform: AffineTransform_float_3_3
Parameters: 1 2.00319e-05 -8.89928e-05 -1.9968e-05 1 0.000359002 8.90072e-05 -0.000358998 1 -0.0242875 -0.043823 -0.00510314
FixedParameters: 0 0 0

#Transform 30
Transform: AffineTransform_float_3_3
Parameters: 0.999999 0.000424926 -0.000831527 -0.000424075 1 0.00111335 0.000831472 -0.00111265 0.999999 -0.0131914 -0.00958262 0.0668826
FixedParameters: 0 0 0

#Transform 31
Transform: AffineTransform_float_3_3
Parameters: 1 2.0242e-05 -0.000675992 -1.9758e-05 1 0.000358013 0.000676007 -0.000357986 0.999999 0.017295 0.0039607 0.0390317
FixedParameters: 0 0 0

#Transform 32
Transform: AffineTransform_float_3_3
Parameters: 1 0.000198613 -0.00063781 -0.000198387 0.999999 0.000960127 0.000638191 -0.000960873 1 -0.00994789 -0.0121058 0.0630334
FixedParameters: 0 0 0

#Transform 33
Transform: AffineTransform_float_3_3
Parameters: 1 0.000267982 -0.000328015 -0.000268018 1 -5.49121e-05 0.000327985 5.50879e-05 1 -0.0260333 0.01986 0.0232419
FixedParameters: 0 0 0

#Transform 34
Transform: AffineTransform_float_3_3
Parameters: 1 0.000530156 -0.000272696 -0.000529844 0.999999 0.000574144 0.000272304 -0.000573855 1 -0.02695 -0.0330403 0.0599824
FixedParameters: 0 0 0

#Transform 35
Transform: AffineTransform_float_3_3
Parameters: 0.999999 0.000530502 -0.000703621 -0.000530497 0.999999 0.000714373 0.000704378 -0.000713626 0.999999 -0.0188147 -0.0130107 0.0806657
FixedParameters: 0 0 0

#Transform 36
Transform: AffineTransform_float_3_3
Parameters: 1 0.000531738 -0.00105813 -0.000530262 0.999998 0.00164256 0.00105887 -0.00164144 0.999998 -0.00520675 -0.060149 0.118755
FixedParameters: 0 0 0

#Transform 37
Transform: AffineTransform_float_3_3
Parameters: 0.999999 0.000370079 -0.000884549 -0.000368921 0.999999 0.00122033 0.00088445 -0.00121967 0.999999 0.00145818 0.00347026 0.105238
FixedParameters: 0 0 0

#Transform 38
Transform: AffineTransform_float_3_3
Parameters: 1 0.000530365 -0.000884781 -0.000529635 1 0.000412469 0.000885219 -0.00041253 0.999999 0.00487777 -0.043706 0.0408274
FixedParameters: 0 0 0

#Transform 39
Transform: AffineTransform_float_3_3
Parameters: 1 0.000530703 -0.000970617 -0.000530297 0.999999 0.000724515 0.000970385 -0.000723485 1 -0.00612179 -0.00225637 0.0775644
FixedParameters: 0 0 0

#Transform 40
Transform: AffineTransform_float_3_3
Parameters: 1 0.000356382 -0.000884846 -0.000356619 1 0.000431315 0.000885154 -0.000431684 0.999999 0.00439219 -0.0191342 0.0366576
FixedParameters: 0 0 0

#Transform 41
Transform: AffineTransform_float_3_3
Parameters: 0.999999 0.000531496 -0.00138543 -0.000530505 1 0.00107974 0.00138557 -0.00107927 0.999999 0.0207759 -0.0167896 0.101726
FixedParameters: 0 0 0

#Transform 42
Transform: AffineTransform_float_3_3
Parameters: 0.999999 0.00053068 -0.000795547 -0.000530319 0.999999 0.000854422 0.000796453 -0.000854578 1 0.00815068 -0.00382082 0.0785048
FixedParameters: 0 0 0

#Transform 43
Transform: AffineTransform_float_3_3
Parameters: 0.999999 0.000530653 -0.00148477 -0.000530346 1 0.000440788 0.00148523 -0.000439212 0.999999 0.0310598 -0.0495289 0.0701589
FixedParameters: 0 0 0

#Transform 44
Transform: AffineTransform_float_3_3
Parameters: 0.999998 0.000532932 -0.00191919 -0.000530068 0.999998 0.00152802 0.00191981 -0.00152698 0.999997 0.0413098 -0.0411488 0.156106
FixedParameters: 0 0 0

#Transform 45
Transform: AffineTransform_float_3_3
Parameters: 0.999999 0.00053106 -0.00136159 -0.000529938 0.999999 0.000779722 0.00136241 -0.000778277 0.999999 0.0588148 -0.0801331 0.132522
FixedParameters: 0 0 0

#Transform 46
Transform: AffineTransform_float_3_3
Parameters: 0.999998 0.000323962 -0.00226858 -0.000321039 0.999999 0.00130573 0.00226842 -0.00130527 0.999996 0.0859574 -0.0198157 0.20198
FixedParameters: 0 0 0

#Transform 47
Transform: AffineTransform_float_3_3
Parameters: 0.999999 0.000127945 -0.00133001 -0.000128054 1 -4.08297e-05 0.00133 4.11702e-05 0.999999 0.0839719 -0.0338384 0.0868567
FixedParameters: 0 0 0

#Transform 48
Transform: AffineTransform_float_3_3
Parameters: 1 0.000128772 -0.000326697 -0.000128227 0.999997 0.00236304 0.000327304 -0.00236296 0.999997 0.0645232 -0.0393552 0.113777
FixedParameters: 0 0 0

#Transform 49
Transform: AffineTransform_float_3_3
Parameters: 1 -0.000454483 -0.000327719 0.000454518 0.999998 0.00158085 0.000327282 -0.00158015 0.999998 0.0942834 -0.0809526 0.0208039
FixedParameters: 0 0 0

#Transform 50
Transform: AffineTransform_float_3_3
Parameters: 1 0.00026093 0.000360507 -0.000263067 0.999984 0.00575291 -0.000358493 -0.0057531 0.999984 -0.0422657 -0.16334 0.553285
FixedParameters: 0 0 0

#Transform 51
Transform: AffineTransform_float_3_3
Parameters: 1 -8.232e-05 0.000562808 8.06795e-05 0.999997 0.00234505 -0.000563191 -0.00234495 0.999997 0.0205562 -0.0688971 0.110388
FixedParameters: 0 0 0

#Transform 52
Transform: AffineTransform_float_3_3
Parameters: 1 -0.000167823 0.000410664 0.000167178 0.999998 0.00200407 -0.000410336 -0.00200393 0.999998 0.0134721 -0.0743166 0.0899079
FixedParameters: 0 0 0

#Transform 53
Transform: AffineTransform_float_3_3
Parameters: 1 -9.8434e-05 0.000187773 9.75655e-05 0.999998 0.00231002 -0.000188226 -0.00230998 0.999998 0.0267831 -0.0534994 0.0871377
FixedParameters: 0 0 0

#Transform 54
Transform: AffineTransform_float_3_3
Parameters: 1 0.000271512 0.000337393 -0.000272487 0.999999 0.00144591 -0.000336606 -0.00144609 0.999999 0.0123349 -0.0205231 0.0954684
FixedParameters: 0 0 0

#Transform 55
Transform: AffineTransform_float_3_3
Parameters: 1 -0.0005249 -5.69307e-05 0.0005241 0.999999 0.00177297 5.60709e-05 -0.00177303 0.999999 0.0483895 -0.0236084 0.091942
FixedParameters: 0 0 0

#Transform 56
Transform: AffineTransform_float_3_3
Parameters: 1 -0.00041272 -0.000152758 0.00041328 0.999998 0.00183594 0.000152241 -0.00183606 0.999999 0.0363304 -0.0324543 0.108253
FixedParameters: 0 0 0

#Transform 57
Transform: AffineTransform_float_3_3
Parameters: 1 -0.000325691 -0.00015266 0.000325309 0.999998 0.00202595 0.000152341 -0.00202605 0.999998 0.0265712 -0.0826234 0.101422
FixedParameters: 0 0 0

#Transform 58
Transform: AffineTransform_float_3_3
Parameters: 1 -0.000111712 -0.000152212 0.000112288 0.999998 0.00189498 0.000151788 -0.00189502 0.999998 0.0126805 0.00966412 0.0965825
FixedParameters: 0 0 0

#Transform 59
Transform: AffineTransform_float_3_3
Parameters: 1 0.000433713 0.000125002 -0.000433288 0.999997 0.00230895 -0.000124 -0.00230906 0.999998 -0.0179053 -0.0890884 0.108246
FixedParameters: 0 0 0

#Transform 60
Transform: AffineTransform_float_3_3
Parameters: 1 -5.7588e-05 -0.000212112 5.84118e-05 0.999998 0.00194299 0.000211887 -0.00194301 0.999998 0.0121837 -0.0152742 0.110201
FixedParameters: 0 0 0

#Transform 61
Transform: AffineTransform_float_3_3
Parameters: 1 -0.000113395 -0.000301228 0.000113605 0.999998 0.00200997 0.000300772 -0.00201003 0.999998 0.0156433 -0.0505811 0.119953
FixedParameters: 0 0 0

#Transform 62
Transform: AffineTransform_float_3_3
Parameters: 0.999999 -5.61792e-05 -0.000904114 5.78205e-05 0.999998 0.00201395 0.000903885 -0.00201405 0.999997 0.0565054 -0.0550008 0.192861
FixedParameters: 0 0 0

#Transform 63
Transform: AffineTransform_float_3_3
Parameters: 0.999999 0.000221816 -0.00135554 -0.000219185 0.999998 0.0020773 0.00135546 -0.0020767 0.999997 0.0566616 -0.0878401 0.211712
FixedParameters: 0 0 0

#Transform 64
Transform: AffineTransform_float_3_3
Parameters: 1 9.22792e-05 -0.000628813 -9.1721e-05 0.999998 0.00203306 0.000629188 -0.00203394 0.999997 0.0286153 -0.0275921 0.193693
FixedParameters: 0 0 0

#Transform 65
Transform: AffineTransform_float_3_3
Parameters: 0.999999 -5.63309e-05 -0.0009511 5.86689e-05 0.999999 0.00175495 0.000950898 -0.00175506 0.999998 0.0344915 -0.0159082 0.144391
FixedParameters: 0 0 0

#Transform 66
Transform: AffineTransform_float_3_3
Parameters: 0.999999 0.00013635 -0.000885641 -0.00013365 0.999997 0.00265212 0.000886357 -0.00265288 0.999996 0.0226198 -0.0332928 0.202712
FixedParameters: 0 0 0

#Transform 67
Transform: AffineTransform_float_3_3
Parameters: 1 3.21231e-05 -0.00113594 -3.08768e-05 0.999999 0.00186904 0.00113606 -0.00186896 0.999997 0.0419476 -0.0153783 0.147512
FixedParameters: 0 0 0

#Transform 68
Transform: AffineTransform_float_3_3
Parameters: 1 -5.68511e-05 -0.000559118 5.81486e-05 0.999998 0.00205497 0.000558881 -0.00205503 0.999997 0.0132037 0.00690553 0.144979
FixedParameters: 0 0 0

#Transform 69
Transform: AffineTransform_float_3_3
Parameters: 1 -0.000159552 -0.000213336 0.000159447 0.999998 0.00210097 0.000212665 -0.00210103 0.999998 0.0212513 -0.0416909 0.125658
FixedParameters: 0 0 0

#Transform 70
Transform: AffineTransform_float_3_3
Parameters: 1 -5.92481e-05 0.000613881 5.77516e-05 0.999998 0.00203304 -0.000614118 -0.00203296 0.999997 -0.0102059 -0.0158326 0.0815347
FixedParameters: 0 0 0

#Transform 71
Transform: AffineTransform_float_3_3
Parameters: 1 -5.8548e-05 0.000256876 5.84517e-05 0.999997 0.00213301 -0.000257125 -0.00213298 0.999997 -0.0394403 -0.110268 0.0729001
FixedParameters: 0 0 0

#Transform 72
Transform: AffineTransform_float_3_3
Parameters: 1 0.00054683 0.000149622 -0.000547169 0.999999 0.00113692 -0.000148378 -0.00113708 1 -0.0650384 -0.0324967 0.0322952
FixedParameters: 0 0 0

#Transform 73
Transform: AffineTransform_float_3_3
Parameters: 1 -1.42294e-05 0.000148978 1.37705e-05 0.999999 0.00154 -0.000149021 -0.00154 0.999999 -0.0284475 -0.0471989 0.0254121
FixedParameters: 0 0 0

#Transform 74
Transform: AffineTransform_float_3_3
Parameters: 1 -1.71233e-05 0.00100295 1.38766e-05 0.999995 0.00311401 -0.00100305 -0.00311398 0.999994 -0.0546551 -0.0789426 0.137632
FixedParameters: 0 0 0

#Transform 75
Transform: AffineTransform_float_3_3
Parameters: 0.999999 0.000880582 0.00110954 -0.000890414 0.999964 0.00851702 -0.00110146 -0.00851798 0.999963 -0.118686 -0.280323 0.675858
FixedParameters: 0 0 0

#Transform 76
Transform: AffineTransform_float_3_3
Parameters: 0.999999 -6.55878e-05 0.00177177 5.84112e-05 0.999993 0.00371811 -0.00177223 -0.00371789 0.999991 -0.0585345 -0.0324848 0.183871
FixedParameters: 0 0 0

#Transform 77
Transform: AffineTransform_float_3_3
Parameters: 0.999998 0.000626413 0.00159261 -0.000632589 0.999991 0.004139 -0.00159039 -0.00414 0.99999 -0.0819874 -0.0578497 0.204043
FixedParameters: 0 0 0

#Transform 78
Transform: AffineTransform_float_3_3
Parameters: 0.999998 0.000361463 0.00165422 -0.00036654 0.999995 0.0033484 -0.00165378 -0.0033486 0.999993 -0.078842 -0.0372917 0.151196
FixedParameters: 0 0 0

#Transform 79
Transform: AffineTransform_float_3_3
Parameters: 0.999999 0.000724837 0.00118755 -0.000729165 0.999993 0.00350914 -0.00118545 -0.00350986 0.999993 -0.0691661 -0.0536345 0.172366
FixedParameters: 0 0 0

#Transform 80
Transform: AffineTransform_float_3_3
Parameters: 0.999999 0.000308679 0.00118587 -0.000312322 0.999996 0.00280163 -0.00118513 -0.00280137 0.999996 -0.0610765 -0.012649 0.160298
FixedParameters: 0 0 0

#Transform 81
Transform: AffineTransform_float_3_3
Parameters: 0.999999 0.000309217 0.000882979 -0.000311783 0.999995 0.00315372 -0.000882021 -0.00315327 0.999994 -0.04612 -0.0479614 0.181975
FixedParameters: 0 0 0

#Transform 82
Transform: AffineTransform_float_3_3
Parameters: 0.999999 0.000498939 0.00118672 -0.000503062 0.999994 0.0034244 -0.00118528 -0.00342459 0.999993 -0.0620759 -0.04942 0.212567
FixedParameters: 0 0 0

#Transform 83
Transform: AffineTransform_float_3_3
Parameters: 0.999999 0.000307766 0.00118611 -0.000312234 0.999993 0.00357163 -0.00118489 -0.00357137 0.999993 -0.0681906 -0.0557415 0.197694
FixedParameters: 0 0 0

#Transform 84
Transform: AffineTransform_float_3_3
Parameters: 0.999999 0.000411254 0.000809401 -0.000413745 0.999994 0.00339567 -0.0008076 -0.00339533 0.999994 -0.0477918 -0.0531 0.224715
FixedParameters: 0 0 0

#Transform 85
Transform: AffineTransform_float_3_3
Parameters: 0.999999 0.000361261 0.000720873 -0.000362739 0.999997 0.00241274 -0.000720126 -0.00241326 0.999997 -0.0423006 -0.00662976 0.18298
FixedParameters: 0 0 0

#Transform 86
Transform: AffineTransform_float_3_3
Parameters: 1 0.000310938 0.000333992 -0.000312062 0.999995 0.0031859 -0.000333008 -0.0031851 0.999995 -0.0356705 -0.0498747 0.24851
FixedParameters: 0 0 0

#Transform 87
Transform: AffineTransform_float_3_3
Parameters: 1 0.000311411 0.000181016 -0.000312588 0.999994 0.00325994 -0.000179982 -0.00326005 0.999994 -0.0174765 -0.0788517 0.248505
FixedParameters: 0 0 0

#Transform 88
Transform: AffineTransform_float_3_3
Parameters: 0.999999 0.000213359 0.000710798 -0.000216643 0.999993 0.00371885 -0.000710199 -0.00371815 0.999993 -0.0106376 -0.0430004 0.26247
FixedParameters: 0 0 0

#Transform 89
Transform: AffineTransform_float_3_3
Parameters: 0.999999 0.000213283 0.000830962 -0.000216716 0.99999 0.00447482 -0.000830038 -0.00447518 0.999989 -0.026096 -0.0423432 0.277913
FixedParameters: 0 0 0

#Transform 90
Transform: AffineTransform_float_3_3
Parameters: 1 7.05518e-05 0.000673261 -7.24509e-05 0.999994 0.00363695 -0.000673741 -0.00363705 0.999993 -0.00647293 -0.0830115 0.226987
FixedParameters: 0 0 0

#Transform 91
Transform: AffineTransform_float_3_3
Parameters: 0.999999 0.000213508 0.000884849 -0.000217492 0.999992 0.00394781 -0.000884148 -0.00394819 0.999992 -0.0404809 -0.0764477 0.265597
FixedParameters: 0 0 0

#Transform 92
Transform: AffineTransform_float_3_3
Parameters: 0.999998 -0.000231295 0.00163685 0.000222705 0.999987 0.00506537 -0.00163815 -0.00506563 0.999986 -0.0188078 -0.0823682 0.324956
FixedParameters: 0 0 0

#Transform 93
Transform: AffineTransform_float_3_3
Parameters: 1 -0.00022511 0.000495046 0.00022289 0.999991 0.00425911 -0.000495954 -0.00425889 0.999991 0.0354693 -0.0331654 0.224833
FixedParameters: 0 0 0

#Transform 94
Transform: AffineTransform_float_3_3
Parameters: 1 -0.000226617 0.00103922 0.000223384 0.999994 0.00347924 -0.00103978 -0.00347877 0.999994 0.0273725 -0.0552446 0.195135
FixedParameters: 0 0 0

#Transform 95
Transform: AffineTransform_float_3_3
Parameters: 0.999999 0.000537108 0.000498047 -0.000538891 0.999992 0.00380573 -0.000495953 -0.00380526 0.999992 0.00635153 -0.0620939 0.191911
FixedParameters: 0 0 0

#Transform 96
Transform: AffineTransform_float_3_3
Parameters: 1 0.000361477 0.000497111 -0.000362523 0.999995 0.00306782 -0.00049589 -0.00306818 0.999995 0.0187651 -0.0257094 0.165211
FixedParameters: 0 0 0

#Transform 97
Transform: AffineTransform_float_3_3
Parameters: 1 0.000151115 0.000496577 -0.000153883 0.999993 0.00379792 -0.000495419 -0.00379807 0.999992 0.0319983 -0.0792468 0.167586
FixedParameters: 0 0 0

#Transform 98
Transform: AffineTransform_float_3_3
Parameters: 1 -0.000394397 0.00114984 0.000391605 0.999996 0.00295345 -0.00115016 -0.00295255 0.999995 0.00764677 -0.0714623 0.123892
FixedParameters: 0 0 0

#Transform 99
Transform: AffineTransform_float_3_3
Parameters: 0.999999 -0.000330611 0.000712254 0.000329387 0.999998 0.00226124 -0.000713746 -0.00226077 0.999997 0.00694804 -0.0912016 0.139966
FixedParameters: 0 0 0

#Transform 100
Transform: AffineTransform_float_3_3
Parameters: 1 -0.000107322 0.000495716 0.000106677 0.999997 0.00266706 -0.000496286 -0.00266695 0.999997 0.0243342 0.00910105 0.15946
FixedParameters: 0 0 0

#Transform 101
Transform: AffineTransform_float_3_3
Parameters: 1 -9.71515e-05 0.000495776 9.5848e-05 0.999998 0.00232205 -0.000496224 -0.00232195 0.999997 0.0198598 -0.0122739 0.133219
FixedParameters: 0 0 0

#Transform 102
Transform: AffineTransform_float_3_3
Parameters: 1 -0.000362752 -9.29722e-05 0.000363248 0.999997 0.00267897 9.20272e-05 -0.00267904 0.999997 0.0423324 -0.0462891 0.175349
FixedParameters: 0 0 0

#Transform 103
Transform: AffineTransform_float_3_3
Parameters: 1 6.28648e-05 6.61288e-05 -6.3135e-05 0.999998 0.002047 -6.58709e-05 -0.002047 0.999998 0.0261094 0.0232649 0.145624
FixedParameters: 0 0 0

#Transform 104
Transform: AffineTransform_float_3_3
Parameters: 1 0.000124279 -0.000108681 -0.00012372 0.999996 0.00256701 0.000109318 -0.00256698 0.999996 0.0235886 -0.0115119 0.193778
FixedParameters: 0 0 0

#Transform 105
Transform: AffineTransform_float_3_3
Parameters: 1 0.000159603 -0.000283662 -0.000158399 0.999997 0.00212304 0.000283337 -0.00212295 0.999997 0.0276331 0.0123582 0.196491
FixedParameters: 0 0 0

#Transform 106
Transform: AffineTransform_float_3_3
Parameters: 1 7.67484e-05 -0.000320822 -7.62512e-05 0.999998 0.00233203 0.000321179 -0.00233198 0.999997 0.0399536 -0.036951 0.182159
FixedParameters: 0 0 0

#Transform 107
Transform: AffineTransform_float_3_3
Parameters: 1 0.000234554 -0.000608403 -0.000233444 0.999996 0.00255314 0.000609598 -0.00255286 0.999996 0.0193309 -0.0209885 0.182875
FixedParameters: 0 0 0

#Transform 108
Transform: AffineTransform_float_3_3
Parameters: 1 0.000180081 -0.000506617 -0.000178918 0.999997 0.00213309 0.000507383 -0.00213291 0.999997 0.0313392 -0.0127898 0.15595
FixedParameters: 0 0 0

#Transform 109
Transform: AffineTransform_float_3_3
Parameters: 0.999999 0.000415267 -0.00138273 -0.000410731 0.999995 0.00308557 0.00138427 -0.00308443 0.999995 0.0591597 -0.018395 0.265607
FixedParameters: 0 0 0

#Transform 110
Transform: AffineTransform_float_3_3
Parameters: 0.999999 2.10283e-05 -0.000965938 -1.79715e-05 0.999995 0.00313502 0.00096606 -0.00313498 0.999994 0.0631881 -0.0215304 0.251777
FixedParameters: 0 0 0

#Transform 111
Transform: AffineTransform_float_3_3
Parameters: 0.999999 0.000416096 -0.0014025 -0.000410906 0.999994 0.00363158 0.0014035 -0.00363142 0.999993 0.0620682 -0.00872781 0.312756
FixedParameters: 0 0 0

#Transform 112
Transform: AffineTransform_float_3_3
Parameters: 1 0.000221487 -0.00107249 -0.000218512 0.999998 0.00231824 0.00107351 -0.00231776 0.999996 0.0462418 0.0317324 0.249119
FixedParameters: 0 0 0

#Transform 113
Transform: AffineTransform_float_3_3
Parameters: 0.999999 0.000208346 -0.00140351 -0.000205654 0.999997 0.00238429 0.00140349 -0.00238371 0.999996 0.0693509 -0.00453289 0.251672
FixedParameters: 0 0 0

#Transform 114
Transform: AffineTransform_float_3_3
Parameters: 0.999999 0.000414318 -0.00117884 -0.000410682 0.999996 0.00281349 0.00118016 -0.00281251 0.999996 0.0524218 0.0272641 0.277048
FixedParameters: 0 0 0

#Transform 115
Transform: AffineTransform_float_3_3
Parameters: 0.999999 8.87047e-05 -0.00140377 -8.42944e-05 0.999996 0.00263912 0.00140423 -0.00263888 0.999995 0.0685716 -0.0192589 0.261454
FixedParameters: 0 0 0

#Transform 116
Transform: AffineTransform_float_3_3
Parameters: 0.999998 -0.000113992 -0.00170741 0.000120008 0.999994 0.0035198 0.00170659 -0.0035192 0.999993 0.0819656 -0.0345022 0.339383
FixedParameters: 0 0 0

#Transform 117
Transform: AffineTransform_float_3_3
Parameters: 0.999999 -9.58224e-05 -0.00145928 0.000100177 0.999996 0.00286286 0.00145872 -0.00286314 0.999995 0.0924536 -0.0360832 0.274379
FixedParameters: 0 0 0

#Transform 118
Transform: AffineTransform_float_3_3
Parameters: 0.999997 -9.22361e-05 -0.00215435 9.97622e-05 0.999994 0.0036038 0.00215365 -0.00360421 0.999991 0.151936 -0.0690471 0.386732
FixedParameters: 0 0 0

#Transform 119
Transform: AffineTransform_float_3_3
Parameters: 0.999997 -0.000178613 -0.00251246 0.000185389 0.999997 0.00254254 0.00251254 -0.00254246 0.999993 0.155319 -0.0148447 0.382239
FixedParameters: 0 0 0

#Transform 120
Transform: AffineTransform_float_3_3
Parameters: 0.999997 -9.41761e-05 -0.00216426 9.98228e-05 0.999997 0.00269079 0.00216374 -0.00269121 0.999994 0.127813 0.0116648 0.357792
FixedParameters: 0 0 0

#Transform 121
Transform: AffineTransform_float_3_3
Parameters: 0.999998 -9.65777e-05 -0.00192917 0.000100424 0.999999 0.00177381 0.00192982 -0.00177419 0.999996 0.10365 0.0483892 0.292245
FixedParameters: 0 0 0

#Transform 122
Transform: AffineTransform_float_3_3
Parameters: 0.999998 -9.46137e-05 -0.00192927 0.000100388 0.999996 0.00279181 0.00192973 -0.00279219 0.999994 0.108189 0.0404524 0.335613
FixedParameters: 0 0 0

#Transform 123
Transform: AffineTransform_float_3_3
Parameters: 0.999998 -9.41391e-05 -0.00192929 9.98628e-05 0.999996 0.00303781 0.0019297 -0.00303819 0.999993 0.107041 0.0369421 0.348406
FixedParameters: 0 0 0

#Transform 124
Transform: AffineTransform_float_3_3
Parameters: 0.999998 9.7277e-05 -0.00233775 -9.07219e-05 0.999997 0.00268522 0.00233825 -0.00268478 0.999993 0.115649 -0.0523284 0.342435
FixedParameters: 0 0 0

#Transform 125
Transform: AffineTransform_float_3_3
Parameters: 0.999997 -0.000593867 -0.00233982 0.000601135 0.999995 0.0030496 0.00233818 -0.0030504 0.999992 0.137896 0.0180963 0.357702
FixedParameters: 0 0 0

#Transform 126
Transform: AffineTransform_float_3_3
Parameters: 0.999996 -0.000357364 -0.00288734 0.000367635 0.999993 0.00368395 0.00288566 -0.00368505 0.999989 0.210532 -0.0315088 0.465772
FixedParameters: 0 0 0

#Transform 127
Transform: AffineTransform_float_3_3
Parameters: 0.999994 -8.88409e-05 -0.00331032 0.00010016 0.999995 0.00337169 0.00330968 -0.00337131 0.999989 0.202059 -0.0181379 0.486459
FixedParameters: 0 0 0

#Transform 128
Transform: AffineTransform_float_3_3
Parameters: 0.999995 -0.000251005 -0.00332085 0.000261993 0.999995 0.00331115 0.00331915 -0.00331185 0.999989 0.232987 -0.0496947 0.480491
FixedParameters: 0 0 0

#Transform 129
Transform: AffineTransform_float_3_3
Parameters: 0.999996 -8.82423e-05 -0.00291038 9.97593e-05 0.999992 0.00403972 0.00291062 -0.00404027 0.999987 0.186388 -0.00262136 0.43191
FixedParameters: 0 0 0

#Transform 130
Transform: AffineTransform_float_3_3
Parameters: 0.999996 -8.98947e-05 -0.00257337 0.000100103 0.999993 0.00392676 0.00257263 -0.00392725 0.999989 0.178388 -0.0716319 0.383356
FixedParameters: 0 0 0

#Transform 131
Transform: AffineTransform_float_3_3
Parameters: 0.999994 9.52962e-05 -0.00333065 -8.27013e-05 0.999992 0.0039923 0.00333136 -0.00399171 0.999987 0.183528 -0.0405951 0.496941
FixedParameters: 0 0 0

#Transform 132
Transform: AffineTransform_float_3_3
Parameters: 0.999994 -8.72521e-05 -0.00329236 9.97455e-05 0.999993 0.00387169 0.00329164 -0.00387231 0.999987 0.199991 0.0134479 0.449549
FixedParameters: 0 0 0

#Transform 133
Transform: AffineTransform_float_3_3
Parameters: 0.999996 -8.78616e-05 -0.00302938 0.00010014 0.999992 0.00400672 0.00302963 -0.00400729 0.999988 0.186684 -0.00146617 0.470992
FixedParameters: 0 0 0

#Transform 134
Transform: AffineTransform_float_3_3
Parameters: 0.999994 -8.89234e-05 -0.0034603 0.000100081 0.999995 0.00320167 0.0034607 -0.00320133 0.999989 0.203319 0.0177556 0.410699
FixedParameters: 0 0 0

#Transform 135
Transform: AffineTransform_float_3_3
Parameters: 0.999995 -8.44127e-05 -0.00337543 9.95891e-05 0.99999 0.00461769 0.00337558 -0.00461831 0.999983 0.201476 -0.0634833 0.499887
FixedParameters: 0 0 0

#Transform 136
Transform: AffineTransform_float_3_3
Parameters: 0.999994 -9.07782e-05 -0.00346026 0.000100226 0.999997 0.00266567 0.00346075 -0.00266533 0.999991 0.189677 -0.016581 0.402044
FixedParameters: 0 0 0

#Transform 137
Transform: AffineTransform_float_3_3
Parameters: 0.999994 -8.5906e-05 -0.00346038 0.000100099 0.999991 0.00407368 0.00346062 -0.00407332 0.999985 0.186321 -0.0199482 0.493132
FixedParameters: 0 0 0

#Transform 138
Transform: AffineTransform_float_3_3
Parameters: 0.999994 -8.84771e-05 -0.00353131 0.000100521 0.999994 0.00326267 0.00353069 -0.00326333 0.999989 0.204337 0.00565064 0.474083
FixedParameters: 0 0 0

#Transform 139
Transform: AffineTransform_float_3_3
Parameters: 0.999994 -8.45455e-05 -0.00364239 0.00010046 0.999991 0.00424366 0.00364261 -0.00424334 0.999985 0.217172 -0.0097968 0.534249
FixedParameters: 0 0 0

#Transform 140
Transform: AffineTransform_float_3_3
Parameters: 0.999992 -8.6103e-05 -0.00397733 9.98979e-05 0.999994 0.00349363 0.00397768 -0.00349437 0.999986 0.234359 -0.00916723 0.531293
FixedParameters: 0 0 0

#Transform 141
Transform: AffineTransform_float_3_3
Parameters: 0.99999 -0.00014441 -0.00451067 0.000163588 0.99999 0.00434231 0.00451033 -0.0043437 0.999981 0.275811 -0.0400027 0.598581
FixedParameters: 0 0 0

#Transform 142
Transform: AffineTransform_float_3_3
Parameters: 0.999991 -8.24289e-05 -0.00425138 0.000100572 0.999992 0.00413361 0.00425062 -0.00413339 0.999983 0.29132 0.00250113 0.452253
FixedParameters: 0 0 0

#Transform 143
Transform: AffineTransform_float_3_3
Parameters: 0.999992 0.000301591 -0.00394863 -0.000283411 0.999989 0.00470816 0.00394938 -0.00470685 0.999981 0.254593 -0.0672883 0.505163
FixedParameters: 0 0 0

#Transform 144
Transform: AffineTransform_float_3_3
Parameters: 0.999993 0.000309075 -0.00376579 -0.000294924 0.999992 0.00400314 0.00376721 -0.00400186 0.999985 0.210791 0.0339685 0.517106
FixedParameters: 0 0 0

#Transform 145
Transform: AffineTransform_float_3_3
Parameters: 0.999993 2.72486e-05 -0.00376692 -1.17508e-05 0.999992 0.00404807 0.00376708 -0.00404792 0.999984 0.194923 -0.0305007 0.488192
FixedParameters: 0 0 0

#Transform 146
Transform: AffineTransform_float_3_3
Parameters: 0.999993 0.000388412 -0.00376544 -0.000372587 0.999991 0.00409343 0.00376655 -0.00409156 0.999984 0.192801 -0.00781751 0.521011
FixedParameters: 0 0 0

#Transform 147
Transform: AffineTransform_float_3_3
Parameters: 0.999993 -8.75936e-05 -0.0039013 0.000100404 0.999995 0.00317963 0.0039007 -0.00318037 0.999988 0.217482 -0.000968204 0.443929
FixedParameters: 0 0 0

#Transform 148
Transform: AffineTransform_float_3_3
Parameters: 0.999991 -7.98327e-05 -0.00424843 0.000100164 0.999988 0.00474661 0.00424757 -0.00474738 0.999979 0.233743 -0.0705129 0.539487
FixedParameters: 0 0 0

#Transform 149
Transform: AffineTransform_float_3_3
Parameters: 0.999991 -0.000194664 -0.00424883 0.000211337 0.999991 0.00408014 0.00424817 -0.00408086 0.999982 0.250887 -0.0224887 0.502084
FixedParameters: 0 0 0

#Transform 150
Transform: AffineTransform_float_3_3
Parameters: 0.999989 -7.73846e-05 -0.00457244 9.96159e-05 0.999988 0.0049466 0.00457156 -0.00494641 0.999978 0.259237 -0.0263912 0.57869
FixedParameters: 0 0 0

#Transform 151
Transform: AffineTransform_float_3_3
Parameters: 0.99999 -8.03422e-05 -0.00462639 9.96543e-05 0.999991 0.00424859 0.00462562 -0.00424942 0.999981 0.270235 -0.0284878 0.566449
FixedParameters: 0 0 0

#Transform 152
Transform: AffineTransform_float_3_3
Parameters: 0.99999 0.000174324 -0.00461014 -0.000150678 0.999986 0.00527575 0.00461086 -0.00527525 0.999975 0.264088 -0.0205994 0.62325
FixedParameters: 0 0 0

#Transform 153
Transform: AffineTransform_float_3_3
Parameters: 0.999992 -8.59183e-05 -0.00416731 0.000100083 0.999995 0.00337961 0.00416669 -0.00337939 0.999985 0.256277 0.00991665 0.493341
FixedParameters: 0 0 0

#Transform 154
Transform: AffineTransform_float_3_3
Parameters: 0.999994 -8.51944e-05 -0.00358838 9.98028e-05 0.999991 0.00412567 0.00358762 -0.00412633 0.999985 0.219841 -0.0199252 0.478282
FixedParameters: 0 0 0

#Transform 155
Transform: AffineTransform_float_3_3
Parameters: 0.999997 -8.69986e-05 -0.00270145 0.000100006 0.999989 0.00481375 0.00270155 -0.00481325 0.999985 0.189139 0.0330302 0.407896
FixedParameters: 0 0 0

#Transform 156
Transform: AffineTransform_float_3_3
Parameters: 0.999996 0.000292136 -0.00283668 -0.000278863 0.999989 0.00462981 0.00283832 -0.00462919 0.999986 0.151032 -0.0655005 0.418188
FixedParameters: 0 0 0

#Transform 157
Transform: AffineTransform_float_3_3
Parameters: 0.999996 0.000507514 -0.00281777 -0.000495484 0.99999 0.00444042 0.00282023 -0.00443859 0.999986 0.14774 -0.0362203 0.404452
FixedParameters: 0 0 0

#Transform 158
Transform: AffineTransform_float_3_3
Parameters: 0.999995 0.000312471 -0.00316579 -0.000299528 0.999992 0.00393897 0.0031672 -0.00393803 0.999987 0.153528 -0.0303706 0.404817
FixedParameters: 0 0 0

#Transform 159
Transform: AffineTransform_float_3_3
Parameters: 0.999995 0.000373236 -0.00319937 -0.000359765 0.99999 0.00444917 0.00320063 -0.00444783 0.999985 0.15664 -0.0432666 0.478408
FixedParameters: 0 0 0

#Transform 160
Transform: AffineTransform_float_3_3
Parameters: 0.999994 -8.52811e-05 -0.00330841 9.97193e-05 0.99999 0.00444969 0.00330759 -0.00444931 0.999984 0.19278 -0.0448625 0.474084
FixedParameters: 0 0 0

#Transform 161
Transform: AffineTransform_float_3_3
Parameters: 0.999989 -7.77431e-05 -0.00472942 0.000100253 0.999989 0.00470558 0.00472858 -0.00470642 0.999977 0.267514 -0.0222256 0.594682
FixedParameters: 0 0 0

#Transform 162
Transform: AffineTransform_float_3_3
Parameters: 0.999992 -8.28342e-05 -0.00412538 0.000100167 0.999992 0.00416062 0.00412562 -0.00416138 0.999983 0.252945 -0.0285311 0.539569
FixedParameters: 0 0 0

#Transform 163
Transform: AffineTransform_float_3_3
Parameters: 0.999988 -7.68232e-05 -0.00480142 0.000100177 0.999989 0.00482658 0.00480157 -0.00482743 0.999977 0.277671 -0.0234133 0.623772
FixedParameters: 0 0 0

#Transform 164
Transform: AffineTransform_float_3_3
Parameters: 0.999988 0.000168946 -0.00475933 -0.000149056 0.999991 0.00419076 0.00475966 -0.00419024 0.99998 0.277459 -0.0545107 0.580324
FixedParameters: 0 0 0

#Transform 165
Transform: AffineTransform_float_3_3
Parameters: 0.999989 -7.63835e-05 -0.00472044 9.96174e-05 0.999988 0.00500259 0.00472056 -0.00500342 0.999977 0.259985 -0.0369411 0.568639
FixedParameters: 0 0 0

#Transform 166
Transform: AffineTransform_float_3_3
Parameters: 0.999988 -7.56344e-05 -0.00486044 0.000100366 0.999988 0.00501357 0.00485956 -0.00501343 0.999975 0.268192 -0.00760454 0.585707
FixedParameters: 0 0 0

#Transform 167
Transform: AffineTransform_float_3_3
Parameters: 0.999989 -7.50487e-05 -0.00459847 9.99522e-05 0.999986 0.0054256 0.00459852 -0.0054264 0.999974 0.274428 -0.0369816 0.662181
FixedParameters: 0 0 0

#Transform 168
Transform: AffineTransform_float_3_3
Parameters: 0.999988 -0.00028691 -0.00503855 0.000313084 0.999986 0.00517749 0.00503645 -0.00517951 0.999974 0.284763 -0.0349188 0.619028
FixedParameters: 0 0 0

#Transform 169
Transform: AffineTransform_float_3_3
Parameters: 0.999988 -7.14279e-05 -0.00503649 0.000100567 0.999984 0.00567257 0.00503551 -0.00567343 0.999971 0.273095 -0.0586783 0.648468
FixedParameters: 0 0 0

#Transform 170
Transform: AffineTransform_float_3_3
Parameters: 0.999991 -8.08227e-05 -0.0043664 0.000100178 0.999991 0.00439261 0.0043656 -0.0043924 0.999981 0.239871 -0.0261502 0.510942
FixedParameters: 0 0 0

#Transform 171
Transform: AffineTransform_float_3_3
Parameters: 0.999992 0.000132319 -0.00414546 -0.000114685 0.99999 0.00441851 0.00414555 -0.00441849 0.999981 0.221764 -0.053372 0.506848
FixedParameters: 0 0 0

#Transform 172
Transform: AffineTransform_float_3_3
Parameters: 0.999992 0.000438829 -0.00394084 -0.000419168 0.999988 0.00503169 0.00394316 -0.00502931 0.999979 0.192718 0.00867686 0.546386
FixedParameters: 0 0 0

#Transform 173
Transform: AffineTransform_float_3_3
Parameters: 0.999993 -0.000523544 -0.00351096 0.000543457 0.999985 0.00554313 0.00350804 -0.00554488 0.999979 0.232625 -0.0629567 0.587846
FixedParameters: 0 0 0

#Transform 174
Transform: AffineTransform_float_3_3
Parameters: 0.999999 -0.000539092 -0.00086046 0.00054291 0.999989 0.00454753 0.00085854 -0.00454746 0.99999 0.0752339 -0.0389409 0.451278
FixedParameters: 0 0 0

#Transform 175
Transform: AffineTransform_float_3_3
Parameters: 0.999999 -0.000540821 -0.000636856 0.000543179 0.999994 0.00342565 0.000635142 -0.00342634 0.999994 0.126046 -0.0316421 0.245853
FixedParameters: 0 0 0

#Transform 176
Transform: AffineTransform_float_3_3
Parameters: 1 -0.000342429 -0.000604464 0.00034557 0.999991 0.00425979 0.000602533 -0.00425921 0.99999 0.100116 -0.0256259 0.289164
FixedParameters: 0 0 0

#Transform 177
Transform: AffineTransform_float_3_3
Parameters: 1 -0.000539542 -0.000952967 0.000543459 0.999994 0.00363249 0.000951033 -0.00363252 0.999993 0.121591 -0.0401875 0.24435
FixedParameters: 0 0 0

#Transform 178
Transform: AffineTransform_float_3_3
Parameters: 1 -0.000538884 -0.000953339 0.000543114 0.99999 0.00432248 0.000950662 -0.00432251 0.99999 0.123581 -0.0357177 0.408682
FixedParameters: 0 0 0

#Transform 179
Transform: AffineTransform_float_3_3
Parameters: 1 0.000589868 -0.00104639 -0.000587131 0.999996 0.00273862 0.00104861 -0.00273838 0.999995 -0.047803 -0.117933 0.422925
FixedParameters: 0 0 0

#Transform 180
Transform: AffineTransform_float_3_3
Parameters: 1 -0.000691902 -3.97395e-05 0.000692098 0.999996 0.00251397 3.82602e-05 -0.00251403 0.999997 0.0896315 0.056835 0.149577
FixedParameters: 0 0 0

#Transform 181
Transform: AffineTransform_float_3_3
Parameters: 1 -0.000414644 -0.000192769 0.000414357 0.999998 0.00185292 0.000192233 -0.00185308 0.999999 0.0811082 -0.0338227 0.112614
FixedParameters: 0 0 0

#Transform 182
Transform: AffineTransform_float_3_3
Parameters: 1 -0.000113238 -0.000344252 0.000113761 0.999997 0.00221396 0.000343749 -0.00221404 0.999998 0.0589794 -0.00603577 0.181054
FixedParameters: 0 0 0

#Transform 183
Transform: AffineTransform_float_3_3
Parameters: 1 -0.000113726 -0.000344091 0.000114274 0.999999 0.00079696 0.000343909 -0.000797039 0.999999 0.053295 0.0699879 0.104636
FixedParameters: 0 0 0

#Transform 184
Transform: AffineTransform_float_3_3
Parameters: 1 -0.000112678 -0.000616243 0.000114322 0.999997 0.00214593 0.000615756 -0.00214607 0.999998 0.0635373 -0.00239704 0.172846
FixedParameters: 0 0 0

#Transform 185
Transform: AffineTransform_float_3_3
Parameters: 1 -0.000438289 -0.000344905 0.000438711 0.999998 0.00206385 0.000344095 -0.00206415 0.999998 0.0818472 -0.0124111 0.159952
FixedParameters: 0 0 0

#Transform 186
Transform: AffineTransform_float_3_3
Parameters: 1 -0.000110727 -0.00114132 0.000114276 0.999996 0.00286887 0.00114168 -0.00286813 0.999995 0.0697602 -0.0547589 0.224675
FixedParameters: 0 0 0

#Transform 187
Transform: AffineTransform_float_3_3
Parameters: 0.999999 -0.000111998 -0.000862262 0.000114001 0.999998 0.0023219 0.000861737 -0.0023221 0.999997 0.0832 -0.0552508 0.198158
FixedParameters: 0 0 0

#Transform 188
Transform: AffineTransform_float_3_3
