# transform file /out/sourcedata/freesurfer/sub-v2s2x29079_ses-1/mri/transforms/cc_up.lta
# created by oesteban on Fri Mar 13 00:16:29 2026

type      = 0 # LINEAR_VOX_TO_VOX
nxforms   = 1
mean      = 128.0000 135.0000 127.0000
sigma     = 10000.0000
1 4 4
9.970664978027344e-01 2.656577527523041e-02 -7.178374379873276e-02 5.418336391448975e+00 
-2.649719268083572e-02 9.996472001075745e-01 1.907663769088686e-03 2.119221305847168e+01 
7.180909067392349e-02 0.000000000000000e+00 9.974185228347778e-01 8.166807174682617e+00 
0.000000000000000e+00 0.000000000000000e+00 0.000000000000000e+00 1.000000000000000e+00 
src volume info
valid = 1  # volume info valid
filename = /out/sourcedata/freesurfer/sub-v2s2x29079_ses-1/mri/norm.mgz
volume = 256 256 256
voxelsize = 8.984375000000000e-01 8.984375000000000e-01 8.984375000000000e-01
xras   = -1.000000000000000e+00 0.000000000000000e+00 0.000000000000000e+00
yras   = 0.000000000000000e+00 0.000000000000000e+00 -9.999999403953552e-01
zras   = 0.000000000000000e+00 9.999999403953552e-01 0.000000000000000e+00
cras   = 4.182762145996094e+00 -2.294058990478516e+01 1.247283935546875e+01
dst volume info
valid = 1  # volume info valid
filename = /out/sourcedata/freesurfer/sub-v2s2x29079_ses-1/mri/norm.mgz
volume = 256 256 256
voxelsize = 8.984375000000000e-01 8.984375000000000e-01 8.984375000000000e-01
xras   = -1.000000000000000e+00 0.000000000000000e+00 0.000000000000000e+00
yras   = 0.000000000000000e+00 0.000000000000000e+00 -9.999999403953552e-01
zras   = 0.000000000000000e+00 9.999999403953552e-01 0.000000000000000e+00
cras   = 4.182762145996094e+00 -2.294058990478516e+01 1.247283935546875e+01
