#Insight Transform File V1.0
#Transform 0
Transform: AffineTransform_float_3_3
Parameters: 0.999999 -0.00043936 0.000712778 0.00043964 1 0.000505313 -0.000713222 -0.000505687 0.999999 -0.0489001 -0.0358337 0.0230157
FixedParameters: 0 0 0

#Transform 1
Transform: AffineTransform_float_3_3
Parameters: 0.999999 -0.000439429 0.000606689 0.00043957 0.999999 0.000708266 -0.000607311 -0.000707733 0.999999 -0.0442502 -0.042281 0.0126668
FixedParameters: 0 0 0

#Transform 2
Transform: AffineTransform_float_3_3
Parameters: 1 -8.40987e-05 0.000513984 8.39013e-05 1 0.000192043 -0.000514016 -0.000191957 1 -0.050251 0.00463295 0.0148678
FixedParameters: 0 0 0

#Transform 3
Transform: AffineTransform_float_3_3
Parameters: 0.999999 -0.000439103 0.000651931 0.000439898 1 0.000157287 -0.000651069 -0.000157714 1 -0.0469475 -0.00401545 0.0149501
FixedParameters: 0 0 0

#Transform 4
Transform: AffineTransform_float_3_3
Parameters: 1 -0.000439 0.000115 0.000439 1 5.0485e-08 -0.000115 5.0485e-08 1 -0.0145946 0.038732 0.0158905
FixedParameters: 0 0 0

#Transform 5
Transform: AffineTransform_float_3_3
Parameters: 1 -0.000335958 0.000331043 0.000336042 1 -0.000126889 -0.000330958 0.000126111 1 -0.0237985 0.0148151 0.00425539
FixedParameters: 0 0 0

#Transform 6
Transform: AffineTransform_float_3_3
Parameters: 1 -0.000439 0.000322 0.000439 1 1.41358e-07 -0.000322 1.41358e-07 1 -0.0109818 0.00722959 0.00375575
FixedParameters: 0 0 0

#Transform 7
Transform: AffineTransform_float_3_3
Parameters: 1 -0.000267961 0.000294035 0.000268039 1 -0.000131921 -0.000293965 0.000132079 1 -0.00858545 0.0610808 -0.00801292
FixedParameters: 0 0 0

#Transform 8
Transform: AffineTransform_float_3_3
Parameters: 1 -0.000227835 0.000331114 0.000228165 1 -0.000498924 -0.000330886 0.000499075 1 -0.0105698 0.0832181 -0.0276021
FixedParameters: 0 0 0

#Transform 9
Transform: AffineTransform_float_3_3
Parameters: 1 -0.000438827 0.000346219 0.000439173 1 -0.000498848 -0.000346781 0.000499152 1 -0.0124758 0.0763342 -0.0247226
FixedParameters: 0 0 0

#Transform 10
Transform: AffineTransform_float_3_3
Parameters: 1 -0.000287 1.43213e-07 0.000287 1 -0.000499 1.43213e-07 0.000499 1 0.00914881 0.00799117 0.00124288
FixedParameters: 0 0 0

#Transform 11
Transform: AffineTransform_float_3_3
Parameters: 1 -0.000169 1.44495e-07 0.000169 0.999999 -0.000854999 1.44495e-07 0.000854999 0.999999 0.00962737 0.0610227 -0.0115399
FixedParameters: 0 0 0

#Transform 12
Transform: AffineTransform_float_3_3
Parameters: 1 -0.000175975 5.00878e-05 0.000176025 1 -0.000498991 -4.99122e-05 0.000499009 1 0.00650095 0.0523009 -0.0194586
FixedParameters: 0 0 0

#Transform 13
Transform: AffineTransform_float_3_3
Parameters: 1 -0.000169 1.1492e-07 0.000169 1 -0.00068 1.1492e-07 0.00068 1 0.000528398 0.0963663 -0.0121407
FixedParameters: 0 0 0

#Transform 14
Transform: AffineTransform_float_3_3
Parameters: 1 1.2e-05 -5.988e-09 -1.2e-05 1 -0.000499 -5.988e-09 0.000499 1 -0.00612583 0.0491526 -0.0129856
FixedParameters: 0 0 0

#Transform 15
Transform: AffineTransform_float_3_3
Parameters: 1 -0.0001 4.99e-08 0.0001 1 -0.000499 4.99e-08 0.000499 1 0.00549908 0.0371234 -0.0129856
FixedParameters: 0 0 0

#Transform 16
Transform: AffineTransform_float_3_3
Parameters: 1 -0.000185 6.66e-08 0.000185 1 -0.00036 6.66e-08 0.00036 1 0.00198966 0.0535581 -0.0134932
FixedParameters: 0 0 0

#Transform 17
Transform: AffineTransform_float_3_3
Parameters: 1 2.9405e-06 -0.000170001 -3.0595e-06 1 -0.000349999 0.000169999 0.00035 1 0.013039 0.0403684 -0.0135008
FixedParameters: 0 0 0

#Transform 18
Transform: AffineTransform_float_3_3
Parameters: 1 -0.000153975 9.40416e-05 0.000154025 1 -0.000269985 -9.39584e-05 0.000270014 1 -0.00164973 0.0862876 -0.0139429
FixedParameters: 0 0 0

#Transform 19
Transform: AffineTransform_float_3_3
Parameters: 1 -0.000439 -2.9852e-08 0.000439 1 6.8e-05 -2.9852e-08 -6.8e-05 1 -0.00362673 0.0632403 -0.00641228
FixedParameters: 0 0 0

#Transform 20
Transform: AffineTransform_float_3_3
Parameters: 1 0.000352 5.0336e-08 -0.000352 1 0.000143 5.0336e-08 -0.000143 1 0.000391246 -0.0120335 -0.0154672
FixedParameters: 0 0 0

#Transform 21
Transform: AffineTransform_float_3_3
Parameters: 1 -0.00013 -1.56e-08 0.00013 1 0.00012 -1.56e-08 -0.00012 1 0.001437 0.0602781 -0.00342108
FixedParameters: 0 0 0

#Transform 22
Transform: AffineTransform_float_3_3
Parameters: 1 4.2e-05 7.14e-10 -4.2e-05 1 1.7e-05 7.14e-10 -1.7e-05 1 0.00210896 0.0337426 0.000704182
FixedParameters: 0 0 0

#Transform 23
Transform: AffineTransform_float_3_3
Parameters: 1 5e-05 3.4e-09 -5e-05 1 6.8e-05 3.4e-09 -6.8e-05 1 -0.0172989 0.0307095 -0.0151881
FixedParameters: 0 0 0

#Transform 24
Transform: AffineTransform_float_3_3
Parameters: 1 5e-05 -1.815e-08 -5e-05 1 -0.000363 -1.815e-08 0.000363 1 0.0121354 0.0566559 -0.0134895
FixedParameters: 0 0 0

#Transform 25
Transform: AffineTransform_float_3_3
Parameters: 1 5e-05 3.4e-09 -5e-05 1 6.8e-05 3.4e-09 -6.8e-05 1 0.0021347 0.0420096 -0.0151888
FixedParameters: 0 0 0

#Transform 26
Transform: AffineTransform_float_3_3
Parameters: 1 5.00116e-05 -0.000169997 -4.99884e-05 1 6.80085e-05 0.000170003 -6.79915e-05 1 0.00112557 0.0164697 8.16867e-05
FixedParameters: 0 0 0

#Transform 27
Transform: AffineTransform_float_3_3
Parameters: 1 5e-05 3.4e-09 -5e-05 1 6.8e-05 3.4e-09 -6.8e-05 1 0.00213414 0.0307095 -0.00185107
FixedParameters: 0 0 0

#Transform 28
Transform: AffineTransform_float_3_3
Parameters: 1 5e-05 3.4e-09 -5e-05 1 6.8e-05 3.4e-09 -6.8e-05 1 0.00213511 0.0500888 0.00250361
FixedParameters: 0 0 0

#Transform 29
Transform: AffineTransform_float_3_3
Parameters: 1 5e-05 1.48e-08 -5e-05 1 0.000296 1.48e-08 -0.000296 1 -0.00679739 0.0201669 0.00321994
FixedParameters: 0 0 0

#Transform 30
Transform: AffineTransform_float_3_3
Parameters: 1 5.00189e-05 -5.99842e-05 -4.99811e-05 1 0.000315003 6.00157e-05 -0.000314997 1 -0.0118568 0.0391047 0.00117806
FixedParameters: 0 0 0

#Transform 31
Transform: AffineTransform_float_3_3
Parameters: 1 5e-05 2.145e-08 -5e-05 1 0.000429 2.145e-08 -0.000429 1 -0.00664651 0.0177341 0.00943874
FixedParameters: 0 0 0

#Transform 32
Transform: AffineTransform_float_3_3
Parameters: 1 -0.000333 -2.78721e-07 0.000333 0.999999 0.000836999 -2.78721e-07 -0.000836999 0.999999 -0.0110643 -0.0500507 0.0118404
FixedParameters: 0 0 0

#Transform 33
Transform: AffineTransform_float_3_3
Parameters: 1 -0.000153 -1.18269e-07 0.000153 0.999999 0.000773 -1.18269e-07 -0.000773 0.999999 -0.0103663 0.0136973 -0.00199666
FixedParameters: 0 0 0

#Transform 34
Transform: AffineTransform_float_3_3
Parameters: 1 5e-05 1.11e-08 -5e-05 1 0.000222 1.11e-08 -0.000222 1 -0.00961349 0.0580567 0.000193796
FixedParameters: 0 0 0

#Transform 35
Transform: AffineTransform_float_3_3
Parameters: 1 5e-05 1.555e-08 -5e-05 1 0.000311 1.555e-08 -0.000311 1 -0.00961311 0.0657342 0.0171755
FixedParameters: 0 0 0

#Transform 36
Transform: AffineTransform_float_3_3
Parameters: 1 5e-05 -9.95e-09 -5e-05 1 -0.000199 -9.95e-09 0.000199 1 -0.0151516 0.0355873 0.00192536
FixedParameters: 0 0 0

#Transform 37
Transform: AffineTransform_float_3_3
Parameters: 1 4.98263e-05 -0.000251034 -4.91737e-05 1 -0.000691987 0.000250966 0.000692012 0.999999 0.00272209 0.102792 -0.0109814
FixedParameters: 0 0 0

#Transform 38
Transform: AffineTransform_float_3_3
Parameters: 1 4.9755e-05 -0.00030504 -4.92449e-05 0.999999 -0.000802984 0.00030496 0.000803015 0.999999 0.00937172 0.133094 0.00462539
FixedParameters: 0 0 0

#Transform 39
Transform: AffineTransform_float_3_3
Parameters: 1 4.98623e-05 -0.000411017 -4.91377e-05 1 -0.00033498 0.000410983 0.00033502 1 0.011909 0.0776518 0.00270171
FixedParameters: 0 0 0

#Transform 40
Transform: AffineTransform_float_3_3
Parameters: 1 4.98789e-05 -0.000265023 -4.91211e-05 1 -0.000456987 0.000264978 0.000457013 1 0.00307512 0.099883 0.00318365
FixedParameters: 0 0 0

#Transform 41
Transform: AffineTransform_float_3_3
Parameters: 1 4.94639e-05 -0.000515052 -4.95361e-05 1 -0.00104098 0.000514949 0.00104103 1 0.0181257 0.149708 0.00578924
FixedParameters: 0 0 0

#Transform 42
Transform: AffineTransform_float_3_3
Parameters: 1 4.96225e-05 -0.000515036 -4.93775e-05 0.999999 -0.000732974 0.000514964 0.000733025 0.999999 0.0269225 0.131248 0.0237559
FixedParameters: 0 0 0

#Transform 43
Transform: AffineTransform_float_3_3
Parameters: 1 4.94973e-05 -0.000515049 -4.95026e-05 0.999999 -0.000975975 0.000514952 0.000976026 1 0.0214524 0.140497 0.00546265
FixedParameters: 0 0 0

#Transform 44
Transform: AffineTransform_float_3_3
Parameters: 0.999999 0.000489586 -0.000515393 -0.000489413 0.999999 -0.000802747 0.000514607 0.000803251 0.999999 0.027065 0.107453 -0.0177337
FixedParameters: 0 0 0

#Transform 45
Transform: AffineTransform_float_3_3
Parameters: 1 4.92166e-05 -0.000515075 -4.97832e-05 0.999999 -0.00152097 0.000514925 0.00152102 0.999998 0.0252609 0.171923 -0.0294821
FixedParameters: 0 0 0

#Transform 46
Transform: AffineTransform_float_3_3
Parameters: 1 4.92703e-05 -0.000587062 -4.97296e-05 0.999999 -0.00124297 0.000586939 0.00124303 0.999999 0.0295909 0.134144 -0.0142396
FixedParameters: 0 0 0

#Transform 47
Transform: AffineTransform_float_3_3
Parameters: 1 0.000162365 -0.000515201 -0.000162635 0.999999 -0.00123292 0.0005148 0.00123308 0.999999 0.0257474 0.130986 -0.0214108
FixedParameters: 0 0 0

#Transform 48
Transform: AffineTransform_float_3_3
Parameters: 1 4.90519e-05 -0.000591079 -4.99479e-05 0.999998 -0.00160397 0.00059092 0.00160403 0.999998 0.0282365 0.15589 -0.0291313
FixedParameters: 0 0 0

#Transform 49
Transform: AffineTransform_float_3_3
Parameters: 1 4.93763e-05 -0.00051506 -4.96236e-05 1 -0.00121098 0.00051494 0.00121103 0.999999 0.0270631 0.0956405 -0.0138787
FixedParameters: 0 0 0

#Transform 50
Transform: AffineTransform_float_3_3
Parameters: 1 -1.66952e-05 -0.000514978 1.63047e-05 0.999999 -0.00135001 0.000515022 0.00134999 0.999999 0.0214449 0.128575 -0.0301395
FixedParameters: 0 0 0

#Transform 51
Transform: AffineTransform_float_3_3
Parameters: 1 4.94883e-05 -0.000379067 -4.95116e-05 0.999999 -0.00134998 0.000378933 0.00135002 0.999999 0.0134533 0.130371 -0.0205863
FixedParameters: 0 0 0

#Transform 52
Transform: AffineTransform_float_3_3
Parameters: 1 -8.15845e-05 -0.000514908 8.04154e-05 1 -0.00113504 0.000515092 0.00113496 0.999999 0.0291934 0.147804 -0.0106517
FixedParameters: 0 0 0

#Transform 53
Transform: AffineTransform_float_3_3
Parameters: 1 4.95076e-05 -0.000515048 -4.94923e-05 0.999999 -0.000955975 0.000514953 0.000956026 1 0.0265401 0.137034 -0.0021695
FixedParameters: 0 0 0

#Transform 54
Transform: AffineTransform_float_3_3
Parameters: 1 4.92182e-05 -0.000515075 -4.97817e-05 0.999999 -0.00151797 0.000514925 0.00151802 0.999998 0.0265538 0.17087 -0.0294029
FixedParameters: 0 0 0

#Transform 55
Transform: AffineTransform_float_3_3
Parameters: 1 4.95113e-05 -0.000362067 -4.94887e-05 0.999999 -0.00134998 0.000361934 0.00135002 0.999999 0.0362965 0.19257 -0.0301535
FixedParameters: 0 0 0

#Transform 56
Transform: AffineTransform_float_3_3
Parameters: 1 -0.000164644 -0.000514794 0.000164356 0.999999 -0.00125109 0.000515206 0.00125092 0.999999 0.0446839 0.19901 -0.0109042
FixedParameters: 0 0 0

#Transform 57
Transform: AffineTransform_float_3_3
Parameters: 1 -2.46695e-05 -0.000514968 2.43305e-05 0.999999 -0.00130001 0.000515032 0.00129999 0.999999 0.0259003 0.119436 -0.0208942
FixedParameters: 0 0 0

#Transform 58
Transform: AffineTransform_float_3_3
Parameters: 1 4.9197e-05 -0.000515077 -4.98028e-05 0.999999 -0.00155897 0.000514923 0.00155902 0.999998 0.0388059 0.149443 -0.00435558
FixedParameters: 0 0 0

#Transform 59
Transform: AffineTransform_float_3_3
Parameters: 1 -0.000190587 -0.000514783 0.000190413 1 -0.0011401 0.000515217 0.0011399 0.999999 0.0284319 0.15833 -0.000934731
FixedParameters: 0 0 0

#Transform 60
Transform: AffineTransform_float_3_3
Parameters: 1 -6.36185e-05 -0.000514924 6.33814e-05 1 -0.00120103 0.000515076 0.00120097 0.999999 0.0251538 0.13625 -0.0157722
FixedParameters: 0 0 0

#Transform 61
Transform: AffineTransform_float_3_3
Parameters: 1 -0.000103695 -0.00051486 0.000102305 0.999999 -0.00135005 0.000515138 0.00134995 0.999999 0.0358955 0.170859 -0.009978
FixedParameters: 0 0 0

#Transform 62
Transform: AffineTransform_float_3_3
Parameters: 1 -0.000137489 -0.000455853 0.000137511 1 -0.00107306 0.000456148 0.00107294 1 0.0412154 0.154263 -0.00523984
FixedParameters: 0 0 0

#Transform 63
Transform: AffineTransform_float_3_3
Parameters: 1 -0.000108463 -0.000514903 0.000108537 0.999999 -0.000899056 0.000515098 0.000898944 1 0.0261613 0.115863 -0.0107141
FixedParameters: 0 0 0

#Transform 64
Transform: AffineTransform_float_3_3
Parameters: 1 4.93408e-05 -0.000515064 -4.96592e-05 0.999999 -0.00127997 0.000514937 0.00128003 0.999999 0.0242191 0.13207 -0.00839987
FixedParameters: 0 0 0

#Transform 65
Transform: AffineTransform_float_3_3
Parameters: 1 4.93047e-05 -0.000515067 -4.96952e-05 0.999999 -0.00134997 0.000514933 0.00135003 0.999999 0.0259819 0.172908 0.00182067
FixedParameters: 0 0 0

#Transform 66
Transform: AffineTransform_float_3_3
Parameters: 1 -5.24506e-05 -0.000514954 5.25493e-05 0.999999 -0.000875026 0.000515046 0.000874972 0.999999 0.0240371 0.138912 -0.00315052
FixedParameters: 0 0 0

#Transform 67
Transform: AffineTransform_float_3_3
Parameters: 1 0.000100342 -0.000515129 -0.000100658 0.999999 -0.00127795 0.000514872 0.00127805 0.999999 0.0251306 0.149823 -0.00501623
FixedParameters: 0 0 0

#Transform 68
Transform: AffineTransform_float_3_3
Parameters: 1 4.92022e-05 -0.000515077 -4.97977e-05 0.999999 -0.00154897 0.000514923 0.00154902 0.999998 0.0376989 0.171093 -0.0101684
FixedParameters: 0 0 0

#Transform 69
Transform: AffineTransform_float_3_3
Parameters: 1 4.94386e-05 -0.000515054 -4.95613e-05 1 -0.00108998 0.000514946 0.00109003 1 0.0290855 0.129681 0.0255219
FixedParameters: 0 0 0

#Transform 70
Transform: AffineTransform_float_3_3
Parameters: 1 4.93397e-05 -0.000515064 -4.96602e-05 0.999999 -0.00128197 0.000514937 0.00128203 0.999999 0.0269036 0.126345 0.0113397
FixedParameters: 0 0 0

#Transform 71
Transform: AffineTransform_float_3_3
Parameters: 1 -3.34815e-05 -0.000458965 3.35185e-05 1 -0.00104902 0.000459036 0.00104899 1 0.0415085 0.115799 0.0103859
FixedParameters: 0 0 0

#Transform 72
Transform: AffineTransform_float_3_3
Parameters: 1 -0.000229312 -0.000514861 0.000229688 1 -0.000606118 0.000515139 0.000605882 0.999999 0.0440726 0.0966563 0.0185653
FixedParameters: 0 0 0

#Transform 73
Transform: AffineTransform_float_3_3
Parameters: 1 -0.000183439 -0.000462826 0.00018256 0.999999 -0.000949085 0.000463174 0.000948915 1 0.0412189 0.12256 0.00992459
FixedParameters: 0 0 0

#Transform 74
Transform: AffineTransform_float_3_3
Parameters: 1 -0.000379535 -0.00044054 0.000378465 0.999999 -0.00121317 0.00044146 0.00121383 0.999999 0.0390918 0.127444 0.0109288
FixedParameters: 0 0 0

#Transform 75
Transform: AffineTransform_float_3_3
Parameters: 1 -0.000379402 -0.000514703 0.000378597 0.999999 -0.000781194 0.000515295 0.000780804 0.999999 0.0435338 0.105305 0.0092998
FixedParameters: 0 0 0

#Transform 76
Transform: AffineTransform_float_3_3
Parameters: 1 -0.000379482 -0.000514645 0.000378517 0.999999 -0.000936195 0.000515355 0.000935805 1 0.0435318 0.136569 0.00569745
FixedParameters: 0 0 0

#Transform 77
Transform: AffineTransform_float_3_3
Parameters: 1 -0.000379613 -0.000514549 0.000378388 0.999999 -0.0011902 0.000514451 0.00118981 0.999999 0.0435166 0.129504 0.00744097
FixedParameters: 0 0 0

#Transform 78
Transform: AffineTransform_float_3_3
Parameters: 1 -0.000379425 -0.000514687 0.000378575 0.999999 -0.000825194 0.000515312 0.000825804 0.999999 0.0435341 0.127877 0.00948813
FixedParameters: 0 0 0

#Transform 79
Transform: AffineTransform_float_3_3
Parameters: 1 -0.000379639 -0.000514529 0.000378362 0.999999 -0.0012412 0.00051447 0.00124081 0.999999 0.0435248 0.15281 0.0111552
FixedParameters: 0 0 0

#Transform 80
Transform: AffineTransform_float_3_3
Parameters: 1 -0.000269668 -0.000514651 0.000269332 0.999999 -0.00129714 0.00051535 0.00129686 0.999999 0.0439016 0.184298 0.0114545
FixedParameters: 0 0 0

#Transform 81
Transform: AffineTransform_float_3_3
Parameters: 1 -0.000379695 -0.000514488 0.000378306 0.999999 -0.00135019 0.000514511 0.0013498 0.999999 0.0435034 0.187238 0.00807376
FixedParameters: 0 0 0

#Transform 82
Transform: AffineTransform_float_3_3
Parameters: 1 -0.00026636 -0.000514813 0.000265639 0.999999 -0.000700136 0.000515186 0.000699862 0.999999 0.0439502 0.0952949 0.0268768
FixedParameters: 0 0 0

#Transform 83
Transform: AffineTransform_float_3_3
Parameters: 1 -0.000379361 -0.000514734 0.000378639 0.999999 -0.000700195 0.000515265 0.000700804 0.999999 0.0435467 0.0716609 0.00891524
FixedParameters: 0 0 0

#Transform 84
Transform: AffineTransform_float_3_3
Parameters: 1 -0.000379361 -0.000514734 0.000378639 0.999999 -0.000700195 0.000515265 0.000700804 0.999999 0.0435276 0.122179 0.00895064
FixedParameters: 0 0 0

#Transform 85
Transform: AffineTransform_float_3_3
Parameters: 1 -0.000379334 -0.000514754 0.000378665 0.999999 -0.000649195 0.000515246 0.000648804 0.999999 0.0298997 0.0957332 0.00881624
FixedParameters: 0 0 0

#Transform 86
Transform: AffineTransform_float_3_3
Parameters: 1 7.41969e-05 -0.000684087 -7.4803e-05 1 -0.00117395 0.000683913 0.00117405 0.999999 0.0361976 0.193464 -0.0100802
FixedParameters: 0 0 0

#Transform 87
Transform: AffineTransform_float_3_3
Parameters: 0.999999 -1.18391e-05 -0.000838002 1.21609e-05 1 0.00019199 0.000837997 -0.00019201 0.999999 0.0248646 0.102871 0.0172438
FixedParameters: 0 0 0

#Transform 88
Transform: AffineTransform_float_3_3
Parameters: 1 -1.16452e-05 -0.000515008 1.13548e-05 1 0.000688994 0.000514992 -0.000689006 0.999999 0.0238295 -0.0285051 0.00340994
FixedParameters: 0 0 0

#Transform 89
Transform: AffineTransform_float_3_3
Parameters: 1 0.000334968 -0.000515021 -0.000335032 1 -6.18275e-05 0.000514979 6.21725e-05 1 0.00696446 0.125222 0.00634954
FixedParameters: 0 0 0

#Transform 90
Transform: AffineTransform_float_3_3
Parameters: 0.999999 6.33622e-05 -0.00079097 -6.26377e-05 1 0.000458049 0.000791028 -0.00045795 0.999999 0.0170788 0.0521984 0.0370277
FixedParameters: 0 0 0

#Transform 91
Transform: AffineTransform_float_3_3
Parameters: 1 -4.63321e-06 -0.000673002 5.36678e-06 1 0.000544996 0.000672997 -0.000545003 0.999999 0.0279175 -0.0145033 0.0261834
FixedParameters: 0 0 0

#Transform 92
Transform: AffineTransform_float_3_3
Parameters: 0.999999 0.000321561 -0.000813778 -0.000320439 0.999999 0.000690261 0.000813221 -0.000689739 1 0.0221354 0.0588207 0.00596481
FixedParameters: 0 0 0

#Transform 93
Transform: AffineTransform_float_3_3
Parameters: 0.999999 4.95877e-05 -0.000742961 -4.84122e-05 0.999999 0.000791036 0.000743039 -0.000790963 1 0.0350167 -0.0211043 0.00991565
FixedParameters: 0 0 0

#Transform 94
Transform: AffineTransform_float_3_3
Parameters: 0.999999 0.000499015 -0.000573987 -0.000498985 1 2.62864e-05 0.000574013 -2.67136e-05 1 -0.00324604 0.148539 -0.020991
FixedParameters: 0 0 0

#Transform 95
Transform: AffineTransform_float_3_3
Parameters: 1 0.000446663 -0.000961693 -0.000446337 0.999999 0.00068943 0.000962308 -0.000688571 1 0.0478321 0.0263116 -0.00326214
FixedParameters: 0 0 0

#Transform 96
Transform: AffineTransform_float_3_3
Parameters: 1 0.0005262 -0.00096189 -0.0005258 1 0.000208506 0.000962109 -0.000207494 0.999999 0.0486703 0.0763069 -0.0191151
FixedParameters: 0 0 0

#Transform 97
Transform: AffineTransform_float_3_3
Parameters: 0.999999 0.000476381 -0.000558675 -0.000475618 0.999999 0.000682265 0.000559324 -0.000681733 0.999999 0.0365961 0.026728 -0.00681006
FixedParameters: 0 0 0

#Transform 98
Transform: AffineTransform_float_3_3
Parameters: 0.999999 0.000476472 -0.000558597 -0.000476526 0.999999 0.000846266 0.000559403 -0.000845734 1 0.0251353 -0.00041696 -0.024947
FixedParameters: 0 0 0

#Transform 99
Transform: AffineTransform_float_3_3
Parameters: 0.999999 0.000476267 -0.000558772 -0.000475732 1 0.000478266 0.000559227 -0.000477734 0.999999 0.0366354 0.080536 -0.0205504
FixedParameters: 0 0 0

#Transform 100
Transform: AffineTransform_float_3_3
Parameters: 1 0.000346556 -0.000558655 -0.000345444 1 0.000995194 0.000559344 -0.000994807 1 0.0191217 0.0227238 -0.011466
FixedParameters: 0 0 0

#Transform 101
Transform: AffineTransform_float_3_3
Parameters: 0.999999 0.000476393 -0.000632704 -0.000475607 0.999999 0.000621301 0.000632295 -0.000620699 0.999999 0.0300474 0.0377369 -0.0210268
FixedParameters: 0 0 0

#Transform 102
Transform: AffineTransform_float_3_3
Parameters: 0.999999 0.000476535 -0.000558544 -0.000476464 1 0.000958267 0.000559457 -0.000957734 1 0.0331748 0.0258271 -0.0105444
FixedParameters: 0 0 0

#Transform 103
Transform: AffineTransform_float_3_3
Parameters: 0.999999 0.00047637 -0.000558684 -0.000475629 0.999999 0.000662265 0.000559315 -0.000662733 0.999999 0.0217186 0.0297819 -0.0212064
FixedParameters: 0 0 0

#Transform 104
Transform: AffineTransform_float_3_3
Parameters: 0.999999 0.000476583 -0.00072962 -0.000476418 0.999999 0.000798348 0.000729381 -0.000798653 1 0.0444785 0.0355233 -0.0143505
FixedParameters: 0 0 0

#Transform 105
Transform: AffineTransform_float_3_3
Parameters: 0.999999 0.000476329 -0.000558719 -0.00047567 0.999999 0.000589266 0.00055928 -0.000588733 0.999999 0.0265397 0.0482157 -0.0325166
FixedParameters: 0 0 0

#Transform 106
Transform: AffineTransform_float_3_3
Parameters: 1 0.000476361 -0.000486646 -0.000475638 0.999999 0.000743231 0.000487353 -0.000742767 0.999999 0.0367551 0.0294219 -0.0168399
FixedParameters: 0 0 0

#Transform 107
Transform: AffineTransform_float_3_3
Parameters: 0.999999 0.000370499 -0.000813773 -0.000369501 0.999999 0.000613301 0.000813227 -0.000613699 1 0.0510138 0.0766528 -0.0241552
FixedParameters: 0 0 0

#Transform 108
Transform: AffineTransform_float_3_3
Parameters: 1 0.000476178 -0.000508833 -0.000475822 1 0.000350242 0.000509166 -0.000349758 1 0.0380821 0.10153 -0.0232728
FixedParameters: 0 0 0

#Transform 109
Transform: AffineTransform_float_3_3
Parameters: 1 0.000283381 -0.000558807 -0.000282619 0.999999 0.000682158 0.000559193 -0.000681841 0.999999 0.040312 0.0561462 -0.00542204
FixedParameters: 0 0 0

#Transform 110
Transform: AffineTransform_float_3_3
Parameters: 1 0.000245301 -0.000558868 -0.0002447 1 0.000537137 0.000559131 -0.000537863 0.999999 0.0401294 0.0648857 -0.0240107
FixedParameters: 0 0 0

#Transform 111
Transform: AffineTransform_float_3_3
Parameters: 0.999999 0.000476136 -0.000707909 -0.000475864 1 0.000191337 0.000708091 -0.000191663 0.999999 0.0500268 0.0710836 -0.0224324
FixedParameters: 0 0 0

#Transform 112
Transform: AffineTransform_float_3_3
Parameters: 1 0.000282999 -0.000559 -0.000283001 1 -1.8418e-06 0.000558999 2.1582e-06 1 0.0402893 0.0953602 -0.0218703
FixedParameters: 0 0 0

#Transform 113
Transform: AffineTransform_float_3_3
Parameters: 0.999999 0.000599877 -0.000745099 -0.000600123 1 -0.000165553 0.0007449 0.000165447 0.999999 0.0352618 0.120737 -0.0210437
FixedParameters: 0 0 0

#Transform 114
Transform: AffineTransform_float_3_3
Parameters: 1 0.000530751 -0.00100613 -0.000530249 1 -0.000247467 0.00100587 0.000247534 1 0.0627967 0.117527 -0.0205055
FixedParameters: 0 0 0

#Transform 115
Transform: AffineTransform_float_3_3
Parameters: 1 0.000531234 -0.00100588 -0.000530765 1 0.000233534 0.00100612 -0.000232466 0.999999 0.0505118 0.0551554 0.0100383
FixedParameters: 0 0 0

#Transform 116
Transform: AffineTransform_float_3_3
Parameters: 0.999999 0.000863917 -0.00100607 -0.000864083 0.999999 -8.21307e-05 0.00100593 8.2869e-05 0.999999 0.0416585 0.128035 -0.0212336
FixedParameters: 0 0 0

#Transform 117
Transform: AffineTransform_float_3_3
Parameters: 0.999999 0.000531094 -0.00119396 -0.000530906 1 7.8634e-05 0.00119404 -7.83659e-05 1 0.0539309 0.131068 0.00407634
FixedParameters: 0 0 0

#Transform 118
Transform: AffineTransform_float_3_3
Parameters: 1 0.000530546 -0.00100624 -0.000530454 1 -0.000451467 0.00100576 0.000451534 1 0.0481381 0.143327 -0.0381337
FixedParameters: 0 0 0

#Transform 119
Transform: AffineTransform_float_3_3
Parameters: 1 0.000530179 -0.00100643 -0.000530821 0.999999 -0.000815466 0.00100657 0.000816534 0.999999 0.0505941 0.13458 -0.0298505
FixedParameters: 0 0 0

#Transform 120
Transform: AffineTransform_float_3_3
Parameters: 1 0.000529789 -0.0010756 -0.00053121 0.999999 -0.00112543 0.0010744 0.00112657 0.999999 0.0547159 0.15312 -0.0376555
FixedParameters: 0 0 0

#Transform 121
Transform: AffineTransform_float_3_3
Parameters: 1 0.000529867 -0.0010066 -0.000531134 0.999999 -0.00112547 0.0010064 0.00112653 0.999999 0.0506503 0.195352 -0.0536684
FixedParameters: 0 0 0

#Transform 122
Transform: AffineTransform_float_3_3
Parameters: 1 0.000602451 -0.00100633 -0.000603548 0.999999 -0.000544392 0.00100567 0.000545606 0.999999 0.0509412 0.144476 -0.0457019
FixedParameters: 0 0 0

#Transform 123
Transform: AffineTransform_float_3_3
Parameters: 0.999999 0.000749078 -0.00106365 -0.000749922 1 -0.000867203 0.00106235 0.000867797 0.999999 0.0549217 0.139357 -0.0518187
FixedParameters: 0 0 0

#Transform 124
Transform: AffineTransform_float_3_3
Parameters: 1 0.000529867 -0.0010066 -0.000531134 0.999999 -0.00112547 0.0010064 0.00112653 0.999999 0.0506461 0.207434 -0.0430848
FixedParameters: 0 0 0

#Transform 125
Transform: AffineTransform_float_3_3
Parameters: 1 0.000530247 -0.0010064 -0.000530754 0.999999 -0.000748466 0.0010066 0.000748534 0.999999 0.0579749 0.150078 -0.0453507
FixedParameters: 0 0 0

#Transform 126
Transform: AffineTransform_float_3_3
Parameters: 0.999999 0.00077515 -0.00111729 -0.00077685 0.999999 -0.00165613 0.00111571 0.00165787 0.999998 0.0726025 0.202778 -0.0586147
FixedParameters: 0 0 0

#Transform 127
Transform: AffineTransform_float_3_3
Parameters: 0.999999 0.000528242 -0.00133709 -0.000530756 0.999997 -0.00206229 0.00133591 0.00206371 0.999997 0.0721965 0.239729 -0.0556838
FixedParameters: 0 0 0

#Transform 128
Transform: AffineTransform_float_3_3
Parameters: 0.999999 0.000528702 -0.00127795 -0.000530299 0.999998 -0.00179932 0.00127705 0.00179968 0.999997 0.0686388 0.236883 -0.0606918
FixedParameters: 0 0 0

#Transform 129
Transform: AffineTransform_float_3_3
Parameters: 0.999999 0.000528652 -0.00141688 -0.000530346 0.999998 -0.00165625 0.00141612 0.00165775 0.999997 0.0769212 0.193811 -0.0511473
FixedParameters: 0 0 0

#Transform 130
Transform: AffineTransform_float_3_3
Parameters: 0.999999 0.000529249 -0.00121277 -0.000530752 0.999999 -0.00144436 0.00121224 0.00144464 0.999998 0.0759234 0.201689 -0.0178921
FixedParameters: 0 0 0

#Transform 131
Transform: AffineTransform_float_3_3
Parameters: 0.999999 0.000528383 -0.00141698 -0.000530617 0.999998 -0.00184725 0.00141602 0.00184775 0.999998 0.0774082 0.224445 -0.0502946
FixedParameters: 0 0 0

#Transform 132
Transform: AffineTransform_float_3_3
Parameters: 0.999999 0.000528526 -0.00141693 -0.000530473 0.999999 -0.00174525 0.00141608 0.00174675 0.999998 0.0817828 0.230027 -0.0507386
FixedParameters: 0 0 0

#Transform 133
Transform: AffineTransform_float_3_3
Parameters: 0.999999 0.000529115 -0.00134674 -0.000530886 0.999999 -0.00140029 0.00134626 0.00140071 0.999998 0.0635501 0.228524 -0.0429559
FixedParameters: 0 0 0

#Transform 134
Transform: AffineTransform_float_3_3
Parameters: 0.999999 0.000529613 -0.00141652 -0.000530387 1 -0.00097925 0.00141548 0.000979751 0.999998 0.0676437 0.115567 -0.0540248
FixedParameters: 0 0 0

#Transform 135
Transform: AffineTransform_float_3_3
Parameters: 0.999998 0.000638859 -0.0014685 -0.000639139 0.999999 -0.000776062 0.0014675 0.000776938 0.999998 0.0712293 0.160675 -0.0434546
FixedParameters: 0 0 0

#Transform 136
Transform: AffineTransform_float_3_3
Parameters: 0.999999 0.000530339 -0.00141625 -0.00053066 1 -0.000466249 0.00141575 0.000466751 0.999999 0.067629 0.167098 -0.0172938
FixedParameters: 0 0 0

#Transform 137
Transform: AffineTransform_float_3_3
Parameters: 0.999999 0.000529674 -0.0014165 -0.000530326 1 -0.00093625 0.0014155 0.000936751 0.999998 0.0722653 0.180286 -0.0301583
FixedParameters: 0 0 0

#Transform 138
Transform: AffineTransform_float_3_3
Parameters: 0.999999 0.000727719 -0.00129772 -0.000729282 0.999999 -0.000987055 0.00129728 0.000987945 0.999998 0.0681809 0.197271 -0.0317513
FixedParameters: 0 0 0

#Transform 139
Transform: AffineTransform_float_3_3
Parameters: 0.999999 0.000530036 -0.00124141 -0.000530964 0.999999 -0.000776341 0.00124059 0.000776658 0.999999 0.0714439 0.143189 -0.0187785
FixedParameters: 0 0 0

#Transform 140
Transform: AffineTransform_float_3_3
Parameters: 0.999999 0.000654107 -0.00127046 -0.000654893 0.999999 -0.000702168 0.00127054 0.000702831 0.999999 0.0652424 0.150306 -0.0354653
FixedParameters: 0 0 0

#Transform 141
Transform: AffineTransform_float_3_3
Parameters: 0.999999 0.0006579 -0.00141651 -0.0006591 1 -0.000776067 0.00141549 0.000776932 0.999998 0.0709361 0.17595 -0.0186305
FixedParameters: 0 0 0

#Transform 142
Transform: AffineTransform_float_3_3
Parameters: 0.999999 0.0005299 -0.00141641 -0.000531099 0.999999 -0.000776248 0.00141559 0.00077675 0.999998 0.0704458 0.17972 -0.0512263
FixedParameters: 0 0 0

#Transform 143
Transform: AffineTransform_float_3_3
Parameters: 0.999999 0.000529683 -0.00141649 -0.000530318 1 -0.00093025 0.00141551 0.000930751 0.999998 0.0387174 0.223833 -0.0669212
FixedParameters: 0 0 0

#Transform 144
Transform: AffineTransform_float_3_3
Parameters: 0.999999 0.0005299 -0.00141641 -0.000531099 0.999999 -0.000776248 0.00141559 0.00077675 0.999998 0.0409498 0.154839 -0.0775584
FixedParameters: 0 0 0

#Transform 145
Transform: AffineTransform_float_3_3
Parameters: 0.999999 0.000754067 -0.00170597 -0.000753932 0.999999 4.02862e-05 0.00170603 -3.87136e-05 0.999998 0.0570921 0.126648 -0.056488
FixedParameters: 0 0 0

#Transform 146
Transform: AffineTransform_float_3_3
Parameters: 0.999999 0.00053076 -0.00147009 -0.00053024 1 -0.000163221 0.00146991 0.00016378 0.999999 0.0499218 0.117968 -0.0653547
FixedParameters: 0 0 0

#Transform 147
Transform: AffineTransform_float_3_3
Parameters: 0.999999 0.000667602 -0.00141619 -0.000668395 0.999999 -0.000279054 0.00141581 0.000280945 0.999999 0.0600079 0.135026 -0.0895523
FixedParameters: 0 0 0

#Transform 148
Transform: AffineTransform_float_3_3
Parameters: 0.999999 0.000530429 -0.00130023 -0.00053057 1 -0.00043831 0.00129977 0.00043969 0.999999 0.0524925 0.151148 -0.112569
FixedParameters: 0 0 0

#Transform 149
Transform: AffineTransform_float_3_3
Parameters: 0.999999 0.000427405 -0.00139618 -0.000427594 1 -0.000425403 0.00139582 0.000426597 0.999999 0.057899 0.191922 -0.140348
FixedParameters: 0 0 0

#Transform 150
Transform: AffineTransform_float_3_3
Parameters: 0.999999 0.000442706 -0.00142309 -0.000443294 1 -0.000206369 0.00142291 0.00020663 0.999999 0.0596133 0.120458 -0.130634
FixedParameters: 0 0 0

#Transform 151
Transform: AffineTransform_float_3_3
Parameters: 0.999999 0.000276513 -0.0013131 -0.000277487 1 -0.000370636 0.0013129 0.000371363 0.999999 0.0523211 0.127592 -0.14469
FixedParameters: 0 0 0

#Transform 152
Transform: AffineTransform_float_3_3
Parameters: 0.999999 0.000401121 -0.00128527 -0.000402878 0.999999 -0.000683483 0.00128472 0.000684516 0.999999 0.0580462 0.172101 -0.159757
FixedParameters: 0 0 0

#Transform 153
Transform: AffineTransform_float_3_3
Parameters: 0.999999 0.000530314 -0.00127628 -0.000530685 0.999999 -0.000536323 0.00127672 0.000537677 0.999999 0.0511194 0.163182 -0.141631
FixedParameters: 0 0 0

#Transform 154
Transform: AffineTransform_float_3_3
Parameters: 1 0.000225206 -0.00118015 -0.000226794 0.999999 -0.000672733 0.00117985 0.000673266 0.999999 0.0441706 0.149782 -0.159838
FixedParameters: 0 0 0

#Transform 155
Transform: AffineTransform_float_3_3
Parameters: 1 0.000175895 -0.00104902 -0.000176106 1 -0.000100815 0.00104898 0.000100185 1 0.0361368 0.121525 -0.145809
FixedParameters: 0 0 0

#Transform 156
Transform: AffineTransform_float_3_3
Parameters: 0.999999 0.000284866 -0.00125103 -0.000284134 1 -0.000106645 0.00125097 0.000107356 0.999999 0.0415013 0.1375 -0.144619
FixedParameters: 0 0 0

#Transform 157
Transform: AffineTransform_float_3_3
Parameters: 0.999999 0.000410569 -0.00116515 -0.000411432 1 -0.000370521 0.00116485 0.000370479 1 0.0365277 0.132833 -0.161972
FixedParameters: 0 0 0

#Transform 158
Transform: AffineTransform_float_3_3
Parameters: 0.999999 0.000186211 -0.00122697 -0.000185789 1 0.000172228 0.00122703 -0.000171772 0.999999 0.0407211 0.120816 -0.166573
FixedParameters: 0 0 0

#Transform 159
Transform: AffineTransform_float_3_3
Parameters: 1 0.000177214 -0.00114397 -0.000176786 1 0.000187202 0.00114403 -0.000186797 1 0.0310236 0.0903018 -0.166785
FixedParameters: 0 0 0

#Transform 160
Transform: AffineTransform_float_3_3
Parameters: 0.999999 0.000114942 -0.00125401 -0.000115058 1 -4.58558e-05 0.001254 4.61442e-05 0.999999 0.0481541 0.133971 -0.165638
FixedParameters: 0 0 0

#Transform 161
Transform: AffineTransform_float_3_3
Parameters: 0.999999 0.00011531 -0.00130697 -0.00011569 1 0.000237151 0.00130703 -0.00023685 0.999999 0.0413586 0.116841 -0.158618
FixedParameters: 0 0 0

#Transform 162
Transform: AffineTransform_float_3_3
Parameters: 0.999999 0.000115069 -0.00126099 -0.000114931 1 5.5145e-05 0.00126101 -5.4855e-05 0.999999 0.0325693 0.127913 -0.176639
FixedParameters: 0 0 0

#Transform 163
Transform: AffineTransform_float_3_3
Parameters: 0.999999 0.000114987 -0.00132 -0.000115013 1 -9.84819e-06 0.00132 1.01518e-05 0.999999 0.0474036 0.131799 -0.174366
FixedParameters: 0 0 0

#Transform 164
Transform: AffineTransform_float_3_3
Parameters: 0.999999 0.000115371 -0.00131997 -0.000115629 1 0.000281153 0.00132003 -0.000280848 0.999999 0.0438762 0.088745 -0.1763
FixedParameters: 0 0 0

#Transform 165
Transform: AffineTransform_float_3_3
Parameters: 0.999999 0.000114291 -0.00132006 -0.000115709 1 -0.000536848 0.00131994 0.000537151 0.999999 0.0361066 0.163462 -0.186786
FixedParameters: 0 0 0

#Transform 166
Transform: AffineTransform_float_3_3
Parameters: 0.999999 -0.000288928 -0.00132002 0.000289072 1 5.46185e-05 0.00131998 -5.43814e-05 0.999999 0.0396433 0.158699 -0.166888
FixedParameters: 0 0 0

#Transform 167
Transform: AffineTransform_float_3_3
Parameters: 0.999998 -2.87237e-05 -0.00162999 2.72762e-05 1 -0.000444045 0.00163001 0.000443954 0.999998 0.0607207 0.185898 -0.18686
FixedParameters: 0 0 0

#Transform 168
Transform: AffineTransform_float_3_3
Parameters: 0.999999 2.20183e-05 -0.00152201 -2.29817e-05 1 -0.000644965 0.00152198 0.000645034 0.999998 0.0478652 0.211923 -0.19635
FixedParameters: 0 0 0

#Transform 169
Transform: AffineTransform_float_3_3
Parameters: 0.999999 -0.000102494 -0.00131996 0.000101506 1 -0.000374134 0.00132004 0.000373865 0.999999 0.0430774 0.19719 -0.190118
FixedParameters: 0 0 0

#Transform 170
Transform: AffineTransform_float_3_3
Parameters: 0.999998 5.7163e-05 -0.00158203 -5.78368e-05 1 -0.000528909 0.00158197 0.000529091 0.999998 0.0515026 0.173006 -0.2002
FixedParameters: 0 0 0

#Transform 171
Transform: AffineTransform_float_3_3
Parameters: 0.999999 -0.000160396 -0.00131995 0.000160604 1 -0.000300212 0.00132005 0.000299789 0.999999 0.0418261 0.159469 -0.187625
FixedParameters: 0 0 0

#Transform 172
Transform: AffineTransform_float_3_3
Parameters: 0.999999 -3.2227e-05 -0.00148197 3.17728e-05 0.999999 -0.000828047 0.00148203 0.000827952 0.999998 0.0428961 0.206038 -0.195477
FixedParameters: 0 0 0

#Transform 173
Transform: AffineTransform_float_3_3
Parameters: 0.999998 0.000284633 -0.00165024 -0.000286365 0.999999 -0.000827529 0.00164976 0.000828471 0.999999 0.056639 0.255534 -0.213851
FixedParameters: 0 0 0

#Transform 174
Transform: AffineTransform_float_3_3
Parameters: 0.999998 -3.37534e-05 -0.00159298 3.32465e-05 1 -0.000473053 0.00159301 0.000472947 0.999998 0.0518501 0.169534 -0.203598
FixedParameters: 0 0 0

#Transform 175
Transform: AffineTransform_float_3_3
Parameters: 0.999999 5.57115e-05 -0.00155605 -5.62891e-05 0.999999 -0.000827913 0.00155695 0.000828088 0.999999 0.0430103 0.236034 -0.194016
FixedParameters: 0 0 0

#Transform 176
Transform: AffineTransform_float_3_3
Parameters: 0.999999 -7.24897e-05 -0.00131997 7.15102e-05 1 -0.000371095 0.00132003 0.000370905 0.999999 0.0353692 0.186506 -0.215972
FixedParameters: 0 0 0

#Transform 177
Transform: AffineTransform_float_3_3
Parameters: 0.999999 -0.00022645 -0.00131992 0.000226551 1 -0.000340299 0.00132008 0.000340701 0.999999 0.0347056 0.184853 -0.203946
FixedParameters: 0 0 0

#Transform 178
Transform: AffineTransform_float_3_3
Parameters: 0.999998 -0.00013544 -0.00173689 0.000133561 0.999999 -0.000828233 0.00173711 0.000828766 0.999998 0.060192 0.214152 -0.230385
FixedParameters: 0 0 0

#Transform 179
Transform: AffineTransform_float_3_3
Parameters: 0.999998 -9.85422e-05 -0.00173691 9.64573e-05 0.999999 -0.000888169 0.00173709 0.00088783 0.999998 0.0670487 0.282909 -0.239919
FixedParameters: 0 0 0

#Transform 180
Transform: AffineTransform_float_3_3
Parameters: 0.999999 -0.000290757 -0.00184772 0.000288244 1 -0.000950535 0.00184828 0.000950465 0.999998 0.0663303 0.250255 -0.243757
FixedParameters: 0 0 0

#Transform 181
Transform: AffineTransform_float_3_3
Parameters: 0.999997 3.88651e-05 -0.00215006 -4.21346e-05 0.999999 -0.00145791 0.00214994 0.00145809 0.999996 0.0820932 0.261965 -0.257985
FixedParameters: 0 0 0

#Transform 182
Transform: AffineTransform_float_3_3
Parameters: 0.999997 -0.000292136 -0.00214957 0.000288864 0.999999 -0.00145862 0.00215042 0.00145837 0.999996 0.0844459 0.263584 -0.253582
FixedParameters: 0 0 0

#Transform 183
Transform: AffineTransform_float_3_3
Parameters: 0.999997 -0.00013164 -0.0021499 0.000129361 0.999999 -0.00076228 0.0021501 0.000762719 0.999998 0.0850908 0.245105 -0.239444
FixedParameters: 0 0 0

#Transform 184
Transform: AffineTransform_float_3_3
Parameters: 0.999997 -0.000102016 -0.00214986 9.89832e-05 0.999999 -0.00140322 0.00215014 0.00140278 0.999996 0.0851579 0.271839 -0.254832
FixedParameters: 0 0 0

#Transform 185
Transform: AffineTransform_float_3_3
Parameters: 0.999997 -6.76536e-05 -0.0023959 6.43482e-05 0.999999 -0.00152416 0.0023961 0.00152484 0.999996 0.100166 0.289132 -0.25461
FixedParameters: 0 0 0

#Transform 186
Transform: AffineTransform_float_3_3
Parameters: 0.999997 -4.64971e-05 -0.00252496 4.35026e-05 1 -0.000989114 0.00252504 0.000988887 0.999997 0.102704 0.242713 -0.227837
FixedParameters: 0 0 0

#Transform 187
Transform: AffineTransform_float_3_3
Parameters: 0.999996 6.9393e-05 -0.0025781 -7.26063e-05 0.999999 -0.00139882 0.0025779 0.00139918 0.999995 0.0934439 0.267434 -0.235751
FixedParameters: 0 0 0

#Transform 188
Transform: AffineTransform_float_3_3
Parameters: 0.999997 7.17095e-05 -0.00271712 -7.62914e-05 0.999999 -0.0015788 0.00271788 0.0015792 0.999995 0.109594 0.278257 -0.238119
FixedParameters: 0 0 0

#Transform 189
Transform: AffineTransform_float_3_3
Parameters: 0.999996 -0.000291621 -0.0025777 0.00028838 1 -0.00101675 0.00257829 0.00101625 0.999996 0.0919785 0.266345 -0.240378
FixedParameters: 0 0 0

#Transform 190
Transform: AffineTransform_float_3_3
Parameters: 0.999996 1.06643e-05 -0.00285802 -1.43355e-05 0.999999 -0.00151696 0.00285798 0.00151704 0.999995 0.110069 0.274613 -0.251937
FixedParameters: 0 0 0

#Transform 191
Transform: AffineTransform_float_3_3
Parameters: 0.999996 5.81553e-05 -0.00303612 -6.4844e-05 0.999998 -0.00192481 0.00303588 0.00192518 0.999993 0.131138 0.299019 -0.255212
FixedParameters: 0 0 0

#Transform 192
Transform: AffineTransform_float_3_3
Parameters: 0.999996 -0.00029375 -0.00303555 0.000288247 0.999998 -0.00156588 0.00303646 0.00156412 0.999994 0.127955 0.284047 -0.256614
FixedParameters: 0 0 0

#Transform 193
Transform: AffineTransform_float_3_3
Parameters: 0.999996 -0.000191301 -0.00303573 0.0001867 0.999999 -0.00141657 0.00303627 0.00141643 0.999995 0.123324 0.2634 -0.241792
FixedParameters: 0 0 0

#Transform 194
Transform: AffineTransform_float_3_3
