#Insight Transform File V1.0
#Transform 0
Transform: AffineTransform_float_3_3
Parameters: 0.999999 0.00074776 0.000152182 -0.00074824 0.999999 0.00158089 -0.000150817 -0.00158111 0.999998 -0.0861577 -0.0310355 0.144017
FixedParameters: 0 0 0

#Transform 1
Transform: AffineTransform_float_3_3
Parameters: 1 0.00108307 -4.43408e-05 -0.00108293 0.999998 0.00153205 4.66591e-05 -0.00153195 0.999999 -0.0896455 -0.0368505 0.143714
FixedParameters: 0 0 0

#Transform 2
Transform: AffineTransform_float_3_3
Parameters: 1 0.000662055 -4.52029e-05 -0.000661944 0.999999 0.00120403 4.6797e-05 -0.00120397 1 -0.0759779 0.00818592 0.110985
FixedParameters: 0 0 0

#Transform 3
Transform: AffineTransform_float_3_3
Parameters: 0.999999 0.000764093 -4.4413e-05 -0.000763904 0.999997 0.00207703 4.65867e-05 -0.00207696 0.999998 -0.070841 -0.0546501 0.10328
FixedParameters: 0 0 0

#Transform 4
Transform: AffineTransform_float_3_3
Parameters: 1 0.000543696 0.000204809 -0.000544303 0.999998 0.00148789 -0.00020319 -0.00148811 0.999999 -0.0717191 -0.0333456 0.0747311
FixedParameters: 0 0 0

#Transform 5
Transform: AffineTransform_float_3_3
Parameters: 0.999999 0.000738422 -0.000318021 -0.000737577 0.999999 0.00132623 0.000318978 -0.00132576 0.999999 -0.0760937 -0.0911483 0.107177
FixedParameters: 0 0 0

#Transform 6
Transform: AffineTransform_float_3_3
Parameters: 0.999999 0.000783511 -0.000555279 -0.000782489 1 0.000920436 0.000555721 -0.000920566 1 -0.0807041 -0.011357 0.095277
FixedParameters: 0 0 0

#Transform 7
Transform: AffineTransform_float_3_3
Parameters: 0.999999 0.000762063 -6.82989e-05 -0.000761937 1 0.000920052 6.87009e-05 -0.000919948 0.999999 -0.0734245 -0.0840173 0.0738682
FixedParameters: 0 0 0

#Transform 8
Transform: AffineTransform_float_3_3
Parameters: 0.999999 0.000713065 -7.43803e-05 -0.000712936 1 0.000869053 7.46195e-05 -0.000868947 0.999999 -0.0605258 -0.0541882 0.0434264
FixedParameters: 0 0 0

#Transform 9
Transform: AffineTransform_float_3_3
Parameters: 1 0.000660004 -7.58815e-06 -0.000659995 0.999999 0.000624005 7.41183e-06 -0.000623995 1 -0.0542498 -0.0402222 0.0286272
FixedParameters: 0 0 0

#Transform 10
Transform: AffineTransform_float_3_3
Parameters: 1 0.000600038 -7.46922e-05 -0.000599962 0.999999 0.000513045 7.43078e-05 -0.000512955 1 -0.0458376 -0.0356008 -0.000850537
FixedParameters: 0 0 0

#Transform 11
Transform: AffineTransform_float_3_3
Parameters: 0.999999 0.000801186 -0.000323537 -0.000800813 0.999999 0.000577259 0.000323462 -0.000576741 1 -0.0525696 -0.0503986 0.0123342
FixedParameters: 0 0 0

#Transform 12
Transform: AffineTransform_float_3_3
Parameters: 1 0.00104816 -0.000444623 -0.00104884 1 0.000360467 0.000445378 -0.000360533 1 -0.0588464 -0.0714189 0.0203709
FixedParameters: 0 0 0

#Transform 13
Transform: AffineTransform_float_3_3
Parameters: 0.999999 0.00055802 -0.000462976 -0.00055798 1 4.32583e-05 0.000463024 -4.27416e-05 1 -0.0214896 -0.050583 0.0261306
FixedParameters: 0 0 0

#Transform 14
Transform: AffineTransform_float_3_3
Parameters: 0.999999 0.000798928 -0.000940061 -0.000799072 0.999999 -7.62488e-05 0.000939939 7.67509e-05 0.999999 -0.0298291 -0.0817101 0.0269105
FixedParameters: 0 0 0

#Transform 15
Transform: AffineTransform_float_3_3
Parameters: 1 0.000637117 -0.000766735 -0.000637884 0.999999 -0.00115251 0.000766265 0.00115349 0.999999 -0.0352616 -0.0182945 0.012776
FixedParameters: 0 0 0

#Transform 16
Transform: AffineTransform_float_3_3
Parameters: 0.999999 0.000529661 -0.00113816 -0.000530339 1 -0.000297397 0.00113784 0.000298603 1 -0.0319875 0.0276821 0.0431157
FixedParameters: 0 0 0

#Transform 17
Transform: AffineTransform_float_3_3
Parameters: 1 0.000595034 -0.000816706 -0.000595968 0.999999 -0.00118451 0.000816295 0.00118449 0.999999 -0.035813 -0.0504331 -0.00506174
FixedParameters: 0 0 0

#Transform 18
Transform: AffineTransform_float_3_3
Parameters: 0.999999 0.000461632 -0.000598283 -0.000462367 0.999999 -0.000613723 0.000598716 0.000614276 0.999999 -0.0242696 -0.0311748 -0.00707715
FixedParameters: 0 0 0

#Transform 19
Transform: AffineTransform_float_3_3
Parameters: 1 0.000664026 -0.000184907 -0.000663974 1 0.000140123 0.000185093 -0.000139877 1 -0.0245915 -0.0921171 0.00416069
FixedParameters: 0 0 0

#Transform 20
Transform: AffineTransform_float_3_3
Parameters: 1 0.000244998 -0.000185003 -0.000245002 1 -1.29547e-05 0.000184997 1.20453e-05 1 -0.0107283 0.013622 0.00266592
FixedParameters: 0 0 0

#Transform 21
Transform: AffineTransform_float_3_3
Parameters: 0.999999 0.000620061 -0.000585934 -0.000619938 1 0.000105363 0.000586065 -0.000104637 1 -0.0236573 -0.0570703 -0.00736662
FixedParameters: 0 0 0

#Transform 22
Transform: AffineTransform_float_3_3
Parameters: 1 0.000244944 -0.000185074 -0.000245056 1 -0.000301955 0.000184926 0.000301045 1 -0.0215057 -0.0637944 -0.016527
FixedParameters: 0 0 0

#Transform 23
Transform: AffineTransform_float_3_3
Parameters: 0.999999 0.000310162 -0.000938946 -0.000309838 1 0.000172291 0.000939053 -0.000172709 0.999999 -0.0139307 -0.053456 -0.00299689
FixedParameters: 0 0 0

#Transform 24
Transform: AffineTransform_float_3_3
Parameters: 1 -3.09828e-05 -0.000273002 3.10172e-05 1 6.29915e-05 0.000272998 -6.30085e-05 1 0.0208762 -0.0319632 -0.0209534
FixedParameters: 0 0 0

#Transform 25
Transform: AffineTransform_float_3_3
Parameters: 1 -0.000203999 -2.1324e-06 0.000204001 1 0.000648999 1.8676e-06 -0.000649 1 0.0308386 -0.0811963 -0.0408681
FixedParameters: 0 0 0

#Transform 26
Transform: AffineTransform_float_3_3
Parameters: 1 -0.000204027 6.89188e-05 0.000203972 1 0.000398014 -6.90812e-05 -0.000397986 1 0.0258278 -0.0404493 -0.039998
FixedParameters: 0 0 0

#Transform 27
Transform: AffineTransform_float_3_3
Parameters: 1 -0.000560034 6.87188e-05 0.000559965 0.999999 0.000502038 -6.92811e-05 -0.000501961 1 0.0485034 -0.080139 -0.0287494
FixedParameters: 0 0 0

#Transform 28
Transform: AffineTransform_float_3_3
Parameters: 0.999999 -0.000739996 6.90362e-05 0.000740003 0.999999 -4.89489e-05 -6.89637e-05 4.9051e-05 1 0.0623017 -0.0407521 -0.0467858
FixedParameters: 0 0 0

#Transform 29
Transform: AffineTransform_float_3_3
Parameters: 0.999999 -0.000740041 6.85552e-05 0.000739958 0.999999 0.000601051 -6.94454e-05 -0.000601948 1 0.0559869 -0.0250638 -0.00571946
FixedParameters: 0 0 0

#Transform 30
Transform: AffineTransform_float_3_3
Parameters: 0.999999 -0.000739997 6.90229e-05 0.000740002 0.999999 -3.09489e-05 -6.8977e-05 3.1051e-05 1 0.0560143 -0.065169 -0.0389671
FixedParameters: 0 0 0

#Transform 31
Transform: AffineTransform_float_3_3
Parameters: 0.999999 -0.00093497 0.000333082 0.000934028 0.999999 -8.76889e-05 -0.000332918 8.73113e-05 1 0.0676357 -0.0310463 -0.0505358
FixedParameters: 0 0 0

#Transform 32
Transform: AffineTransform_float_3_3
Parameters: 0.999999 -0.00115742 0.000753895 0.00115758 0.999999 -0.000772128 -0.000753106 0.000772873 1 0.0732251 0.00350833 -0.0832581
FixedParameters: 0 0 0

#Transform 33
Transform: AffineTransform_float_3_3
Parameters: 0.999999 -0.00139139 0.00119454 0.00139061 0.999999 0.000328662 -0.00119446 -0.000327339 0.999999 0.0940601 -0.0500044 -0.0422142
FixedParameters: 0 0 0

#Transform 34
Transform: AffineTransform_float_3_3
Parameters: 0.999998 -0.00161265 0.00128944 0.00161335 0.999998 -0.00026992 -0.00128856 0.000272079 0.999999 0.103816 -0.062413 -0.0743921
FixedParameters: 0 0 0

#Transform 35
Transform: AffineTransform_float_3_3
Parameters: 0.999999 -0.00141842 0.00103843 0.00141758 0.999999 0.000401473 -0.00103857 -0.000399528 1 0.0851367 -0.0514589 -0.074882
FixedParameters: 0 0 0

#Transform 36
Transform: AffineTransform_float_3_3
Parameters: 0.999999 -0.0015688 0.000939674 0.00156821 0.999999 0.000846476 -0.000941328 -0.000845525 0.999999 0.0921335 -0.0517593 -0.090215
FixedParameters: 0 0 0

#Transform 37
Transform: AffineTransform_float_3_3
Parameters: 0.999998 -0.00171541 0.00103667 0.00171359 0.999997 0.00135878 -0.00103933 -0.00135722 0.999998 0.0968011 -0.038429 -0.0632264
FixedParameters: 0 0 0

#Transform 38
Transform: AffineTransform_float_3_3
Parameters: 0.999997 -0.00198656 0.0014485 0.00198445 0.999997 0.00176388 -0.0014515 -0.00176112 0.999998 0.116731 -0.0855656 -0.0529447
FixedParameters: 0 0 0

#Transform 39
Transform: AffineTransform_float_3_3
Parameters: 0.999997 -0.00198482 0.000873143 0.00198418 0.999997 0.000936734 -0.000874858 -0.000935266 0.999999 0.13139 -0.00977047 -0.0688916
FixedParameters: 0 0 0

#Transform 40
Transform: AffineTransform_float_3_3
Parameters: 0.999998 -0.00185414 0.00102294 0.00185286 0.999997 0.0011129 -0.00102506 -0.0011111 0.999999 0.144005 -0.0233844 -0.0683266
FixedParameters: 0 0 0

#Transform 41
Transform: AffineTransform_float_3_3
Parameters: 0.999998 -0.00198469 0.00108274 0.00198431 0.999998 0.00063715 -0.00108326 -0.000634852 0.999999 0.131765 0.00873134 -0.0594701
FixedParameters: 0 0 0

#Transform 42
Transform: AffineTransform_float_3_3
Parameters: 0.999997 -0.00198645 0.00149374 0.00198455 0.999996 0.00164197 -0.00149726 -0.00163903 0.999998 0.132288 0.0101968 -0.0291875
FixedParameters: 0 0 0

#Transform 43
Transform: AffineTransform_float_3_3
Parameters: 0.999998 -0.00159549 0.00137627 0.00159451 0.999998 0.0010852 -0.00137773 -0.0010828 0.999999 0.108248 -0.0558964 -0.0465851
FixedParameters: 0 0 0

#Transform 44
Transform: AffineTransform_float_3_3
Parameters: 0.999997 -0.00151351 0.00149547 0.00151149 0.999999 0.00101326 -0.00149753 -0.00101074 0.999999 0.0966915 -0.0240841 -0.073172
FixedParameters: 0 0 0

#Transform 45
Transform: AffineTransform_float_3_3
Parameters: 0.999997 -0.00151667 0.00149429 0.00151433 0.999998 0.00178827 -0.00149771 -0.00178673 0.999998 0.0946351 -0.0488342 -0.0795945
FixedParameters: 0 0 0

#Transform 46
Transform: AffineTransform_float_3_3
Parameters: 0.999998 -0.00160402 0.0010805 0.00160299 0.999999 0.000938734 -0.0010825 -0.000937266 0.999999 0.0977369 -0.0145217 -0.0596499
FixedParameters: 0 0 0

#Transform 47
Transform: AffineTransform_float_3_3
Parameters: 0.999998 -0.00198535 0.00102841 0.00198466 0.999997 0.00130604 -0.00103059 -0.00130396 0.999998 0.113291 -0.0461381 -0.0215517
FixedParameters: 0 0 0

#Transform 48
Transform: AffineTransform_float_3_3
Parameters: 0.999997 -0.00198508 0.00147054 0.00198392 0.999998 0.000735919 -0.00147146 -0.000733081 0.999998 0.121399 -0.0329638 -0.0743213
FixedParameters: 0 0 0

#Transform 49
Transform: AffineTransform_float_3_3
Parameters: 0.999996 -0.00198555 0.00169018 0.00198445 0.999997 0.000919357 -0.00169182 -0.000915644 0.999998 0.109335 -0.0491474 -0.0696833
FixedParameters: 0 0 0

#Transform 50
Transform: AffineTransform_float_3_3
Parameters: 0.999997 -0.00198444 0.00128633 0.00198457 0.999998 0.000339554 -0.00128667 -0.000337448 0.999999 0.110806 -0.0499886 -0.0918783
FixedParameters: 0 0 0

#Transform 51
Transform: AffineTransform_float_3_3
Parameters: 0.999998 -0.00198552 0.00110828 0.00198448 0.999997 0.0013742 -0.00111073 -0.0013718 0.999999 0.0964274 -0.0486267 -0.0411893
FixedParameters: 0 0 0

#Transform 52
Transform: AffineTransform_float_3_3
Parameters: 0.999998 -0.00198475 0.00102054 0.00198425 0.999998 0.000735027 -0.00102246 -0.000732972 0.999999 0.096179 -0.00318639 -0.0437259
FixedParameters: 0 0 0

#Transform 53
Transform: AffineTransform_float_3_3
Parameters: 0.999996 -0.00198656 0.0016359 0.00198444 0.999997 0.00156325 -0.0016391 -0.00156075 0.999998 0.117653 -0.00420753 -0.0404411
FixedParameters: 0 0 0

#Transform 54
Transform: AffineTransform_float_3_3
Parameters: 0.999996 -0.00243902 0.00139221 0.00243798 0.999997 0.000736397 -0.00139379 -0.000733603 0.999999 0.132345 -0.0166752 -0.0480656
FixedParameters: 0 0 0

#Transform 55
Transform: AffineTransform_float_3_3
Parameters: 0.999996 -0.00243904 0.00140921 0.00243796 0.999997 0.000736438 -0.00141079 -0.000733562 0.999998 0.132395 -0.0359955 -0.0650283
FixedParameters: 0 0 0

#Transform 56
Transform: AffineTransform_float_3_3
Parameters: 0.999995 -0.00234927 0.00172827 0.00234773 0.999997 0.000737061 -0.00173073 -0.000733937 0.999998 0.129648 -0.000354024 -0.0835085
FixedParameters: 0 0 0

#Transform 57
Transform: AffineTransform_float_3_3
Parameters: 0.999995 -0.00244039 0.00209022 0.00243761 0.999997 0.0011431 -0.00209378 -0.0011379 0.999997 0.133204 -0.0176403 -0.0952199
FixedParameters: 0 0 0

#Transform 58
Transform: AffineTransform_float_3_3
Parameters: 0.999997 -0.00196306 0.00143956 0.00196194 0.999998 0.000735826 -0.00144044 -0.000733174 0.999998 0.0991484 -0.0164528 -0.096783
FixedParameters: 0 0 0

#Transform 59
Transform: AffineTransform_float_3_3
Parameters: 0.999998 -0.00168857 0.00158232 0.00168643 0.999998 0.000994671 -0.00158368 -0.000992329 0.999999 0.0835292 -0.0293253 -0.0890796
FixedParameters: 0 0 0

#Transform 60
Transform: AffineTransform_float_3_3
Parameters: 0.999996 -0.00201649 0.00158082 0.0020135 0.999996 0.00157819 -0.00158417 -0.00157481 0.999997 0.106463 -0.019691 -0.0984381
FixedParameters: 0 0 0

#Transform 61
Transform: AffineTransform_float_3_3
Parameters: 0.999997 -0.00172006 0.00138745 0.00171794 0.999998 0.00148239 -0.00139055 -0.00148061 0.999998 0.108478 -0.0603842 -0.151741
FixedParameters: 0 0 0

#Transform 62
Transform: AffineTransform_float_3_3
Parameters: 0.999998 -0.00185666 0.00129519 0.00185434 0.999996 0.00205241 -0.00129881 -0.00205059 0.999997 0.112989 -0.0492352 -0.136512
FixedParameters: 0 0 0

#Transform 63
Transform: AffineTransform_float_3_3
Parameters: 0.999997 -0.00190386 0.00158056 0.00190114 0.999996 0.00181201 -0.00158344 -0.00180899 0.999997 0.0999277 -0.0153821 -0.197288
FixedParameters: 0 0 0

#Transform 64
Transform: AffineTransform_float_3_3
Parameters: 0.999998 -0.00172073 0.000957111 0.00171827 0.999995 0.00284465 -0.00096189 -0.00284235 0.999996 0.0805683 -0.00202862 -0.164371
FixedParameters: 0 0 0

#Transform 65
Transform: AffineTransform_float_3_3
Parameters: 0.999998 -0.00197321 0.00104184 0.0019708 0.999996 0.00211306 -0.00104617 -0.00211094 0.999997 0.089087 -0.0403352 -0.172829
FixedParameters: 0 0 0

#Transform 66
Transform: AffineTransform_float_3_3
Parameters: 0.999997 -0.00216325 0.00104135 0.00216075 0.999996 0.00215326 -0.00104665 -0.00215074 0.999997 0.0952771 -0.0355833 -0.14225
FixedParameters: 0 0 0

#Transform 67
Transform: AffineTransform_float_3_3
Parameters: 0.999997 -0.00216156 0.00104484 0.00216144 0.999997 0.00053726 -0.00104616 -0.00053474 1 0.0990082 0.0261606 -0.194381
FixedParameters: 0 0 0

#Transform 68
Transform: AffineTransform_float_3_3
Parameters: 0.999998 -0.00216196 0.000654856 0.00216105 0.999996 0.00145542 -0.000657146 -0.00145458 0.999998 0.0947978 -0.0419589 -0.164719
FixedParameters: 0 0 0

#Transform 69
Transform: AffineTransform_float_3_3
Parameters: 0.999997 -0.00216189 0.00129451 0.00216111 0.999998 0.0006898 -0.00129649 -0.0006872 0.999999 0.0914463 -0.00729038 -0.162557
FixedParameters: 0 0 0

#Transform 70
Transform: AffineTransform_float_3_3
Parameters: 0.999997 -0.00216203 0.00129428 0.00216097 0.999998 0.0007978 -0.00129672 -0.000795199 0.999999 0.0955383 -0.000452801 -0.122606
FixedParameters: 0 0 0

#Transform 71
Transform: AffineTransform_float_3_3
Parameters: 0.999998 -0.00196903 0.000736908 0.00196897 0.999998 4.7451e-05 -0.000737093 -4.65487e-05 0.999999 0.0885504 -0.0235857 -0.148441
FixedParameters: 0 0 0

#Transform 72
Transform: AffineTransform_float_3_3
Parameters: 0.999998 -0.00216168 0.000620641 0.00216132 0.999997 0.00109234 -0.00062236 -0.00109066 0.999999 0.112334 -0.0351211 -0.139563
FixedParameters: 0 0 0

#Transform 73
Transform: AffineTransform_float_3_3
Parameters: 0.999997 -0.00216098 0.00104604 0.00216102 0.999997 -1.77395e-05 -0.00104596 2.02604e-05 1 0.0838152 -0.0306751 -0.167369
FixedParameters: 0 0 0

#Transform 74
Transform: AffineTransform_float_3_3
Parameters: 0.999998 -0.00216124 0.00072929 0.00216076 0.999997 0.000329576 -0.000729709 -0.000327424 0.999999 0.0798093 -0.0249162 -0.11453
FixedParameters: 0 0 0

#Transform 75
Transform: AffineTransform_float_3_3
Parameters: 0.999997 -0.00216082 0.00104637 0.00216118 0.999997 -0.000169739 -0.00104663 0.000171262 1 0.095259 -0.0308605 -0.140322
FixedParameters: 0 0 0

#Transform 76
Transform: AffineTransform_float_3_3
Parameters: 0.999997 -0.00216132 0.00104535 0.00216168 0.999997 0.000304261 -0.00104666 -0.000302739 1 0.095308 -0.0422264 -0.11688
FixedParameters: 0 0 0

#Transform 77
Transform: AffineTransform_float_3_3
Parameters: 0.999998 -0.00216057 0.000782199 0.00216144 0.999998 -0.000554311 -0.000780801 0.000555688 0.999999 0.0684359 -0.0102067 -0.160073
FixedParameters: 0 0 0

#Transform 78
Transform: AffineTransform_float_3_3
Parameters: 0.999998 -0.00216167 0.000718982 0.00216133 0.999997 0.000934557 -0.000721018 -0.000932444 1 0.0678495 -0.0394681 -0.119192
FixedParameters: 0 0 0

#Transform 79
Transform: AffineTransform_float_3_3
Parameters: 0.999997 -0.00216083 0.00104635 0.00216117 0.999997 -0.000161739 -0.00104665 0.000164262 1 0.0757711 -0.0053533 -0.157216
FixedParameters: 0 0 0

#Transform 80
Transform: AffineTransform_float_3_3
Parameters: 0.999998 -0.00216116 0.000698499 0.00216084 0.999997 0.00023251 -0.000698502 -0.000231491 0.999999 0.0771514 -0.0511154 -0.125866
FixedParameters: 0 0 0

#Transform 81
Transform: AffineTransform_float_3_3
Parameters: 0.999997 -0.00216097 0.000503141 0.00216103 0.999997 -6.49128e-05 -0.000502858 6.60868e-05 1 0.0662817 0.017172 -0.141249
FixedParameters: 0 0 0

#Transform 82
Transform: AffineTransform_float_3_3
Parameters: 0.999998 -0.00206019 0.00040502 0.00205981 0.999998 0.000475835 -0.000405979 -0.000475164 1 0.078887 -0.0307688 -0.105691
FixedParameters: 0 0 0

#Transform 83
Transform: AffineTransform_float_3_3
Parameters: 0.999997 -0.00216067 0.00040776 0.00216133 0.999998 -0.000814121 -0.00040624 0.00081488 0.999999 0.0886164 -0.044121 -0.154998
FixedParameters: 0 0 0

#Transform 84
Transform: AffineTransform_float_3_3
Parameters: 0.999997 -0.0021612 0.000404944 0.0021608 0.999997 0.000488876 -0.000406053 -0.000487123 1 0.0837496 -0.0746135 -0.112403
FixedParameters: 0 0 0

#Transform 85
Transform: AffineTransform_float_3_3
Parameters: 0.999997 -0.00216089 0.000205119 0.0021611 0.999997 -0.000517558 -0.00020488 0.000518444 1 0.0597423 -0.0111546 -0.124559
FixedParameters: 0 0 0

#Transform 86
Transform: AffineTransform_float_3_3
Parameters: 0.999997 -0.00216102 0.000415876 0.00216097 0.999997 5.78988e-05 -0.000416124 -5.71009e-05 1 0.0977141 -0.0695342 -0.106991
FixedParameters: 0 0 0

#Transform 87
Transform: AffineTransform_float_3_3
Parameters: 0.999998 -0.00216081 0.000571718 0.00216119 0.999997 -0.000331765 -0.000571281 0.000333235 1 0.0979431 -0.0264153 -0.106619
FixedParameters: 0 0 0

#Transform 88
Transform: AffineTransform_float_3_3
Parameters: 0.999998 -0.00229384 0.000297275 0.00229417 0.999997 -0.000555319 -0.000296726 0.000555682 1 0.107729 0.000115236 -0.0829829
FixedParameters: 0 0 0

#Transform 89
Transform: AffineTransform_float_3_3
Parameters: 0.999998 -0.00222168 0.000572234 0.00222132 0.999998 -0.00055473 -0.000570768 0.00055527 0.999999 0.100064 -0.0549291 -0.102337
FixedParameters: 0 0 0

#Transform 90
Transform: AffineTransform_float_3_3
Parameters: 0.999997 -0.00258238 0.000639524 0.00258263 0.999996 -0.000976352 -0.000637475 0.00097865 1 0.114186 0.00283974 -0.113844
FixedParameters: 0 0 0

#Transform 91
Transform: AffineTransform_float_3_3
Parameters: 0.999997 -0.00234796 0.000916103 0.00234804 0.999997 -4.28491e-05 -0.000915896 4.51506e-05 0.999999 0.116609 -0.0329471 -0.0861275
FixedParameters: 0 0 0

#Transform 92
Transform: AffineTransform_float_3_3
Parameters: 0.999997 -0.00258208 0.00069342 0.00258292 0.999996 -0.00132321 -0.000689581 0.00132478 0.999999 0.111902 0.0110538 -0.0915678
FixedParameters: 0 0 0

#Transform 93
Transform: AffineTransform_float_3_3
Parameters: 0.999997 -0.00204768 0.00057216 0.00204832 0.999997 -0.000565829 -0.000570839 0.00056717 0.999999 0.0984799 -0.0144099 -0.0512487
FixedParameters: 0 0 0

#Transform 94
Transform: AffineTransform_float_3_3
Parameters: 0.999998 -0.00222449 0.000572986 0.00222551 0.999997 -0.000891728 -0.000571014 0.000893273 1 0.0864419 0.006789 -0.0666177
FixedParameters: 0 0 0

#Transform 95
Transform: AffineTransform_float_3_3
Parameters: 0.999997 -0.00241775 0.000805756 0.00241825 0.999997 -0.000312052 -0.000805243 0.000313948 0.999999 0.106536 0.0227826 -0.0588098
FixedParameters: 0 0 0

#Transform 96
Transform: AffineTransform_float_3_3
Parameters: 0.999996 -0.00258158 0.00101063 0.00258342 0.999995 -0.00140339 -0.00100637 0.0014066 0.999999 0.102827 0.0207141 -0.0958128
FixedParameters: 0 0 0

#Transform 97
Transform: AffineTransform_float_3_3
Parameters: 0.999997 -0.00258258 0.000572896 0.00258342 0.999997 -0.000733523 -0.000571105 0.000734477 0.999999 0.111776 0.00128983 -0.0478271
FixedParameters: 0 0 0

#Transform 98
Transform: AffineTransform_float_3_3
Parameters: 0.999996 -0.00258108 0.0013078 0.00258292 0.999995 -0.00147163 -0.0013042 0.00147437 0.999998 0.112681 -0.00960584 -0.0872655
FixedParameters: 0 0 0

#Transform 99
Transform: AffineTransform_float_3_3
Parameters: 0.999995 -0.00295016 0.00124599 0.00295084 0.999996 -0.000671327 -0.00124401 0.000674674 0.999999 0.124742 -0.0293477 -0.05387
FixedParameters: 0 0 0

#Transform 100
Transform: AffineTransform_float_3_3
Parameters: 0.999996 -0.00295103 0.000808884 0.00295097 0.999995 4.03872e-05 -0.000808115 -3.76154e-05 0.999999 0.128524 0.00182873 -0.0105712
FixedParameters: 0 0 0

#Transform 101
Transform: AffineTransform_float_3_3
Parameters: 0.999995 -0.00271602 0.00109542 0.00271697 0.999996 -0.000889028 -0.00109258 0.000891971 0.999999 0.134126 -0.0425626 -0.0643984
FixedParameters: 0 0 0

#Transform 102
Transform: AffineTransform_float_3_3
Parameters: 0.999995 -0.00288563 0.00117239 0.00288638 0.999995 -0.00117262 -0.00116861 0.00117538 0.999998 0.153739 -0.00606684 -0.0478334
FixedParameters: 0 0 0

#Transform 103
Transform: AffineTransform_float_3_3
Parameters: 0.999995 -0.00271838 0.00123356 0.00271961 0.999995 -0.00130865 -0.00123044 0.00131235 0.999999 0.143626 -0.0622395 -0.086545
FixedParameters: 0 0 0

#Transform 104
Transform: AffineTransform_float_3_3
Parameters: 0.999995 -0.00274955 0.00159451 0.00275045 0.999996 -0.000908619 -0.00159149 0.000913381 0.999999 0.138854 0.0037206 -0.0856386
FixedParameters: 0 0 0

#Transform 105
Transform: AffineTransform_float_3_3
Parameters: 0.999995 -0.00283138 0.00149806 0.00283362 0.999996 -0.00107876 -0.00149494 0.00108324 0.999999 0.154857 -0.0779752 -0.121433
FixedParameters: 0 0 0

#Transform 106
Transform: AffineTransform_float_3_3
Parameters: 0.999995 -0.00281708 0.00143082 0.00281792 0.999996 -0.000642971 -0.00142918 0.000647029 0.999999 0.15674 -0.0484146 -0.0871685
FixedParameters: 0 0 0

#Transform 107
Transform: AffineTransform_float_3_3
Parameters: 0.999994 -0.00307846 0.00193486 0.00307954 0.999995 -0.000275043 -0.00193414 0.000280956 0.999998 0.150065 -0.0273389 -0.131849
FixedParameters: 0 0 0

#Transform 108
Transform: AffineTransform_float_3_3
Parameters: 0.999995 -0.00281932 0.0015394 0.00281967 0.999996 0.000213342 -0.00153959 -0.00020866 0.999999 0.141085 -0.0491645 -0.0899193
FixedParameters: 0 0 0

#Transform 109
Transform: AffineTransform_float_3_3
Parameters: 0.999995 -0.00307876 0.00126059 0.00307924 0.999995 -0.000188119 -0.00125942 0.000191879 0.999999 0.149128 -0.0105119 -0.112615
FixedParameters: 0 0 0

#Transform 110
Transform: AffineTransform_float_3_3
Parameters: 0.999995 -0.00276263 0.00165795 0.00276237 0.999996 0.000383582 -0.00165905 -0.000378418 0.999998 0.16062 0.00069549 -0.0893008
FixedParameters: 0 0 0

#Transform 111
Transform: AffineTransform_float_3_3
Parameters: 0.999994 -0.00308004 0.00151089 0.00307996 0.999995 0.000687657 -0.00151311 -0.000683343 0.999998 0.170958 -0.0235058 -0.0563037
FixedParameters: 0 0 0

#Transform 112
Transform: AffineTransform_float_3_3
Parameters: 0.999995 -0.00273917 0.00120061 0.00273983 0.999996 0.00014529 -0.00120139 -0.00014171 1 0.145249 -0.0265004 -0.0721662
FixedParameters: 0 0 0

#Transform 113
Transform: AffineTransform_float_3_3
Parameters: 0.999997 -0.00245456 0.000609772 0.00245445 0.999997 0.0009085 -0.000612227 -0.000906501 1 0.122534 -0.027222 -0.0292211
FixedParameters: 0 0 0

#Transform 114
Transform: AffineTransform_float_3_3
Parameters: 0.999997 -0.00242249 0.000787565 0.00242251 0.999997 -0.000645094 -0.000786436 0.000646907 1 0.121912 -0.0294442 -0.0395924
FixedParameters: 0 0 0

#Transform 115
Transform: AffineTransform_float_3_3
Parameters: 0.999995 -0.00284517 0.00125188 0.00284583 0.999995 -0.00065844 -0.00125012 0.00066256 0.999999 0.13636 -0.00482827 -0.0602416
FixedParameters: 0 0 0

#Transform 116
Transform: AffineTransform_float_3_3
Parameters: 0.999996 -0.00270374 0.00108365 0.00270426 0.999997 -0.000238071 -0.00108235 0.000240928 1 0.13161 -0.0520997 -0.0326947
FixedParameters: 0 0 0

#Transform 117
Transform: AffineTransform_float_3_3
Parameters: 0.999995 -0.00284483 0.0012776 0.00284617 0.999995 -0.000912368 -0.0012754 0.000915632 0.999999 0.141927 0.00130907 -0.0784492
FixedParameters: 0 0 0

#Transform 118
Transform: AffineTransform_float_3_3
Parameters: 0.999995 -0.00284553 0.00125406 0.00284647 0.999996 -0.000370432 -0.00125294 0.000373567 0.999999 0.15989 -0.0235508 -0.0430154
FixedParameters: 0 0 0

#Transform 119
Transform: AffineTransform_float_3_3
Parameters: 0.999995 -0.00284512 0.00126397 0.00284588 0.999995 -0.000691406 -0.00126203 0.000694594 0.999999 0.167812 -0.0637613 -0.0711191
FixedParameters: 0 0 0

#Transform 120
Transform: AffineTransform_float_3_3
Parameters: 0.999995 -0.00284469 0.0017032 0.00284632 0.999995 -0.000770156 -0.0017018 0.000774845 0.999999 0.165251 0.0443719 -0.0848693
FixedParameters: 0 0 0

#Transform 121
Transform: AffineTransform_float_3_3
Parameters: 0.999995 -0.00289703 0.00170096 0.00289698 0.999996 1.69277e-05 -0.00170104 -1.20721e-05 0.999998 0.161808 -0.065342 -0.117191
FixedParameters: 0 0 0

#Transform 122
Transform: AffineTransform_float_3_3
Parameters: 0.999995 -0.00284488 0.00170288 0.00284613 0.999995 -0.000658157 -0.00170112 0.000662843 0.999999 0.15833 -0.0216771 -0.120581
FixedParameters: 0 0 0

#Transform 123
Transform: AffineTransform_float_3_3
Parameters: 0.999995 -0.00284608 0.00136382 0.00284592 0.999996 6.38816e-05 -0.00136417 -5.91177e-05 0.999999 0.153841 -0.0337392 -0.0781384
FixedParameters: 0 0 0

#Transform 124
Transform: AffineTransform_float_3_3
Parameters: 0.999996 -0.00284586 0.00116934 0.00284614 0.999996 -0.000118672 -0.00116866 0.000121326 1 0.150566 -0.0490581 -0.0542077
FixedParameters: 0 0 0

#Transform 125
Transform: AffineTransform_float_3_3
Parameters: 0.999995 -0.0025882 0.0013536 0.00258779 0.999996 0.000154503 -0.00135339 -0.000150498 0.999999 0.15658 -0.0372983 -0.0465102
FixedParameters: 0 0 0

#Transform 126
Transform: AffineTransform_float_3_3
Parameters: 0.999995 -0.00284479 0.00178793 0.00284621 0.999995 -0.000674915 -0.00178607 0.000680085 0.999998 0.158945 -0.0368034 -0.118473
FixedParameters: 0 0 0

#Transform 127
Transform: AffineTransform_float_3_3
Parameters: 0.999995 -0.00284556 0.00154781 0.00284644 0.999996 -0.000283596 -0.00154718 0.000288404 0.999999 0.160329 -0.0522245 -0.104229
FixedParameters: 0 0 0

#Transform 128
Transform: AffineTransform_float_3_3
Parameters: 0.999994 -0.00295725 0.00178724 0.00295775 0.999995 -0.000417716 -0.00178576 0.000423283 0.999999 0.169295 -0.048935 -0.102346
FixedParameters: 0 0 0

#Transform 129
Transform: AffineTransform_float_3_3
Parameters: 0.999995 -0.00284651 0.00178519 0.00284649 0.999996 0.000287083 -0.00178581 -0.000281918 0.999999 0.165664 -0.0278079 -0.0593793
FixedParameters: 0 0 0

#Transform 130
Transform: AffineTransform_float_3_3
Parameters: 0.999996 -0.00250553 0.00129598 0.00250447 0.999997 0.000408247 -0.00129702 -0.000404752 0.999999 0.153802 -0.026258 -0.0424849
FixedParameters: 0 0 0

#Transform 131
Transform: AffineTransform_float_3_3
Parameters: 0.999995 -0.00284579 0.000814716 0.0028462 0.999996 -0.000250682 -0.000814282 0.000253318 0.999999 0.163951 0.0672955 -0.0544667
FixedParameters: 0 0 0

#Transform 132
Transform: AffineTransform_float_3_3
Parameters: 0.999996 -0.00284584 0.00057976 0.00284615 0.999996 -0.000266351 -0.000579238 0.000268649 1 0.163814 0.0220766 -0.0346734
FixedParameters: 0 0 0

#Transform 133
Transform: AffineTransform_float_3_3
Parameters: 0.999995 -0.00284572 0.000698121 0.00284627 0.999996 -0.000393014 -0.000696878 0.000394985 0.999999 0.164157 -0.0498276 -0.0486019
FixedParameters: 0 0 0

#Transform 134
Transform: AffineTransform_float_3_3
Parameters: 0.999996 -0.00284599 0.00116403 0.00284601 0.999996 -7.68721e-06 -0.00116498 1.03156e-05 1 0.169079 -0.0313951 -0.0376031
FixedParameters: 0 0 0

#Transform 135
Transform: AffineTransform_float_3_3
Parameters: 0.999996 -0.00284513 0.00102342 0.00284587 0.999995 -0.000850091 -0.00102158 0.00085291 0.999999 0.164695 -0.0603926 -0.0702766
FixedParameters: 0 0 0

#Transform 136
Transform: AffineTransform_float_3_3
Parameters: 0.999996 -0.00284548 0.00107539 0.00284552 0.999996 -0.000485942 -0.00107361 0.000489057 1 0.164718 -0.019697 -0.0279541
FixedParameters: 0 0 0

#Transform 137
Transform: AffineTransform_float_3_3
Parameters: 0.999996 -0.00284501 0.00116342 0.00284599 0.999995 -0.000849693 -0.00116058 0.000853306 0.999999 0.16006 -0.0115618 -0.0664991
FixedParameters: 0 0 0

#Transform 138
Transform: AffineTransform_float_3_3
Parameters: 0.999994 -0.00278202 0.00176054 0.00278297 0.999996 -0.000551104 -0.00175946 0.000555898 0.999999 0.159206 -0.0626191 -0.0691753
FixedParameters: 0 0 0

#Transform 139
Transform: AffineTransform_float_3_3
Parameters: 0.999995 -0.00284489 0.00130542 0.00284611 0.999995 -0.000849288 -0.00130358 0.000853712 0.999999 0.164946 -0.0355966 -0.0857624
FixedParameters: 0 0 0

#Transform 140
Transform: AffineTransform_float_3_3
Parameters: 0.999994 -0.00299966 0.00124424 0.00300134 0.999995 -0.00107727 -0.00124076 0.00108073 0.999998 0.169751 0.0253789 -0.0874212
FixedParameters: 0 0 0

#Transform 141
Transform: AffineTransform_float_3_3
Parameters: 0.999995 -0.00284633 0.00124025 0.00284567 0.999996 0.000265531 -0.00124075 -0.00026247 0.999999 0.192402 -0.0611874 -0.0685713
FixedParameters: 0 0 0

#Transform 142
Transform: AffineTransform_float_3_3
Parameters: 0.999995 -0.00297279 0.00124151 0.00297321 0.999995 -0.00016931 -0.00124049 0.000172689 0.999999 0.19643 -0.0240568 -0.0672074
FixedParameters: 0 0 0

#Transform 143
Transform: AffineTransform_float_3_3
Parameters: 0.999995 -0.00311536 0.0012401 0.00311464 0.999995 0.000289864 -0.0012409 -0.000286136 0.999999 0.201113 -0.0019905 -0.0340275
FixedParameters: 0 0 0

#Transform 144
Transform: AffineTransform_float_3_3
Parameters: 0.999995 -0.00310134 0.00124016 0.00310067 0.999995 0.000272847 -0.00124084 -0.000269153 0.999999 0.216486 0.0227319 -0.0171147
FixedParameters: 0 0 0

#Transform 145
Transform: AffineTransform_float_3_3
Parameters: 0.999994 -0.00330928 0.00124291 0.00330972 0.999995 -0.00057589 -0.00124109 0.000580111 0.999999 0.233123 -0.0249976 -0.0594581
FixedParameters: 0 0 0

#Transform 146
Transform: AffineTransform_float_3_3
Parameters: 0.999993 -0.00338279 0.00124158 0.00338221 0.999995 -0.000168802 -0.00124142 0.000173201 0.999999 0.243528 -0.0118995 -0.0197095
FixedParameters: 0 0 0

#Transform 147
Transform: AffineTransform_float_3_3
Parameters: 0.999995 -0.00312424 0.0012429 0.00312476 0.999995 -0.00060712 -0.0012411 0.000610881 0.999999 0.230483 -0.0578705 -0.00540373
FixedParameters: 0 0 0

#Transform 148
Transform: AffineTransform_float_3_3
Parameters: 0.999993 -0.00336221 0.00124314 0.00336379 0.999994 -0.000634823 -0.00124086 0.000639176 0.999999 0.227924 0.00453635 -0.0174002
FixedParameters: 0 0 0

#Transform 149
Transform: AffineTransform_float_3_3
Parameters: 0.999994 -0.00303558 0.00124203 0.00303542 0.999996 -0.000337232 -0.00124097 0.000340769 0.999999 0.229856 -0.0466773 0.0256727
FixedParameters: 0 0 0

#Transform 150
Transform: AffineTransform_float_3_3
Parameters: 0.999993 -0.00336144 0.00124521 0.00336355 0.999993 -0.00124982 -0.00124079 0.00125418 0.999999 0.23635 -0.000613921 -0.0314729
FixedParameters: 0 0 0

#Transform 151
Transform: AffineTransform_float_3_3
Parameters: 0.999993 -0.00336255 0.00124223 0.00336345 0.999995 -0.000362824 -0.00124077 0.000367175 0.999999 0.245896 -0.0597256 -0.00998625
FixedParameters: 0 0 0

#Transform 152
Transform: AffineTransform_float_3_3
Parameters: 0.999993 -0.00367192 0.00124714 0.00367408 0.999992 -0.00166943 -0.00124086 0.00167357 0.999998 0.246507 -0.0240275 -0.0459369
FixedParameters: 0 0 0

#Transform 153
Transform: AffineTransform_float_3_3
Parameters: 0.999993 -0.00336289 0.00124129 0.00336311 0.999995 -8.3826e-05 -0.00124071 8.8173e-05 0.999999 0.227911 0.0133727 -0.00412631
FixedParameters: 0 0 0

#Transform 154
Transform: AffineTransform_float_3_3
Parameters: 0.999993 -0.00336193 0.00130975 0.00336307 0.999994 -0.0008146 -0.00130725 0.0008194 0.999999 0.203426 -0.0357942 -0.0453028
FixedParameters: 0 0 0

#Transform 155
Transform: AffineTransform_float_3_3
Parameters: 0.999994 -0.0033631 0.000490325 0.0033639 0.999995 0.000201651 -0.000490677 -0.000200351 1 0.209021 0.0172803 0.0201773
FixedParameters: 0 0 0

#Transform 156
Transform: AffineTransform_float_3_3
Parameters: 0.999995 -0.00313643 0.000601783 0.00313557 0.999995 0.00070789 -0.000604217 -0.000706108 0.999999 0.219805 -0.00910071 0.0446496
FixedParameters: 0 0 0

#Transform 157
Transform: AffineTransform_float_3_3
Parameters: 0.999995 -0.00308083 0.000761683 0.00308117 0.999995 -0.000220654 -0.000761315 0.000223347 0.999999 0.218079 0.0137602 -0.00915986
FixedParameters: 0 0 0

#Transform 158
Transform: AffineTransform_float_3_3
Parameters: 0.999995 -0.00288873 0.000664147 0.00288926 0.999995 -0.000396083 -0.000662853 0.000397916 0.999999 0.193762 -0.0282257 0.0161531
FixedParameters: 0 0 0

#Transform 159
Transform: AffineTransform_float_3_3
Parameters: 0.999995 -0.00288876 0.000489419 0.00288924 0.999995 -0.000490588 -0.000487579 0.00049241 1 0.174557 -0.0150836 0.0283226
FixedParameters: 0 0 0

#Transform 160
Transform: AffineTransform_float_3_3
Parameters: 0.999996 -0.00288916 -0.000288343 0.00288883 0.999995 -0.000573835 0.000289657 0.000573165 1 0.163832 -0.0152842 0.0679289
FixedParameters: 0 0 0

#Transform 161
Transform: AffineTransform_float_3_3
Parameters: 0.999996 -0.00288884 0.000119928 0.00288916 0.999995 -0.00135966 -0.000116073 0.00135934 0.999999 0.16852 -0.0288688 0.0812172
FixedParameters: 0 0 0

#Transform 162
Transform: AffineTransform_float_3_3
Parameters: 0.999995 -0.00288767 0.000632109 0.00288933 0.999993 -0.00211418 -0.00062589 0.00211581 0.999997 0.161319 0.0151227 0.0256804
FixedParameters: 0 0 0

#Transform 163
Transform: AffineTransform_float_3_3
Parameters: 0.999996 -0.0028891 -0.000111541 0.0028889 0.999996 -0.000851326 0.000114458 0.000850673 0.999999 0.124684 -0.0120785 0.0798715
FixedParameters: 0 0 0

#Transform 164
Transform: AffineTransform_float_3_3
Parameters: 0.999997 -0.00252984 0.000254532 0.00253015 0.999996 -0.000605358 -0.000252468 0.00060564 1 0.0987453 -0.0520822 0.102645
FixedParameters: 0 0 0

#Transform 165
Transform: AffineTransform_float_3_3
Parameters: 0.999996 -0.0028891 -0.000111376 0.0028889 0.999996 -0.000908326 0.000114623 0.000907673 0.999999 0.11089 0.0270166 0.0984676
FixedParameters: 0 0 0

#Transform 166
Transform: AffineTransform_float_3_3
Parameters: 0.999997 -0.00266101 -1.17887e-05 0.00266099 0.999996 -0.000831034 1.42112e-05 0.000830965 0.999999 0.105756 -0.015373 0.0774555
FixedParameters: 0 0 0

#Transform 167
Transform: AffineTransform_float_3_3
Parameters: 0.999996 -0.00256439 -0.000588295 0.00256461 0.999997 -0.000665511 0.000589703 0.00066349 0.999999 0.0964961 0.0376477 0.0890296
FixedParameters: 0 0 0

#Transform 168
Transform: AffineTransform_float_3_3
Parameters: 0.999997 -0.00250195 0.000215542 0.00250205 0.999997 -0.000216461 -0.000215459 0.00021654 1 0.112373 0.0116465 0.0583899
FixedParameters: 0 0 0

#Transform 169
Transform: AffineTransform_float_3_3
Parameters: 0.999996 -0.00251054 0.000635803 0.00251145 0.999996 -0.000717405 -0.000634197 0.000718594 0.999999 0.0968072 -0.0167798 0.058952
FixedParameters: 0 0 0

#Transform 170
Transform: AffineTransform_float_3_3
Parameters: 0.999997 -0.00252815 0.000213182 0.00252784 0.999996 0.000719541 -0.000215817 -0.000718456 0.999999 0.113342 -0.0364815 0.115748
FixedParameters: 0 0 0

#Transform 171
Transform: AffineTransform_float_3_3
Parameters: 0.999997 -0.00240901 0.000152896 0.00240899 0.999997 4.33685e-05 -0.000153106 -4.36313e-05 1 0.101087 0.0203745 0.109537
FixedParameters: 0 0 0

#Transform 172
Transform: AffineTransform_float_3_3
Parameters: 0.999997 -0.00228927 -0.00101466 0.00228973 0.999997 0.000723679 0.00101234 -0.00072532 0.999999 0.0856911 0.0440765 0.194696
FixedParameters: 0 0 0

#Transform 173
Transform: AffineTransform_float_3_3
Parameters: 0.999997 -0.00227876 -0.000811859 0.00227824 0.999997 -0.000940853 0.000814142 0.000939148 0.999999 0.0705893 0.0515742 0.10894
FixedParameters: 0 0 0

#Transform 174
Transform: AffineTransform_float_3_3
Parameters: 0.999996 -0.00267085 -0.000606655 0.00267115 0.999997 0.00024438 0.000606346 -0.00024562 1 0.0695982 -0.00485566 0.131471
FixedParameters: 0 0 0

#Transform 175
Transform: AffineTransform_float_3_3
Parameters: 0.999998 -0.00226311 -0.000275076 0.00226389 0.999998 -0.000408624 0.000275925 0.000408377 1 0.0581033 -0.0508412 0.102917
FixedParameters: 0 0 0

#Transform 176
Transform: AffineTransform_float_3_3
Parameters: 0.999996 -0.00227451 -0.00117095 0.00227549 0.999998 0.000415337 0.00117005 -0.000417663 0.999999 0.0699993 0.010502 0.177531
FixedParameters: 0 0 0

#Transform 177
Transform: AffineTransform_float_3_3
Parameters: 0.999997 -0.00224773 -0.00117244 0.00224927 0.999997 0.00108437 0.00116956 -0.00108663 0.999998 0.0692607 -0.0257022 0.199126
FixedParameters: 0 0 0

#Transform 178
Transform: AffineTransform_float_3_3
Parameters: 0.999997 -0.00219049 -0.000624283 0.00219051 0.999998 -0.00078437 0.000625716 0.000782632 1 0.0556002 0.0552833 0.177181
FixedParameters: 0 0 0

#Transform 179
Transform: AffineTransform_float_3_3
Parameters: 0.999996 -0.00230757 -0.00112184 0.00230643 0.999997 -0.000505589 0.00112316 0.00050241 0.999999 0.0709547 0.0242574 0.215327
FixedParameters: 0 0 0

#Transform 180
Transform: AffineTransform_float_3_3
Parameters: 0.999996 -0.0023072 -0.00163173 0.00230681 0.999998 -0.000120765 0.00163227 0.000117234 0.999998 0.08032 0.0183016 0.227636
FixedParameters: 0 0 0

#Transform 181
Transform: AffineTransform_float_3_3
Parameters: 0.999996 -0.00237714 -0.00162888 0.00237486 0.999997 -0.00131387 0.00163212 0.00131013 0.999998 0.0724781 0.0588457 0.211598
FixedParameters: 0 0 0

#Transform 182
Transform: AffineTransform_float_3_3
Parameters: 0.999995 -0.00245324 -0.00163314 0.00245376 0.999997 0.000460995 0.00163286 -0.000465008 0.999999 0.0769347 0.0743114 0.256156
FixedParameters: 0 0 0

#Transform 183
Transform: AffineTransform_float_3_3
Parameters: 0.999995 -0.00272734 -0.0016331 0.00272866 0.999996 0.000399546 0.0016329 -0.000404455 0.999998 0.0938056 0.0775935 0.245854
FixedParameters: 0 0 0

#Transform 184
Transform: AffineTransform_float_3_3
Parameters: 0.999997 -0.00237516 -0.00129771 0.00237484 0.999997 -0.000123082 0.00129829 0.000119917 0.999999 0.0731164 0.0243188 0.202483
FixedParameters: 0 0 0

#Transform 185
Transform: AffineTransform_float_3_3
Parameters: 0.999996 -0.00253458 -0.000623698 0.00253442 0.999996 0.000669421 0.000622302 -0.000670579 0.999999 0.0841639 0.0524407 0.24157
FixedParameters: 0 0 0

#Transform 186
Transform: AffineTransform_float_3_3
Parameters: 0.999995 -0.0027279 -0.00148919 0.00272811 0.999997 6.89377e-05 0.00148881 -7.30617e-05 0.999999 0.0880694 0.0737597 0.259847
FixedParameters: 0 0 0

#Transform 187
Transform: AffineTransform_float_3_3
