# transform file /out/sourcedata/freesurfer/sub-v2s2x29071_ses-1/mri/transforms/cc_up.lta
# created by oesteban on Thu Mar 12 23:22:37 2026

type      = 0 # LINEAR_VOX_TO_VOX
nxforms   = 1
mean      = 130.0000 135.0000 118.0000
sigma     = 10000.0000
1 4 4
9.990455508232117e-01 -4.364953562617302e-02 1.659178291447461e-03 4.437622070312500e+00 
4.364947602152824e-02 9.990469217300415e-01 7.249144982779399e-05 4.488841533660889e+00 
-1.660761190578341e-03 0.000000000000000e+00 9.999986290931702e-01 1.921382141113281e+01 
0.000000000000000e+00 0.000000000000000e+00 0.000000000000000e+00 1.000000000000000e+00 
src volume info
valid = 1  # volume info valid
filename = /out/sourcedata/freesurfer/sub-v2s2x29071_ses-1/mri/norm.mgz
volume = 256 256 256
voxelsize = 8.984375596046448e-01 8.984375596046448e-01 8.984375596046448e-01
xras   = -1.000000000000000e+00 0.000000000000000e+00 0.000000000000000e+00
yras   = 0.000000000000000e+00 0.000000000000000e+00 -1.000000119209290e+00
zras   = 0.000000000000000e+00 1.000000000000000e+00 0.000000000000000e+00
cras   = 2.803443908691406e+00 -9.436141967773438e+00 1.956711578369141e+01
dst volume info
valid = 1  # volume info valid
filename = /out/sourcedata/freesurfer/sub-v2s2x29071_ses-1/mri/norm.mgz
volume = 256 256 256
voxelsize = 8.984375596046448e-01 8.984375596046448e-01 8.984375596046448e-01
xras   = -1.000000000000000e+00 0.000000000000000e+00 0.000000000000000e+00
yras   = 0.000000000000000e+00 0.000000000000000e+00 -1.000000119209290e+00
zras   = 0.000000000000000e+00 1.000000000000000e+00 0.000000000000000e+00
cras   = 2.803443908691406e+00 -9.436141967773438e+00 1.956711578369141e+01
