#Insight Transform File V1.0
#Transform 0
Transform: AffineTransform_float_3_3
Parameters: 0.999999 0.000528342 0.000768452 -0.000528657 0.999999 0.000855594 -0.000767548 -0.000856406 1 0.00449665 -0.0201391 0.14241
FixedParameters: 0 0 0

#Transform 1
Transform: AffineTransform_float_3_3
Parameters: 0.999999 0.000529727 0.000767498 -0.000529273 1 -0.000947407 -0.000767501 0.000946594 1 0.00442107 -0.0221646 0.0454036
FixedParameters: 0 0 0

#Transform 2
Transform: AffineTransform_float_3_3
Parameters: 0.999999 0.00124464 0.000766954 -0.00124435 0.999999 -0.000840955 -0.000768046 0.000840045 1 -0.0419663 -0.0280516 0.0423245
FixedParameters: 0 0 0

#Transform 3
Transform: AffineTransform_float_3_3
Parameters: 0.999999 0.00142545 0.000552841 -0.00142455 0.999998 -0.000813789 -0.000553159 0.000813213 1 -0.0571405 -0.00302394 0.0259841
FixedParameters: 0 0 0

#Transform 4
Transform: AffineTransform_float_3_3
Parameters: 0.999999 0.00142539 0.000335334 -0.00142461 0.999999 -0.00116948 -0.000336665 0.00116852 1 -0.0589678 -0.0248108 0.0349885
FixedParameters: 0 0 0

#Transform 5
Transform: AffineTransform_float_3_3
Parameters: 0.999999 0.00142542 0.000335231 -0.00142458 0.999998 -0.00124148 -0.000336768 0.00124052 0.999999 -0.0683892 0.0284321 0.0134591
FixedParameters: 0 0 0

#Transform 6
Transform: AffineTransform_float_3_3
Parameters: 0.999999 0.00152306 0.000886184 -0.00152194 0.999998 -0.00119335 -0.000887817 0.00119265 0.999999 -0.083365 -0.00432856 -0.00131959
FixedParameters: 0 0 0

#Transform 7
Transform: AffineTransform_float_3_3
Parameters: 0.999999 0.00142526 0.000335914 -0.00142474 0.999998 -0.000762479 -0.000337087 0.00076252 0.999999 -0.0696445 0.00922694 0.0165673
FixedParameters: 0 0 0

#Transform 8
Transform: AffineTransform_float_3_3
Parameters: 0.999999 0.00142513 0.000336435 -0.00142487 0.999999 -0.00039648 -0.000336565 0.000396521 1 -0.0590053 -0.0330395 -0.00599884
FixedParameters: 0 0 0

#Transform 9
Transform: AffineTransform_float_3_3
Parameters: 0.999998 0.00142628 0.000866897 -0.00142472 0.999998 -0.00147524 -0.000869101 0.00147376 0.999998 -0.0662436 -0.0184209 -0.0207459
FixedParameters: 0 0 0

#Transform 10
Transform: AffineTransform_float_3_3
Parameters: 0.999998 0.00142613 0.000867145 -0.00142487 0.999998 -0.00130124 -0.000868853 0.00129976 0.999999 -0.0661735 0.0198541 -0.0143499
FixedParameters: 0 0 0

#Transform 11
Transform: AffineTransform_float_3_3
Parameters: 1 0.00106338 0.000341807 -0.00106262 0.999999 -0.00112236 -0.000343194 0.00112264 1 -0.049835 -0.0103058 -0.0245357
FixedParameters: 0 0 0

#Transform 12
Transform: AffineTransform_float_3_3
Parameters: 1 0.00108969 0.000496494 -0.00108831 0.999998 -0.00138254 -0.000498505 0.00138246 0.999999 -0.0525058 0.0677111 -0.032089
FixedParameters: 0 0 0

#Transform 13
Transform: AffineTransform_float_3_3
Parameters: 1 0.00101134 0.00034099 -0.00101066 0.999999 -0.000999346 -0.00034201 0.000998655 1 -0.0485049 0.0170164 -0.0142874
FixedParameters: 0 0 0

#Transform 14
Transform: AffineTransform_float_3_3
Parameters: 0.999999 0.000865346 0.000235731 -0.000864654 0.999998 -0.0014672 -0.000236269 0.0014678 0.999999 -0.0434166 0.0243778 -0.0325772
FixedParameters: 0 0 0

#Transform 15
Transform: AffineTransform_float_3_3
Parameters: 1 0.000228006 -5.89767e-05 -0.000227994 1 0.000102013 5.90233e-05 -0.000101987 1 -0.00706145 -0.0284464 0.0530035
FixedParameters: 0 0 0

#Transform 16
Transform: AffineTransform_float_3_3
Parameters: 1 0.000335846 -0.000190272 -0.000336154 0.999999 -0.000810936 0.000189727 0.000811063 0.999999 0.0059658 -0.0168523 -0.0277205
FixedParameters: 0 0 0

#Transform 17
Transform: AffineTransform_float_3_3
Parameters: 1 -0.00030701 -2.08471e-05 0.000306989 1 -0.000498006 2.11529e-05 0.000497993 1 0.0109273 -0.00266395 -0.0073896
FixedParameters: 0 0 0

#Transform 18
Transform: AffineTransform_float_3_3
Parameters: 1 -6.60014e-05 -2.39962e-05 6.59986e-05 1 -5.70016e-05 2.40038e-05 5.69984e-05 1 0.00481636 -0.0244581 -0.00113412
FixedParameters: 0 0 0

#Transform 19
Transform: AffineTransform_float_3_3
Parameters: 1 0.000336209 0.000383817 -0.000335791 1 -0.000545129 -0.000384183 0.000544871 1 -0.0110344 0.0331716 -0.029002
FixedParameters: 0 0 0

#Transform 20
Transform: AffineTransform_float_3_3
Parameters: 1 0.000336007 -8.09721e-05 -0.000335993 1 8.30272e-05 8.10279e-05 -8.29728e-05 1 -0.00468376 0.024645 0.00108582
FixedParameters: 0 0 0

#Transform 21
Transform: AffineTransform_float_3_3
Parameters: 1 0.000335914 -0.000199145 -0.000336086 1 -0.000431933 0.000198855 0.000432067 1 -0.000920103 0.0583061 -0.0356159
FixedParameters: 0 0 0

#Transform 22
Transform: AffineTransform_float_3_3
Parameters: 1 0.000336166 0.000383855 -0.000335834 1 -0.000432129 -0.000384145 0.000431871 1 -0.0110383 0.00693801 -0.0345118
FixedParameters: 0 0 0

#Transform 23
Transform: AffineTransform_float_3_3
Parameters: 0.999999 0.00102392 0.000872275 -0.00102508 0.999998 0.00124411 -0.000870725 -0.00124489 0.999999 -0.0505511 -0.00809812 0.0547024
FixedParameters: 0 0 0

#Transform 24
Transform: AffineTransform_float_3_3
Parameters: 1 0.000579005 -0.000152981 -0.000578995 1 3.20886e-05 0.000153018 -3.19114e-05 1 -0.0178896 0.0441435 -0.0179657
FixedParameters: 0 0 0

#Transform 25
Transform: AffineTransform_float_3_3
Parameters: 1 0.000415903 -0.000258156 -0.000416097 1 -0.000375893 0.000257844 0.000375107 1 -0.0042085 0.0689751 -0.0276552
FixedParameters: 0 0 0

#Transform 26
Transform: AffineTransform_float_3_3
Parameters: 1 0.000310198 -0.000371835 -0.000309802 1 0.000533115 0.000372165 -0.000532884 1 0.0123159 0.0464635 -0.0223649
FixedParameters: 0 0 0

#Transform 27
Transform: AffineTransform_float_3_3
Parameters: 0.999999 0.000459359 -0.00059072 -0.00045864 0.999999 0.000609271 0.000591279 -0.000608728 0.999999 0.00807788 0.0347506 -0.0351458
FixedParameters: 0 0 0

#Transform 28
Transform: AffineTransform_float_3_3
Parameters: 1 0.000248476 -0.000221466 -0.000247522 0.999997 0.00214905 0.000222532 -0.00214894 0.999997 0.0156127 0.0154629 0.00152031
FixedParameters: 0 0 0

#Transform 29
Transform: AffineTransform_float_3_3
Parameters: 0.999999 0.000248298 -0.000725557 -0.000246703 0.999999 0.00178918 0.000725442 -0.00178882 0.999998 0.0225009 0.0322573 -0.0450289
FixedParameters: 0 0 0

#Transform 30
Transform: AffineTransform_float_3_3
Parameters: 0.999999 -3.54947e-05 -0.000811067 3.75051e-05 0.999999 0.00185597 0.000810931 -0.00185603 0.999998 0.0308705 -0.0180867 -0.0803631
FixedParameters: 0 0 0

#Transform 31
Transform: AffineTransform_float_3_3
Parameters: 0.999999 -0.000379207 -0.00081184 0.000380794 0.999998 0.00220969 0.00081116 -0.00221031 0.999997 0.0395991 0.0618105 -0.0462406
FixedParameters: 0 0 0

#Transform 32
Transform: AffineTransform_float_3_3
Parameters: 1 -0.000807961 -0.000813033 0.000810041 0.999997 0.00251235 0.000810968 -0.00251266 0.999997 0.0704228 0.0780319 -0.054089
FixedParameters: 0 0 0

#Transform 33
Transform: AffineTransform_float_3_3
Parameters: 0.999999 -0.000982152 -0.000814447 0.000984851 0.999994 0.0035042 0.000811552 -0.0035058 0.999993 0.0918791 0.0202991 -0.0208107
FixedParameters: 0 0 0

#Transform 34
Transform: AffineTransform_float_3_3
Parameters: 0.999999 -0.000982722 -0.000813758 0.000985278 0.999995 0.0028032 0.000811241 -0.0028038 0.999995 0.0918325 0.075945 -0.0273044
FixedParameters: 0 0 0

#Transform 35
Transform: AffineTransform_float_3_3
Parameters: 0.999999 -0.000413064 -0.000811987 0.000414935 0.999997 0.00238466 0.000811012 -0.00238534 0.999997 0.0718344 0.00699661 -0.0420455
FixedParameters: 0 0 0

#Transform 36
Transform: AffineTransform_float_3_3
Parameters: 0.999999 -0.000883091 -0.00125476 0.000886909 0.999994 0.00311789 0.00125224 -0.00311911 0.999995 0.0952199 0.000415302 0.0138796
FixedParameters: 0 0 0

#Transform 37
Transform: AffineTransform_float_3_3
Parameters: 1 -0.000823341 -0.0008137 0.000825661 0.999995 0.00327333 0.000811302 -0.00327367 0.999995 0.101321 -0.0495483 -0.0243258
FixedParameters: 0 0 0

#Transform 38
Transform: AffineTransform_float_3_3
Parameters: 0.999999 -0.000982745 -0.00104507 0.000986254 0.999994 0.00311797 0.00104193 -0.00311902 0.999994 0.0950563 -0.00284452 -0.017729
FixedParameters: 0 0 0

#Transform 39
Transform: AffineTransform_float_3_3
Parameters: 0.999999 -0.000845008 -0.00158122 0.000850992 0.999993 0.00379266 0.00157778 -0.00379434 0.999991 0.098808 0.0192195 -0.00517297
FixedParameters: 0 0 0

#Transform 40
Transform: AffineTransform_float_3_3
Parameters: 0.999999 -0.00086826 -0.00119845 0.000872742 0.999992 0.00395996 0.00119555 -0.00396104 0.999992 0.109496 0.0172071 -0.00610585
FixedParameters: 0 0 0

#Transform 41
Transform: AffineTransform_float_3_3
Parameters: 0.999999 -0.00136204 -0.000726475 0.00136596 0.999984 0.00548001 0.000719524 -0.00548099 0.999984 0.100483 -0.0280815 0.0147969
FixedParameters: 0 0 0

#Transform 42
Transform: AffineTransform_float_3_3
Parameters: 1 -0.000949687 -0.00038476 0.000952315 0.999981 0.00605764 0.000379238 -0.00605836 0.999981 0.107512 0.0630309 -0.00886089
FixedParameters: 0 0 0

#Transform 43
Transform: AffineTransform_float_3_3
Parameters: 1 -0.000214604 -0.000263144 0.000215395 0.999986 0.00531594 0.000261859 -0.00531605 0.999986 0.0751064 0.0417961 -0.0169957
FixedParameters: 0 0 0

#Transform 44
Transform: AffineTransform_float_3_3
Parameters: 1 -0.00042477 -0.00102361 0.000431233 0.999982 0.00609456 0.00102139 -0.00609444 0.999981 0.10972 -0.0228414 0.0643689
FixedParameters: 0 0 0

#Transform 45
Transform: AffineTransform_float_3_3
Parameters: 0.999999 -0.000212388 -0.000867892 0.000215612 0.999992 0.00416382 0.000867109 -0.00416419 0.999991 0.0959587 0.0697327 -0.0237152
FixedParameters: 0 0 0

#Transform 46
Transform: AffineTransform_float_3_3
Parameters: 1 -0.000553434 -0.00107488 0.000558568 0.999987 0.00518541 0.00107212 -0.0051856 0.999986 0.0960748 0.00496398 0.0632312
FixedParameters: 0 0 0

#Transform 47
Transform: AffineTransform_float_3_3
Parameters: 0.999999 -0.000645609 -0.00117598 0.000651392 0.99999 0.00459024 0.00117302 -0.00459076 0.999989 0.111114 -0.00490772 0.0374944
FixedParameters: 0 0 0

#Transform 48
Transform: AffineTransform_float_3_3
Parameters: 0.999999 -0.00102545 -0.00117873 0.00103255 0.999984 0.00556979 0.00117227 -0.00557121 0.999984 0.120685 0.0510422 0.0734849
FixedParameters: 0 0 0

#Transform 49
Transform: AffineTransform_float_3_3
Parameters: 0.999999 -0.000742746 -0.00117633 0.000748252 0.999989 0.00447212 0.00117267 -0.00447288 0.99999 0.113683 0.012345 -0.00512968
FixedParameters: 0 0 0

#Transform 50
Transform: AffineTransform_float_3_3
Parameters: 0.999999 -0.00106299 -0.000996451 0.00106901 0.999981 0.00605094 0.000990549 -0.00605206 0.999981 0.108284 0.0130639 0.0508299
FixedParameters: 0 0 0

#Transform 51
Transform: AffineTransform_float_3_3
Parameters: 0.999999 -0.00143364 -0.00118077 0.00144037 0.999985 0.00540831 0.00117323 -0.00540969 0.999984 0.131205 0.00439812 0.0262127
FixedParameters: 0 0 0

#Transform 52
Transform: AffineTransform_float_3_3
Parameters: 0.999998 -0.00143287 -0.0012393 0.00144014 0.999983 0.00577622 0.0012317 -0.00577777 0.999982 0.138076 0.00631932 0.0257727
FixedParameters: 0 0 0

#Transform 53
Transform: AffineTransform_float_3_3
Parameters: 0.999995 -0.00267519 -0.00119295 0.00268481 0.999968 0.00744282 0.00117304 -0.00744616 0.999971 0.190591 -0.0140228 0.105881
FixedParameters: 0 0 0

#Transform 54
Transform: AffineTransform_float_3_3
Parameters: 0.999997 -0.00216245 -0.000415518 0.00216555 0.999978 0.00624712 0.000401476 -0.00624889 0.999981 0.191923 -0.0110157 0.0371872
FixedParameters: 0 0 0

#Transform 55
Transform: AffineTransform_float_3_3
Parameters: 0.999998 -0.00199022 -0.000660491 0.00199478 0.999982 0.0057677 0.000649504 -0.00576931 0.999983 0.171717 0.0370608 0.0562792
FixedParameters: 0 0 0

#Transform 56
Transform: AffineTransform_float_3_3
Parameters: 0.999998 -0.00141874 -0.000849154 0.00142326 0.999987 0.0050348 0.000841843 -0.0050362 0.999987 0.152743 0.0318099 0.00420129
FixedParameters: 0 0 0

#Transform 57
Transform: AffineTransform_float_3_3
Parameters: 0.999999 -0.00142062 -0.000460409 0.00142338 0.999986 0.00521035 0.000453589 -0.00521165 0.999987 0.134263 0.0167354 0.0506476
FixedParameters: 0 0 0

#Transform 58
Transform: AffineTransform_float_3_3
Parameters: 0.999998 -0.00182067 -0.000856271 0.00182433 0.999986 0.00508545 0.000846733 -0.00508655 0.999986 0.159854 0.0220323 0.0358286
FixedParameters: 0 0 0

#Transform 59
Transform: AffineTransform_float_3_3
Parameters: 0.999999 -0.00169072 -0.000550174 0.00169328 0.999981 0.00601108 0.000539831 -0.00601192 0.999982 0.152877 0.0298513 0.0667649
FixedParameters: 0 0 0

#Transform 60
Transform: AffineTransform_float_3_3
Parameters: 0.999998 -0.00193753 -0.000322221 0.00193947 0.999968 0.00785039 0.000306782 -0.00785161 0.999969 0.176873 0.0389402 0.118425
FixedParameters: 0 0 0

#Transform 61
Transform: AffineTransform_float_3_3
Parameters: 0.999998 -0.00191153 -0.000701102 0.00191747 0.999967 0.00788867 0.000685895 -0.00788933 0.999968 0.181529 -0.0103711 0.0906796
FixedParameters: 0 0 0

#Transform 62
Transform: AffineTransform_float_3_3
Parameters: 0.999997 -0.00244298 -0.000372403 0.00244602 0.999962 0.00834612 0.000351597 -0.00834689 0.999965 0.207725 0.0178026 0.110507
FixedParameters: 0 0 0

#Transform 63
Transform: AffineTransform_float_3_3
Parameters: 0.999999 -0.00168483 -0.000696176 0.00168917 0.999981 0.00603183 0.000685822 -0.00603317 0.999981 0.171282 0.0775092 0.0202245
FixedParameters: 0 0 0

#Transform 64
Transform: AffineTransform_float_3_3
Parameters: 0.999999 -0.00144953 -0.000615238 0.00145347 0.999983 0.00567611 0.000606759 -0.00567688 0.999983 0.152087 0.0276941 -0.000452201
FixedParameters: 0 0 0

#Transform 65
Transform: AffineTransform_float_3_3
Parameters: 0.999999 -0.00102935 -0.000954228 0.00103565 0.999975 0.00699902 0.000946774 -0.00699998 0.999975 0.130921 -0.00828057 0.0755817
FixedParameters: 0 0 0

#Transform 66
Transform: AffineTransform_float_3_3
Parameters: 0.999999 -0.00103194 -0.000692101 0.00103606 0.999982 0.00589929 0.0006859 -0.00589971 0.999983 0.130998 -0.00756001 0.065551
FixedParameters: 0 0 0

#Transform 67
Transform: AffineTransform_float_3_3
Parameters: 0.999999 -0.00133363 -0.000694462 0.00133837 0.999979 0.00633408 0.000685536 -0.00633492 0.999979 0.135081 0.0163977 0.0739494
FixedParameters: 0 0 0

#Transform 68
Transform: AffineTransform_float_3_3
Parameters: 0.999999 -0.0011374 -0.0009418 0.0011426 0.999981 0.00596393 0.000935201 -0.00596507 0.999982 0.133502 5.51741e-05 0.0567464
FixedParameters: 0 0 0

#Transform 69
Transform: AffineTransform_float_3_3
Parameters: 0.999998 -0.00145101 -0.00084042 0.00145699 0.999974 0.00716579 0.000830579 -0.00716722 0.999974 0.139931 0.0492136 0.12666
FixedParameters: 0 0 0

#Transform 70
Transform: AffineTransform_float_3_3
Parameters: 0.999999 -0.00122994 -0.000879125 0.00123506 0.999982 0.00578092 0.000871874 -0.00578208 0.999983 0.120955 0.0101203 0.0330218
FixedParameters: 0 0 0

#Transform 71
Transform: AffineTransform_float_3_3
Parameters: 0.999999 -0.00114604 -0.000485059 0.00114896 0.999981 0.00615145 0.00047794 -0.00615255 0.999981 0.114836 0.0027035 0.0302098
FixedParameters: 0 0 0

#Transform 72
Transform: AffineTransform_float_3_3
Parameters: 0.999999 -0.00141024 -0.00011573 0.00141076 0.999975 0.00689785 0.000105272 -0.00689716 0.999976 0.111206 -0.00902368 0.0188989
FixedParameters: 0 0 0

#Transform 73
Transform: AffineTransform_float_3_3
Parameters: 0.999999 -0.00123248 -0.00038614 0.00123553 0.999978 0.00659753 0.000378857 -0.00659748 0.999978 0.105462 -0.00692865 0.00428817
FixedParameters: 0 0 0

#Transform 74
Transform: AffineTransform_float_3_3
Parameters: 0.999999 -0.00150774 -0.000169553 0.00150926 0.999969 0.00765875 0.000158445 -0.00765924 0.99997 0.113519 0.0105009 0.0500223
FixedParameters: 0 0 0

#Transform 75
Transform: AffineTransform_float_3_3
Parameters: 0.999998 -0.00190317 0.000688179 0.00189683 0.999959 0.00885332 -0.000704819 -0.00885167 0.99996 0.130866 0.00199631 0.038615
FixedParameters: 0 0 0

#Transform 76
Transform: AffineTransform_float_3_3
Parameters: 0.999997 -0.0024103 0.000447424 0.00240569 0.999953 0.00937511 -0.000470573 -0.00937389 0.999956 0.163187 0.0467238 0.119023
FixedParameters: 0 0 0

#Transform 77
Transform: AffineTransform_float_3_3
Parameters: 0.999999 -0.00149948 0.000209684 0.00149752 0.999975 0.00688333 -0.000220314 -0.00688368 0.999977 0.114087 -0.0167117 0.0608507
FixedParameters: 0 0 0

#Transform 78
Transform: AffineTransform_float_3_3
Parameters: 0.999998 -0.00194517 0.000387635 0.00194084 0.999943 0.0104808 -0.000407364 -0.0104802 0.999945 0.136185 -0.126122 0.320365
FixedParameters: 0 0 0

#Transform 79
Transform: AffineTransform_float_3_3
Parameters: 0.999998 -0.00182856 0.000441509 0.00182544 0.999967 0.00793282 -0.000456495 -0.00793218 0.999969 0.175795 -0.0686032 0.287362
FixedParameters: 0 0 0

#Transform 80
Transform: AffineTransform_float_3_3
Parameters: 0.999997 -0.00252051 0.000312343 0.00251748 0.999967 0.00780282 -0.000332653 -0.00780219 0.99997 0.209299 0.0287951 0.252524
FixedParameters: 0 0 0

#Transform 81
Transform: AffineTransform_float_3_3
Parameters: 0.999998 -0.00191542 0.000392389 0.00191259 0.99998 0.00606576 -0.000403608 -0.00606523 0.999981 0.176012 -0.0711439 0.180173
FixedParameters: 0 0 0

#Transform 82
Transform: AffineTransform_float_3_3
Parameters: 0.999997 -0.00226586 0.000683863 0.00226013 0.999961 0.00845757 -0.00070314 -0.00845643 0.999964 0.180799 0.0152961 0.298527
FixedParameters: 0 0 0

#Transform 83
Transform: AffineTransform_float_3_3
Parameters: 0.999998 -0.00177669 0.00103711 0.00177531 0.999997 0.00162985 -0.00103989 -0.00162716 0.999998 0.147433 -0.0667253 0.0513428
FixedParameters: 0 0 0

#Transform 84
Transform: AffineTransform_float_3_3
Parameters: 0.999997 -0.00201124 0.000746322 0.00200876 0.999988 0.00431851 -0.000754681 -0.00431749 0.99999 0.173509 0.0350876 0.144861
FixedParameters: 0 0 0

#Transform 85
Transform: AffineTransform_float_3_3
Parameters: 0.999998 -0.00195136 0.00048865 0.00194863 0.999986 0.00479496 -0.000498349 -0.00479404 0.999989 0.175547 -0.0192692 0.142533
FixedParameters: 0 0 0

#Transform 86
Transform: AffineTransform_float_3_3
Parameters: 0.999998 -0.00195132 0.000506155 0.00194868 0.999988 0.00453599 -0.000514843 -0.004535 0.999989 0.17535 -0.0294304 0.125413
FixedParameters: 0 0 0

#Transform 87
Transform: AffineTransform_float_3_3
Parameters: 0.999998 -0.00202098 0.000642713 0.00201802 0.999988 0.00459931 -0.000652286 -0.00459769 0.999989 0.175267 -0.0464583 0.1429
FixedParameters: 0 0 0

#Transform 88
Transform: AffineTransform_float_3_3
Parameters: 0.999999 -0.0016433 0.000586602 0.0016417 0.999991 0.00389697 -0.000593402 -0.00389603 0.999992 0.15179 -0.00936222 0.125297
FixedParameters: 0 0 0

#Transform 89
Transform: AffineTransform_float_3_3
Parameters: 0.999998 -0.00195032 0.000275789 0.00194868 0.999987 0.00472455 -0.000284208 -0.00472345 0.999989 0.164988 0.0217315 0.164416
FixedParameters: 0 0 0

#Transform 90
Transform: AffineTransform_float_3_3
Parameters: 0.999998 -0.00195092 0.000394612 0.00194808 0.999986 0.00481478 -0.000403382 -0.00481322 0.999989 0.176804 0.0131796 0.146252
FixedParameters: 0 0 0

#Transform 91
Transform: AffineTransform_float_3_3
Parameters: 0.999998 -0.00195326 0.000707342 0.00194874 0.99998 0.00597539 -0.000718655 -0.00597361 0.999982 0.167964 -0.0460598 0.192376
FixedParameters: 0 0 0

#Transform 92
Transform: AffineTransform_float_3_3
Parameters: 0.999998 -0.00194633 -0.00036071 0.00194867 0.999969 0.00755231 0.000346291 -0.00755369 0.999972 0.201208 -0.098657 0.262934
FixedParameters: 0 0 0

#Transform 93
Transform: AffineTransform_float_3_3
Parameters: 0.999998 -0.0021142 -0.000937484 0.0021208 0.999971 0.00731103 0.000922518 -0.00731297 0.999973 0.222084 0.00777956 0.229005
FixedParameters: 0 0 0

#Transform 94
Transform: AffineTransform_float_3_3
Parameters: 0.999998 -0.00199989 -0.000600864 0.00200411 0.999974 0.00692481 0.000587136 -0.00692519 0.999976 0.214694 -0.0590762 0.237564
FixedParameters: 0 0 0

#Transform 95
Transform: AffineTransform_float_3_3
Parameters: 0.999991 -0.00337528 0.00233872 0.00337272 0.999994 0.000976896 -0.00234228 -0.000969102 0.999997 0.167675 0.0781283 0.0154985
FixedParameters: 0 0 0

#Transform 96
Transform: AffineTransform_float_3_3
Parameters: 0.999988 -0.00325167 0.00364039 0.00324233 0.999991 0.00265784 -0.00364961 -0.00264616 0.99999 0.219459 -0.073 0.175873
FixedParameters: 0 0 0

#Transform 97
Transform: AffineTransform_float_3_3
Parameters: 0.999991 -0.00315695 0.0028941 0.00314605 0.999988 0.00378114 -0.0029059 -0.00377186 0.999988 0.213644 0.0139796 0.165109
FixedParameters: 0 0 0

#Transform 98
Transform: AffineTransform_float_3_3
Parameters: 0.999994 -0.00259056 0.00237486 0.00258344 0.999993 0.00276215 -0.00238214 -0.00275585 0.999994 0.191703 -0.0166594 0.115591
FixedParameters: 0 0 0

#Transform 99
Transform: AffineTransform_float_3_3
Parameters: 0.999992 -0.0026318 0.00281673 0.0026242 0.999992 0.00276941 -0.00282427 -0.00276159 0.999992 0.181635 0.00590523 0.124692
FixedParameters: 0 0 0

#Transform 100
Transform: AffineTransform_float_3_3
Parameters: 0.999995 -0.00233724 0.00215518 0.00233076 0.999991 0.00335404 -0.00216282 -0.00334896 0.999992 0.168502 -0.0143979 0.158808
FixedParameters: 0 0 0

#Transform 101
Transform: AffineTransform_float_3_3
Parameters: 0.999996 -0.00204262 0.00206044 0.00203737 0.999994 0.00272821 -0.00206656 -0.00272379 0.999994 0.14867 -0.0279332 0.12333
FixedParameters: 0 0 0

#Transform 102
Transform: AffineTransform_float_3_3
Parameters: 0.999995 -0.00196835 0.00215722 0.00196164 0.999993 0.00294424 -0.00216278 -0.00293976 0.999994 0.133289 -0.00728594 0.153171
FixedParameters: 0 0 0

#Transform 103
Transform: AffineTransform_float_3_3
Parameters: 0.999995 -0.00204484 0.00215559 0.00203716 0.999992 0.00363141 -0.00216341 -0.00362659 0.999991 0.127899 -0.0286102 0.151103
FixedParameters: 0 0 0

#Transform 104
Transform: AffineTransform_float_3_3
Parameters: 0.999996 -0.00162803 0.00209355 0.00162096 0.999993 0.00335841 -0.00209945 -0.00335459 0.999992 0.110703 -0.0628392 0.143176
FixedParameters: 0 0 0

#Transform 105
Transform: AffineTransform_float_3_3
Parameters: 0.999996 -0.00152978 0.00215751 0.00152222 0.999993 0.0036013 -0.00216349 -0.0035987 0.999991 0.0997259 0.0266965 0.147111
FixedParameters: 0 0 0

#Transform 106
Transform: AffineTransform_float_3_3
Parameters: 0.999995 -0.00167479 0.00247773 0.00165821 0.999976 0.00676214 -0.00248927 -0.00675786 0.999974 0.12196 -0.0899584 0.226944
FixedParameters: 0 0 0

#Transform 107
Transform: AffineTransform_float_3_3
Parameters: 0.999997 -0.00117116 0.00218299 0.00115784 0.999981 0.00602155 -0.00219001 -0.00601946 0.99998 0.109879 0.00873165 0.19609
FixedParameters: 0 0 0

#Transform 108
Transform: AffineTransform_float_3_3
Parameters: 0.999996 -0.00117846 0.0025938 0.00115754 0.999969 0.00787503 -0.00260319 -0.00787196 0.999965 0.0999535 -0.0203433 0.297206
FixedParameters: 0 0 0

#Transform 109
Transform: AffineTransform_float_3_3
Parameters: 0.999998 -0.000827946 0.0017639 0.000817055 0.999981 0.00619646 -0.0017691 -0.00619555 0.999979 0.102108 -0.0673086 0.193702
FixedParameters: 0 0 0

#Transform 110
Transform: AffineTransform_float_3_3
Parameters: 0.999998 -0.00116566 0.00159041 0.00115734 0.999988 0.00480985 -0.00159558 -0.00480815 0.999987 0.110443 -0.0503247 0.115638
FixedParameters: 0 0 0

#Transform 111
Transform: AffineTransform_float_3_3
Parameters: 0.999997 -0.00146969 0.00162942 0.0014593 0.999978 0.0065444 -0.00163958 -0.00654161 0.999978 0.130105 -0.0228927 0.154142
FixedParameters: 0 0 0

#Transform 112
Transform: AffineTransform_float_3_3
Parameters: 0.999997 -0.00174057 0.00174757 0.00172743 0.999973 0.00716904 -0.00176043 -0.00716595 0.999973 0.128637 -0.0190304 0.121832
FixedParameters: 0 0 0

#Transform 113
Transform: AffineTransform_float_3_3
Parameters: 0.999997 -0.00147902 0.00197511 0.00146298 0.999966 0.00808692 -0.00198689 -0.00808409 0.999966 0.0972325 -0.0488239 0.12625
FixedParameters: 0 0 0

#Transform 114
Transform: AffineTransform_float_3_3
Parameters: 0.999997 -0.00148033 0.00224265 0.00146367 0.999969 0.00771131 -0.00225335 -0.00770769 0.999968 0.0792309 -0.027652 0.110616
FixedParameters: 0 0 0

#Transform 115
Transform: AffineTransform_float_3_3
Parameters: 0.999998 -0.00102796 0.00198033 0.00101505 0.999978 0.00653203 -0.00198667 -0.00652997 0.999976 0.0820662 -0.0103289 0.111234
FixedParameters: 0 0 0

#Transform 116
Transform: AffineTransform_float_3_3
Parameters: 0.999997 -0.00124896 0.00238718 0.00123005 0.999968 0.00792596 -0.00239682 -0.00792303 0.999965 0.0726883 -0.0382933 0.170849
FixedParameters: 0 0 0

#Transform 117
Transform: AffineTransform_float_3_3
Parameters: 0.999997 -0.00107399 0.00245922 0.00105601 0.999973 0.00730462 -0.00246678 -0.00730138 0.999971 0.0694138 -0.0200337 0.160696
FixedParameters: 0 0 0

#Transform 118
Transform: AffineTransform_float_3_3
Parameters: 0.999997 -0.0014776 0.00201035 0.00146339 0.999972 0.00724596 -0.00202165 -0.00724303 0.999971 0.0737055 -0.0165773 0.168951
FixedParameters: 0 0 0

#Transform 119
Transform: AffineTransform_float_3_3
Parameters: 0.999996 -0.00148196 0.00245566 0.00146304 0.99997 0.00770263 -0.00246734 -0.00769938 0.999968 0.0858237 -0.0226004 0.199162
FixedParameters: 0 0 0

#Transform 120
Transform: AffineTransform_float_3_3
Parameters: 0.999997 -0.000997187 0.00226508 0.000978814 0.999968 0.00801625 -0.00227292 -0.00801376 0.999966 0.0856702 -0.02968 0.228446
FixedParameters: 0 0 0

#Transform 121
Transform: AffineTransform_float_3_3
Parameters: 0.999998 -0.00118924 0.00195039 0.00117476 0.999973 0.00728531 -0.00195961 -0.00728268 0.999971 0.0846349 -0.0184604 0.229389
FixedParameters: 0 0 0

#Transform 122
Transform: AffineTransform_float_3_3
Parameters: 0.999998 -0.000693818 0.00219537 0.000679186 0.999977 0.00674251 -0.00219963 -0.00674149 0.999975 0.0654086 -0.0448517 0.196587
FixedParameters: 0 0 0

#Transform 123
Transform: AffineTransform_float_3_3
Parameters: 0.999996 -0.000946574 0.00266374 0.000923435 0.999961 0.0088365 -0.00267126 -0.00883452 0.999958 0.0744126 -0.0407168 0.246661
FixedParameters: 0 0 0

#Transform 124
Transform: AffineTransform_float_3_3
Parameters: 0.999996 -0.000973404 0.00236993 0.000955594 0.999972 0.00733429 -0.00237707 -0.00733171 0.999971 0.0747109 -0.0208677 0.172844
FixedParameters: 0 0 0

#Transform 125
Transform: AffineTransform_float_3_3
Parameters: 0.999996 -0.00102876 0.00236894 0.00101024 0.999968 0.00790542 -0.00237706 -0.00790258 0.999966 0.0909816 -0.0449573 0.187504
FixedParameters: 0 0 0

#Transform 126
Transform: AffineTransform_float_3_3
Parameters: 0.999996 -0.00160729 0.00259935 0.0015847 0.999962 0.00855516 -0.00261365 -0.00855184 0.99996 0.0878157 0.0119062 0.251802
FixedParameters: 0 0 0

#Transform 127
Transform: AffineTransform_float_3_3
Parameters: 0.999996 -0.000937027 0.0025948 0.000913971 0.999961 0.00886141 -0.0026032 -0.0088586 0.999958 0.0710265 -0.171928 0.261295
FixedParameters: 0 0 0

#Transform 128
Transform: AffineTransform_float_3_3
Parameters: 0.999998 -0.000871443 0.00208502 0.000856558 0.999975 0.0069178 -0.00209098 -0.00691619 0.999974 0.0762318 -0.025056 0.24812
FixedParameters: 0 0 0

#Transform 129
Transform: AffineTransform_float_3_3
Parameters: 0.999998 -0.00117605 0.00192187 0.00116195 0.999969 0.00781225 -0.00193113 -0.00780974 0.999967 0.0916386 -0.0218942 0.278144
FixedParameters: 0 0 0

#Transform 130
Transform: AffineTransform_float_3_3
Parameters: 0.999998 -0.00117336 0.00174475 0.00116164 0.999975 0.00706905 -0.00175325 -0.00706696 0.999974 0.0944638 -0.0430646 0.25386
FixedParameters: 0 0 0

#Transform 131
Transform: AffineTransform_float_3_3
Parameters: 0.999998 -0.00117386 0.00174442 0.00116114 0.999973 0.00735205 -0.00175358 -0.00734996 0.999972 0.0933973 -0.0373267 0.267641
FixedParameters: 0 0 0

#Transform 132
Transform: AffineTransform_float_3_3
Parameters: 0.999998 -0.00117347 0.00174468 0.00116153 0.999974 0.00713204 -0.00175333 -0.00712996 0.999973 0.109031 0.00310981 0.24155
FixedParameters: 0 0 0

#Transform 133
Transform: AffineTransform_float_3_3
Parameters: 0.999997 -0.00158183 0.00191686 0.00156717 0.999969 0.00771503 -0.00192915 -0.00771198 0.999969 0.135141 -0.0876714 0.254146
FixedParameters: 0 0 0

#Transform 134
Transform: AffineTransform_float_3_3
Parameters: 0.999997 -0.00171054 0.00182673 0.00169247 0.999953 0.00955912 -0.00184226 -0.00955587 0.999952 0.160022 -0.0380437 0.307759
FixedParameters: 0 0 0

#Transform 135
Transform: AffineTransform_float_3_3
Parameters: 0.999995 -0.00234831 0.00180121 0.00233268 0.999962 0.00845724 -0.00182179 -0.00845276 0.999962 0.205422 -0.0178404 0.272975
FixedParameters: 0 0 0

#Transform 136
Transform: AffineTransform_float_3_3
Parameters: 0.999995 -0.00255389 0.00176827 0.00253712 0.999957 0.00892852 -0.00179072 -0.00892347 0.999958 0.218944 -0.0224808 0.313108
FixedParameters: 0 0 0

#Transform 137
Transform: AffineTransform_float_3_3
Parameters: 0.999995 -0.00285766 0.0017326 0.00283935 0.999939 0.010676 -0.00176241 -0.010671 0.999941 0.257603 -0.0167002 0.363472
FixedParameters: 0 0 0

#Transform 138
Transform: AffineTransform_float_3_3
Parameters: 0.999993 -0.00312733 0.0021661 0.00310466 0.999943 0.0102388 -0.00219789 -0.0102322 0.999945 0.281576 -0.054915 0.387079
FixedParameters: 0 0 0

#Transform 139
Transform: AffineTransform_float_3_3
Parameters: 0.999994 -0.00277338 0.00217476 0.00275462 0.999961 0.00841004 -0.00219824 -0.00840396 0.999963 0.252148 -0.0501698 0.354238
FixedParameters: 0 0 0

#Transform 140
Transform: AffineTransform_float_3_3
Parameters: 0.999994 -0.00277849 0.00181297 0.00276251 0.999956 0.00903706 -0.00183803 -0.00903194 0.999957 0.270397 0.000736211 0.302145
FixedParameters: 0 0 0

#Transform 141
Transform: AffineTransform_float_3_3
Parameters: 0.999994 -0.00279801 0.00192652 0.00278099 0.999957 0.0087784 -0.00195048 -0.00877259 0.999959 0.276466 -0.0371125 0.32408
FixedParameters: 0 0 0

#Transform 142
Transform: AffineTransform_float_3_3
Parameters: 0.999993 -0.00312372 0.00170106 0.00310426 0.999936 0.0109013 -0.00173593 -0.0108956 0.999939 0.287649 -0.0626027 0.412679
FixedParameters: 0 0 0

#Transform 143
Transform: AffineTransform_float_3_3
Parameters: 0.999995 -0.00270093 0.00170853 0.00268407 0.999948 0.00983264 -0.00173547 -0.00982837 0.99995 0.278971 -0.0927864 0.33739
FixedParameters: 0 0 0

#Transform 144
Transform: AffineTransform_float_3_3
Parameters: 0.999992 -0.00359992 0.00169116 0.00357907 0.999919 0.0122151 -0.00173584 -0.0122088 0.999924 0.348202 -0.065763 0.407932
FixedParameters: 0 0 0

#Transform 145
Transform: AffineTransform_float_3_3
Parameters: 0.999993 -0.00364281 0.00109672 0.00363219 0.999947 0.00970206 -0.00113229 -0.00969795 0.999953 0.371709 0.0371968 0.300096
FixedParameters: 0 0 0

#Transform 146
Transform: AffineTransform_float_3_3
Parameters: 0.999992 -0.00392674 0.000936051 0.00391726 0.999941 0.0101878 -0.000975952 -0.0101843 0.999947 0.379774 -0.0155492 0.363502
FixedParameters: 0 0 0

#Transform 147
Transform: AffineTransform_float_3_3
Parameters: 0.999991 -0.00411728 0.000932979 0.00410773 0.999944 0.00973292 -0.000973019 -0.00972908 0.999952 0.402099 -0.0506411 0.347957
FixedParameters: 0 0 0

#Transform 148
Transform: AffineTransform_float_3_3
Parameters: 0.99999 -0.00436859 0.000894031 0.00435942 0.999947 0.00938899 -0.000934963 -0.00938501 0.999955 0.409012 -0.0280316 0.336397
FixedParameters: 0 0 0

#Transform 149
Transform: AffineTransform_float_3_3
Parameters: 0.99999 -0.0043716 0.00103311 0.00435941 0.999931 0.0109716 -0.00108089 -0.0109674 0.99994 0.407066 -0.0260126 0.372551
FixedParameters: 0 0 0

#Transform 150
Transform: AffineTransform_float_3_3
Parameters: 0.99999 -0.00436953 0.000895683 0.00435947 0.999936 0.010384 -0.000940311 -0.01038 0.999945 0.427531 -0.0584194 0.337702
FixedParameters: 0 0 0

#Transform 151
Transform: AffineTransform_float_3_3
Parameters: 0.999982 -0.00568389 0.00151065 0.00566511 0.999909 0.0122248 -0.00158035 -0.0122162 0.999924 0.489699 -0.031093 0.379928
FixedParameters: 0 0 0

#Transform 152
Transform: AffineTransform_float_3_3
Parameters: 0.999977 -0.00644689 0.00216302 0.00641611 0.999881 0.0139962 -0.00225297 -0.0139818 0.999899 0.520883 -0.0228533 0.420088
FixedParameters: 0 0 0

#Transform 153
Transform: AffineTransform_float_3_3
Parameters: 0.999982 -0.0054197 0.00236442 0.0053873 0.999892 0.013624 -0.00243759 -0.013611 0.999905 0.467215 0.00279868 0.372177
FixedParameters: 0 0 0

#Transform 154
Transform: AffineTransform_float_3_3
Parameters: 0.999984 -0.00529295 0.00193433 0.00527006 0.999918 0.0116814 -0.00199567 -0.0116716 0.99993 0.455005 0.00674337 0.320656
FixedParameters: 0 0 0

#Transform 155
Transform: AffineTransform_float_3_3
Parameters: 0.999983 -0.00554482 0.00192596 0.00552017 0.999904 0.0126648 -0.00199604 -0.0126541 0.999918 0.443988 -0.0237482 0.349089
FixedParameters: 0 0 0

#Transform 156
Transform: AffineTransform_float_3_3
Parameters: 0.999985 -0.00526735 0.00193625 0.00524565 0.999921 0.0113723 -0.00199576 -0.0113627 0.999933 0.419057 0.0146267 0.336377
FixedParameters: 0 0 0

#Transform 157
Transform: AffineTransform_float_3_3
Parameters: 0.999988 -0.00464344 0.00166751 0.00462556 0.99993 0.0108988 -0.0017175 -0.0108912 0.999939 0.406909 -9.90505e-05 0.338525
FixedParameters: 0 0 0

#Transform 158
Transform: AffineTransform_float_3_3
Parameters: 0.999986 -0.00491454 0.00163749 0.00489546 0.999919 0.0117292 -0.00169551 -0.0117208 0.99993 0.414276 -0.0361413 0.363626
FixedParameters: 0 0 0

#Transform 159
Transform: AffineTransform_float_3_3
Parameters: 0.999987 -0.00493176 0.00127416 0.00491724 0.999923 0.0113414 -0.00132984 -0.0113346 0.999935 0.423677 -0.0270958 0.33043
FixedParameters: 0 0 0

#Transform 160
Transform: AffineTransform_float_3_3
Parameters: 0.999984 -0.00528939 0.00163951 0.0052676 0.999905 0.0127898 -0.00170749 -0.0127812 0.999917 0.429205 -0.0455599 0.357234
FixedParameters: 0 0 0

#Transform 161
Transform: AffineTransform_float_3_3
Parameters: 0.999987 -0.0049171 0.00135286 0.0048989 0.999902 0.0130718 -0.00141714 -0.0130652 0.999913 0.418405 -0.0418856 0.366293
FixedParameters: 0 0 0

#Transform 162
Transform: AffineTransform_float_3_3
Parameters: 0.999984 -0.00553383 0.00107087 0.00552017 0.999907 0.0125111 -0.00114014 -0.0125059 0.999921 0.462114 -0.0307885 0.334651
FixedParameters: 0 0 0

#Transform 163
Transform: AffineTransform_float_3_3
Parameters: 0.999984 -0.00553363 0.00100677 0.00552037 0.9999 0.0130708 -0.00107923 -0.0130652 0.999914 0.462868 -0.021143 0.326973
FixedParameters: 0 0 0

#Transform 164
Transform: AffineTransform_float_3_3
Parameters: 0.999985 -0.0053413 0.00105395 0.0053267 0.999899 0.0131338 -0.00112404 -0.0131272 0.999913 0.475276 -0.0522912 0.306518
FixedParameters: 0 0 0

#Transform 165
Transform: AffineTransform_float_3_3
Parameters: 0.999978 -0.00649851 0.00136855 0.00647748 0.999864 0.0151782 -0.00146746 -0.0151688 0.999884 0.512142 0.0112336 0.365583
FixedParameters: 0 0 0

#Transform 166
Transform: AffineTransform_float_3_3
Parameters: 0.999981 -0.00603423 0.0013559 0.00601378 0.999878 0.0144614 -0.00144209 -0.0144526 0.999894 0.485897 0.0405247 0.295385
FixedParameters: 0 0 0

#Transform 167
Transform: AffineTransform_float_3_3
Parameters: 0.999979 -0.00649055 0.000922247 0.00647746 0.999881 0.0139993 -0.00101276 -0.0139937 0.999901 0.49954 -0.0428493 0.324536
FixedParameters: 0 0 0

#Transform 168
Transform: AffineTransform_float_3_3
Parameters: 0.999979 -0.00649265 0.00100792 0.00647737 0.999869 0.0148188 -0.00110309 -0.0148122 0.999889 0.518433 0.0162421 0.338782
FixedParameters: 0 0 0

#Transform 169
Transform: AffineTransform_float_3_3
Parameters: 0.999981 -0.00608153 0.00117764 0.00606548 0.999889 0.0135644 -0.00125937 -0.0135576 0.999908 0.506101 -0.0150554 0.350196
FixedParameters: 0 0 0

#Transform 170
Transform: AffineTransform_float_3_3
Parameters: 0.999978 -0.00648889 0.000833087 0.00647711 0.999887 0.0135627 -0.000920916 -0.0135573 0.999907 0.511114 -0.0123554 0.368069
FixedParameters: 0 0 0

#Transform 171
Transform: AffineTransform_float_3_3
Parameters: 0.999979 -0.00649203 0.00091173 0.00647697 0.999857 0.0156192 -0.00101327 -0.0156138 0.999877 0.498439 -0.0719702 0.448033
FixedParameters: 0 0 0

#Transform 172
Transform: AffineTransform_float_3_3
Parameters: 0.999982 -0.00584615 0.000582261 0.00583785 0.999896 0.0131366 -0.000658732 -0.0131324 0.999913 0.466574 0.039477 0.33783
FixedParameters: 0 0 0

#Transform 173
Transform: AffineTransform_float_3_3
Parameters: 0.999983 -0.0056866 0.000450195 0.0056804 0.999893 0.0135148 -0.000526811 -0.0135122 0.999908 0.455214 -0.0325551 0.375037
FixedParameters: 0 0 0

#Transform 174
Transform: AffineTransform_float_3_3
Parameters: 0.999985 -0.00559531 0.00040786 0.0055877 0.999855 0.0161205 -0.000498138 -0.0161185 0.99987 0.431798 -0.00173387 0.479678
FixedParameters: 0 0 0

#Transform 175
Transform: AffineTransform_float_3_3
Parameters: 0.999984 -0.00578135 -9.22836e-06 0.00578166 0.999903 0.0126662 -6.32358e-05 -0.0126658 0.99992 0.441956 0.0589125 0.313911
FixedParameters: 0 0 0

#Transform 176
Transform: AffineTransform_float_3_3
Parameters: 0.999984 -0.00573112 0.000424109 0.00572587 0.999896 0.0132496 -0.000500905 -0.0132473 0.999912 0.435081 0.0089535 0.342249
FixedParameters: 0 0 0

#Transform 177
Transform: AffineTransform_float_3_3
Parameters: 0.999983 -0.00583736 -8.67236e-05 0.00583764 0.999899 0.0129707 1.12795e-05 -0.0129713 0.999916 0.444716 -0.0024495 0.325699
FixedParameters: 0 0 0

#Transform 178
Transform: AffineTransform_float_3_3
Parameters: 0.999985 -0.0055921 0.000255138 0.00558791 0.999888 0.0139286 -0.000332862 -0.0139274 0.999903 0.434095 -0.0224726 0.360815
FixedParameters: 0 0 0

#Transform 179
Transform: AffineTransform_float_3_3
Parameters: 0.999983 -0.00584387 0.000362294 0.00583813 0.999878 0.0145024 -0.000446705 -0.0144996 0.999895 0.438891 -0.0297174 0.374837
FixedParameters: 0 0 0

#Transform 180
Transform: AffineTransform_float_3_3
Parameters: 0.999985 -0.00544742 -8.01777e-05 0.00544857 0.999904 0.0126978 1.08137e-05 -0.0126982 0.99992 0.411168 -0.000815063 0.33149
FixedParameters: 0 0 0

#Transform 181
Transform: AffineTransform_float_3_3
Parameters: 0.999985 -0.0054234 0.000425044 0.0054166 0.999889 0.0138295 -0.000499948 -0.0138265 0.999905 0.40755 -0.0085539 0.357073
FixedParameters: 0 0 0

#Transform 182
Transform: AffineTransform_float_3_3
Parameters: 0.999983 -0.00583729 -9.17209e-05 0.00583772 0.999888 0.0138267 1.12873e-05 -0.0138263 0.999905 0.429399 0.0235142 0.338885
FixedParameters: 0 0 0

#Transform 183
Transform: AffineTransform_float_3_3
Parameters: 0.999983 -0.00583726 -9.37816e-05 0.00583775 0.999883 0.0141797 1.12203e-05 -0.0141803 0.9999 0.4373 0.0185734 0.323733
FixedParameters: 0 0 0

#Transform 184
Transform: AffineTransform_float_3_3
Parameters: 0.999981 -0.00626895 -0.000116834 0.00627006 0.999863 0.0152846 2.11624e-05 -0.0152854 0.999883 0.461066 0.00770691 0.385926
FixedParameters: 0 0 0

#Transform 185
Transform: AffineTransform_float_3_3
Parameters: 0.999983 -0.00572167 -6.4067e-05 0.00572233 0.999881 0.0143419 -1.80725e-05 -0.0143421 0.999897 0.453421 -0.0316076 0.344436
FixedParameters: 0 0 0

#Transform 186
Transform: AffineTransform_float_3_3
Parameters: 0.999983 -0.00578819 -9.92551e-05 0.00578983 0.99989 0.0136907 2.07317e-05 -0.0136914 0.999907 0.464014 -0.0413373 0.363027
FixedParameters: 0 0 0

#Transform 187
Transform: AffineTransform_float_3_3
Parameters: 0.999981 -0.0062709 2.0709e-05 0.0062701 0.999884 0.0139204 -0.000108296 -0.0139206 0.999903 0.469191 -0.0646195 0.348391
FixedParameters: 0 0 0

#Transform 188
Transform: AffineTransform_float_3_3
