#Insight Transform File V1.0
#Transform 0
Transform: AffineTransform_float_3_3
Parameters: 0.999999 0.000474982 0.000694384 -0.000477016 0.999995 0.00290867 -0.000692615 -0.00290933 0.999995 -0.0603761 -0.0568334 0.252603
FixedParameters: 0 0 0

#Transform 1
Transform: AffineTransform_float_3_3
Parameters: 1 0.000274955 2.15761e-05 -0.000275045 0.999998 0.00209499 -2.14238e-05 -0.00209501 0.999998 -0.0292249 -0.0472622 0.211698
FixedParameters: 0 0 0

#Transform 2
Transform: AffineTransform_float_3_3
Parameters: 1 -5.08536e-07 0.000167999 4.91459e-07 0.999996 0.003027 -0.000168002 -0.003027 0.999996 -0.0356116 -0.0691877 0.246269
FixedParameters: 0 0 0

#Transform 3
Transform: AffineTransform_float_3_3
Parameters: 0.999999 0.000655145 -0.000451342 -0.000653856 0.999997 0.0025323 0.000452657 -0.0025327 0.999996 -0.0663209 -0.0655312 0.225432
FixedParameters: 0 0 0

#Transform 4
Transform: AffineTransform_float_3_3
Parameters: 0.999999 0.000581123 -0.00055683 -0.000579876 0.999998 0.00201532 0.00055817 -0.00201568 0.999998 -0.0315418 -0.0601788 0.170408
FixedParameters: 0 0 0

#Transform 5
Transform: AffineTransform_float_3_3
Parameters: 1 0.000400709 -0.000236805 -0.000399291 0.999996 0.00298409 0.000238192 -0.0029839 0.999995 -0.0305186 -0.0697278 0.170184
FixedParameters: 0 0 0

#Transform 6
Transform: AffineTransform_float_3_3
Parameters: 1 0.0003361 -4.11908e-05 -0.0003359 0.999997 0.00240801 4.1809e-05 -0.00240799 0.999997 -0.0252296 -0.0827405 0.137141
FixedParameters: 0 0 0

#Transform 7
Transform: AffineTransform_float_3_3
Parameters: 1 0.000631548 -0.000236542 -0.000630453 0.999997 0.00230915 0.000237457 -0.00230985 0.999998 -0.0129146 -0.103553 0.135147
FixedParameters: 0 0 0

#Transform 8
Transform: AffineTransform_float_3_3
Parameters: 1 0.000181631 -0.000237519 -0.00018037 0.999997 0.00265405 0.00023748 -0.00265396 0.999997 -0.0239483 -0.0666754 0.171653
FixedParameters: 0 0 0

#Transform 9
Transform: AffineTransform_float_3_3
Parameters: 0.999999 0.000632158 -0.000338849 -0.000630841 0.999994 0.00340622 0.000341151 -0.00340679 0.999994 -0.0118821 -0.138861 0.202563
FixedParameters: 0 0 0

#Transform 10
Transform: AffineTransform_float_3_3
Parameters: 1 0.00023042 -0.000183473 -0.000230581 0.999998 0.00228804 0.000183528 -0.00228796 0.999998 -0.00939265 -0.0807392 0.171042
FixedParameters: 0 0 0

#Transform 11
Transform: AffineTransform_float_3_3
Parameters: 1 0.000230751 -0.000237272 -0.00023025 0.999995 0.00316005 0.000237729 -0.00315995 0.999995 -0.0192239 -0.0945611 0.218934
FixedParameters: 0 0 0

#Transform 12
Transform: AffineTransform_float_3_3
Parameters: 1 0.000230956 -0.000504564 -0.000230044 0.999998 0.00189312 0.000505436 -0.00189288 0.999998 -0.00596503 -0.069455 0.151173
FixedParameters: 0 0 0

#Transform 13
Transform: AffineTransform_float_3_3
Parameters: 1 0.000230538 -0.000237479 -0.000230463 0.999998 0.00226306 0.000237522 -0.00226295 0.999998 -0.00314728 -0.0380298 0.127908
FixedParameters: 0 0 0

#Transform 14
Transform: AffineTransform_float_3_3
Parameters: 1 0.00023057 -0.000237448 -0.000230431 0.999997 0.00239806 0.000237553 -0.00239795 0.999997 -0.0213544 -0.0663274 0.117795
FixedParameters: 0 0 0

#Transform 15
Transform: AffineTransform_float_3_3
Parameters: 1 0.000230567 -0.000363641 -0.000230433 0.999999 0.00155808 0.000364359 -0.00155792 0.999998 -0.00185153 0.00154808 0.08789
FixedParameters: 0 0 0

#Transform 16
Transform: AffineTransform_float_3_3
Parameters: 1 -3.94556e-05 -0.000238091 4.05442e-05 0.999998 0.00228699 0.000237908 -0.00228701 0.999998 0.00324491 -0.0203354 0.147316
FixedParameters: 0 0 0

#Transform 17
Transform: AffineTransform_float_3_3
Parameters: 1 0.000110613 -0.000433844 -0.000110387 0.999999 0.00141305 0.000434156 -0.00141295 0.999999 0.00168097 -0.0587227 0.120346
FixedParameters: 0 0 0

#Transform 18
Transform: AffineTransform_float_3_3
Parameters: 0.999999 0.000481781 -0.000637411 -0.00048022 0.999999 0.00122431 0.000637589 -0.00122469 0.999999 -0.00525199 -0.0262191 0.102767
FixedParameters: 0 0 0

#Transform 19
Transform: AffineTransform_float_3_3
Parameters: 1 5.42132e-05 -0.000435851 -5.27864e-05 0.999996 0.00278302 0.000436149 -0.00278298 0.999996 -0.00761111 -0.0828924 0.169689
FixedParameters: 0 0 0

#Transform 20
Transform: AffineTransform_float_3_3
Parameters: 1 0.000267038 0.000161937 -0.000266962 1 -0.000235043 -0.000162063 0.000234957 1 -0.00805956 -0.0137123 -0.00699287
FixedParameters: 0 0 0

#Transform 21
Transform: AffineTransform_float_3_3
Parameters: 1 -0.000190169 0.000161802 0.000189831 1 0.00104403 -0.000162198 -0.00104397 1 -0.00321576 -0.0820464 0.0511422
FixedParameters: 0 0 0

#Transform 22
Transform: AffineTransform_float_3_3
Parameters: 1 0.000351153 -0.000252788 -0.000351847 1 0.000604089 0.000253212 -0.000603911 1 -0.00592228 -0.0461356 0.0222793
FixedParameters: 0 0 0

#Transform 23
Transform: AffineTransform_float_3_3
Parameters: 1 0.000490012 -3.38226e-05 -0.000489988 1 0.000362017 3.31774e-05 -0.000361984 1 -0.030164 -0.0442228 0.0348898
FixedParameters: 0 0 0

#Transform 24
Transform: AffineTransform_float_3_3
Parameters: 1 0.000304272 -0.000449816 -0.000303728 1 0.000604136 0.000450183 -0.000603863 0.999999 -0.0376787 0.00650901 0.0247566
FixedParameters: 0 0 0

#Transform 25
Transform: AffineTransform_float_3_3
Parameters: 1 0.000275966 -0.000300031 -0.000276034 1 -0.000112917 0.000299969 0.000113083 1 -0.00444593 0.029302 -0.00917518
FixedParameters: 0 0 0

#Transform 26
Transform: AffineTransform_float_3_3
Parameters: 1 -0.000189953 -0.000416021 0.000190047 1 0.000112921 0.000415978 -0.000113079 1 0.00797412 0.0230809 -0.0036555
FixedParameters: 0 0 0

#Transform 27
Transform: AffineTransform_float_3_3
Parameters: 1 -0.00018995 -0.000112085 0.00019005 1 0.000448979 0.000111915 -0.000449021 1 0.0103914 -0.0264578 0.0249795
FixedParameters: 0 0 0

#Transform 28
Transform: AffineTransform_float_3_3
Parameters: 1 8.5928e-05 -0.000227027 -8.50719e-05 1 -0.000316981 0.000226973 0.000317019 1 0.0215746 -0.0491397 -0.0284411
FixedParameters: 0 0 0

#Transform 29
Transform: AffineTransform_float_3_3
Parameters: 1 -0.000189968 -0.00030302 0.000190032 1 0.000104942 0.00030298 -0.000105058 1 0.0248945 -0.0217279 -0.00912912
FixedParameters: 0 0 0

#Transform 30
Transform: AffineTransform_float_3_3
Parameters: 1 -0.000190131 -0.000337926 0.000189868 1 -0.000389064 0.000338074 0.000388936 1 0.0252875 -0.0329807 0.0257689
FixedParameters: 0 0 0

#Transform 31
Transform: AffineTransform_float_3_3
Parameters: 1 -0.000190085 -0.000240933 0.000189915 1 -0.000353046 0.000241067 0.000352954 1 0.0242863 -0.0438348 -0.0181435
FixedParameters: 0 0 0

#Transform 32
Transform: AffineTransform_float_3_3
Parameters: 1 -0.000190145 -0.000373926 0.000189854 1 -0.000389071 0.000374074 0.000388929 1 0.0356417 -0.0102845 -0.0467897
FixedParameters: 0 0 0

#Transform 33
Transform: AffineTransform_float_3_3
Parameters: 1 -0.000190028 -0.000162967 0.000189972 1 -0.000174031 0.000163033 0.000173969 1 0.0234886 -0.0124793 -0.00443421
FixedParameters: 0 0 0

#Transform 34
Transform: AffineTransform_float_3_3
Parameters: 1 -0.000190248 -0.000487903 0.000189752 1 -0.000509092 0.000488096 0.000508907 1 0.0267688 -0.0472037 -0.037206
FixedParameters: 0 0 0

#Transform 35
Transform: AffineTransform_float_3_3
Parameters: 1 0.000211496 -0.000416256 -0.000212504 0.999999 -0.00121091 0.000415743 0.00121109 0.999999 0.016448 0.0179334 -0.0542211
FixedParameters: 0 0 0

#Transform 36
Transform: AffineTransform_float_3_3
Parameters: 1 -0.000189836 -0.0003101 0.000190164 1 0.000528941 0.000309899 -0.000529059 1 0.0103074 -0.0366323 0.0245369
FixedParameters: 0 0 0

#Transform 37
Transform: AffineTransform_float_3_3
Parameters: 1 -6.52406e-05 -0.000381959 6.57593e-05 1 -0.000630025 0.000382041 0.000629975 0.999999 0.022647 -0.0575723 -0.00318966
FixedParameters: 0 0 0

#Transform 38
Transform: AffineTransform_float_3_3
Parameters: 1 -0.000190139 -0.00029391 0.000189861 1 -0.000474056 0.00029409 0.000473944 1 0.0248495 -0.0129453 -0.0168298
FixedParameters: 0 0 0

#Transform 39
Transform: AffineTransform_float_3_3
Parameters: 0.999999 0.000176989 -0.000745002 -0.000177011 1 -1.48681e-05 0.000744997 1.51319e-05 0.999999 0.00127402 -0.0621675 0.063073
FixedParameters: 0 0 0

#Transform 40
Transform: AffineTransform_float_3_3
Parameters: 0.999999 0.000268527 -0.000700181 -0.000269473 0.999999 -0.000674811 0.000700818 0.000675188 0.999999 -0.00927233 -0.0310878 -0.0176881
FixedParameters: 0 0 0

#Transform 41
Transform: AffineTransform_float_3_3
Parameters: 1 9.5601e-05 -0.000654058 -9.53989e-05 1 -0.000609937 0.000653942 0.000610062 0.999999 -0.00568997 -0.0100455 -0.00800913
FixedParameters: 0 0 0

#Transform 42
Transform: AffineTransform_float_3_3
Parameters: 0.999999 0.000461599 -0.000585316 -0.0004614 0.999999 -0.00068473 0.000584684 0.00068527 0.999999 -0.0259262 -0.0439818 -0.0100981
FixedParameters: 0 0 0

#Transform 43
Transform: AffineTransform_float_3_3
Parameters: 1 0.00043557 -0.000889702 -0.00043743 0.999998 -0.00160761 0.000889298 0.00160839 0.999999 -0.0112283 -0.00227923 -0.0733801
FixedParameters: 0 0 0

#Transform 44
Transform: AffineTransform_float_3_3
Parameters: 0.999999 0.000429327 -0.000564512 -0.000429673 0.999999 -0.00119176 0.000564488 0.00119224 0.999999 -0.0145125 0.00260515 -0.0702385
FixedParameters: 0 0 0

#Transform 45
Transform: AffineTransform_float_3_3
Parameters: 1 0.000440423 -0.000414613 -0.000441577 0.999999 -0.00139182 0.000414386 0.00139218 0.999999 -0.0162562 -0.0149063 -0.0462049
FixedParameters: 0 0 0

#Transform 46
Transform: AffineTransform_float_3_3
Parameters: 1 0.000314192 -0.000414613 -0.000314808 0.999998 -0.00194887 0.000414387 0.00194913 0.999998 -0.00600715 -0.0454244 -0.0938019
FixedParameters: 0 0 0

#Transform 47
Transform: AffineTransform_float_3_3
Parameters: 0.999999 0.000248012 -0.000695353 -0.000248987 0.999999 -0.00142083 0.000694647 0.00142117 0.999998 -0.000579556 0.0188697 -0.0742277
FixedParameters: 0 0 0

#Transform 48
Transform: AffineTransform_float_3_3
Parameters: 1 -0.000190563 -0.000522795 0.000189437 1 -0.0010771 0.000523204 0.0010769 1 -6.19698e-05 0.024465 -0.018608
FixedParameters: 0 0 0

#Transform 49
Transform: AffineTransform_float_3_3
Parameters: 0.999999 0.000532536 -0.000825946 -0.000534464 0.999999 -0.00177356 0.000825053 0.00177344 0.999998 -0.00924712 -0.00779959 -0.0239945
FixedParameters: 0 0 0

#Transform 50
Transform: AffineTransform_float_3_3
Parameters: 1 0.000238816 -0.000610072 -0.000239184 1 -0.000301854 0.000609928 0.000302146 1 -0.00950296 -0.0631989 0.00638495
FixedParameters: 0 0 0

#Transform 51
Transform: AffineTransform_float_3_3
Parameters: 1 0.000445285 -0.000414769 -0.000446715 0.999999 -0.00172482 0.00041423 0.00172519 0.999999 -0.0163754 0.0533822 -0.068236
FixedParameters: 0 0 0

#Transform 52
Transform: AffineTransform_float_3_3
Parameters: 1 0.000204593 -0.000414202 -0.000205407 0.999999 -0.000983915 0.000413798 0.000983085 1 -0.0106304 -0.0498008 -0.0191149
FixedParameters: 0 0 0

#Transform 53
Transform: AffineTransform_float_3_3
Parameters: 0.999999 0.000335927 -0.00065655 -0.000337072 0.999998 -0.00163478 0.00065545 0.00163522 0.999999 -0.0114365 -0.0200875 -0.0513332
FixedParameters: 0 0 0

#Transform 54
Transform: AffineTransform_float_3_3
Parameters: 0.999999 0.000335471 -0.000683752 -0.00033653 0.999998 -0.00223777 0.000683248 0.00223823 0.999998 -0.0110697 0.0227857 -0.104389
FixedParameters: 0 0 0

#Transform 55
Transform: AffineTransform_float_3_3
Parameters: 1 0.000336432 -0.000414462 -0.000336569 0.999999 -0.00137186 0.000414539 0.00137214 0.999999 -0.0138246 -0.00765137 -0.0680138
FixedParameters: 0 0 0

#Transform 56
Transform: AffineTransform_float_3_3
Parameters: 0.999998 0.000875083 -0.00133191 -0.000880916 0.999989 -0.00444783 0.00132809 0.00444917 0.999989 -0.0175196 -0.00230911 -0.158247
FixedParameters: 0 0 0

#Transform 57
Transform: AffineTransform_float_3_3
Parameters: 0.999999 0.000910033 -0.000855168 -0.000912966 0.999993 -0.00347522 0.000851832 0.00347577 0.999993 -0.034302 0.00547824 -0.147383
FixedParameters: 0 0 0

#Transform 58
Transform: AffineTransform_float_3_3
Parameters: 1 0.00042063 -0.00111105 -0.000426376 0.999988 -0.00483853 0.00110995 0.00483847 0.999987 -0.00872396 0.00445081 -0.110567
FixedParameters: 0 0 0

#Transform 59
Transform: AffineTransform_float_3_3
Parameters: 0.999999 0.000334707 -0.000839917 -0.000337293 0.999996 -0.00273072 0.000839082 0.00273128 0.999996 -0.024398 -0.0248068 -0.0857442
FixedParameters: 0 0 0

#Transform 60
Transform: AffineTransform_float_3_3
Parameters: 0.999999 0.000333862 -0.000920144 -0.000337138 0.999994 -0.00341269 0.000918854 0.00341231 0.999994 -0.00871527 0.0243432 -0.124983
FixedParameters: 0 0 0

#Transform 61
Transform: AffineTransform_float_3_3
Parameters: 0.999999 0.000336027 -0.000764428 -0.000336973 0.999999 -0.00127274 0.000764571 0.00127326 0.999999 -0.01031 -0.0317505 -0.0643181
FixedParameters: 0 0 0

#Transform 62
Transform: AffineTransform_float_3_3
Parameters: 0.999999 0.000332305 -0.00133618 -0.000336694 0.999994 -0.00351455 0.00133482 0.00351545 0.999993 -0.00436326 0.0586227 -0.126845
FixedParameters: 0 0 0

#Transform 63
Transform: AffineTransform_float_3_3
Parameters: 0.999999 0.000220559 -0.000942574 -0.00022344 0.999996 -0.00259079 0.000941424 0.00259021 0.999996 -0.00568616 0.034263 -0.105183
FixedParameters: 0 0 0

#Transform 64
Transform: AffineTransform_float_3_3
Parameters: 1 0.000334436 -0.000911944 -0.000336564 0.999996 -0.00281269 0.000911057 0.0028133 0.999995 -0.00870416 0.0268074 -0.110597
FixedParameters: 0 0 0

#Transform 65
Transform: AffineTransform_float_3_3
Parameters: 0.999999 0.000103035 -0.000990312 -0.000105963 0.999995 -0.0029939 0.000989687 0.0029941 0.999995 0.0103775 -0.0141737 -0.190661
FixedParameters: 0 0 0

#Transform 66
Transform: AffineTransform_float_3_3
Parameters: 0.999999 0.000129168 -0.000707337 -0.000130831 0.999996 -0.00259091 0.000706664 0.00259009 0.999997 -0.00593071 0.0101802 -0.141021
FixedParameters: 0 0 0

#Transform 67
Transform: AffineTransform_float_3_3
Parameters: 0.999999 0.000196407 -0.000807634 -0.000198594 0.999995 -0.00321184 0.000807366 0.00321216 0.999994 0.00649562 0.0298032 -0.18855
FixedParameters: 0 0 0

#Transform 68
Transform: AffineTransform_float_3_3
Parameters: 0.999999 -7.21859e-05 -0.000991773 6.88132e-05 0.999995 -0.00321207 0.000992226 0.00321193 0.999995 0.0320565 0.049819 -0.182301
FixedParameters: 0 0 0

#Transform 69
Transform: AffineTransform_float_3_3
Parameters: 0.999999 0.00033484 -0.000673078 -0.00033716 0.999995 -0.00321177 0.00067192 0.00321222 0.999994 -0.0112647 0.0449216 -0.143718
FixedParameters: 0 0 0

#Transform 70
Transform: AffineTransform_float_3_3
Parameters: 1 0.000332846 -0.00111425 -0.000337153 0.999993 -0.00372963 0.00111275 0.00373037 0.999993 0.00881366 0.021385 -0.223037
FixedParameters: 0 0 0

#Transform 71
Transform: AffineTransform_float_3_3
Parameters: 1 -6.17701e-05 -0.00111285 5.92295e-05 0.999997 -0.00248907 0.00111315 0.00248893 0.999997 0.029001 0.0447285 -0.159156
FixedParameters: 0 0 0

#Transform 72
Transform: AffineTransform_float_3_3
Parameters: 1 7.3831e-05 -0.00111322 -7.71695e-05 0.999996 -0.00284792 0.00111279 0.00284708 0.999996 0.018535 -0.000283545 -0.167947
FixedParameters: 0 0 0

#Transform 73
Transform: AffineTransform_float_3_3
Parameters: 1 -0.000104293 -0.000655639 0.000101705 0.999994 -0.00349707 0.000656359 0.00349693 0.999993 0.0354949 -0.00427983 -0.219385
FixedParameters: 0 0 0

#Transform 74
Transform: AffineTransform_float_3_3
Parameters: 1 0.000407197 -0.000510641 -0.000407803 0.999998 -0.00157279 0.000510359 0.00157321 0.999998 -0.001741 -0.0249593 -0.112525
FixedParameters: 0 0 0

#Transform 75
Transform: AffineTransform_float_3_3
Parameters: 1 -0.000104908 -0.00114674 0.000102091 0.999997 -0.00253612 0.00114726 0.00253588 0.999996 -0.0161609 -0.0248925 -0.182392
FixedParameters: 0 0 0

#Transform 76
Transform: AffineTransform_float_3_3
Parameters: 0.999999 -0.000558684 -0.00118227 0.000555314 0.999995 -0.00311366 0.00118474 0.00311334 0.999995 0.0294075 0.0919438 -0.214436
FixedParameters: 0 0 0

#Transform 77
Transform: AffineTransform_float_3_3
Parameters: 1 -0.000528105 -0.00103442 0.000524894 0.999996 -0.00299955 0.00103658 0.00299846 0.999995 0.0192357 0.0390934 -0.221525
FixedParameters: 0 0 0

#Transform 78
Transform: AffineTransform_float_3_3
Parameters: 0.999999 -0.000526972 -0.000846156 0.000524028 0.999993 -0.00350844 0.000847843 0.00350855 0.999993 0.028755 0.0623204 -0.212747
FixedParameters: 0 0 0

#Transform 79
Transform: AffineTransform_float_3_3
Parameters: 1 -0.000527499 -0.000959084 0.000523501 0.999993 -0.0036455 0.000960915 0.0036445 0.999993 0.0350107 0.035701 -0.268351
FixedParameters: 0 0 0

#Transform 80
Transform: AffineTransform_float_3_3
Parameters: 0.999999 -0.000525878 -0.000725642 0.000523121 0.999997 -0.00258638 0.000727355 0.00258562 0.999997 0.0324969 0.0528757 -0.227364
FixedParameters: 0 0 0

#Transform 81
Transform: AffineTransform_float_3_3
Parameters: 0.999999 -0.000526146 -0.000637233 0.000523854 0.999994 -0.00336434 0.000638766 0.00336367 0.999994 0.0185353 0.0371098 -0.239735
FixedParameters: 0 0 0

#Transform 82
Transform: AffineTransform_float_3_3
Parameters: 0.999999 -0.000526125 -0.000614186 0.000523876 0.999994 -0.00345432 0.000615813 0.00345468 0.999994 0.00732449 0.0532888 -0.245632
FixedParameters: 0 0 0

#Transform 83
Transform: AffineTransform_float_3_3
Parameters: 0.999999 -0.00052597 -0.000645399 0.000524031 0.999995 -0.00304934 0.000646601 0.00304866 0.999995 -0.00361915 0.0239134 -0.184323
FixedParameters: 0 0 0

#Transform 84
Transform: AffineTransform_float_3_3
Parameters: 0.999999 -0.000528436 -0.00114396 0.000523564 0.999993 -0.0038746 0.00114604 0.0038734 0.999992 0.00944712 0.021938 -0.231324
FixedParameters: 0 0 0

#Transform 85
Transform: AffineTransform_float_3_3
Parameters: 1 -0.00052693 -0.00101649 0.000523071 0.999995 -0.00288053 0.00101751 0.00288047 0.999996 0.000203264 0.0342523 -0.169973
FixedParameters: 0 0 0

#Transform 86
Transform: AffineTransform_float_3_3
Parameters: 1 -0.000386398 -0.00113885 0.000382603 0.999996 -0.00298144 0.00114015 0.00298156 0.999995 -0.00189645 0.0265917 -0.173501
FixedParameters: 0 0 0

#Transform 87
Transform: AffineTransform_float_3_3
Parameters: 1 -0.000527982 -0.00101293 0.000524019 0.999992 -0.00392653 0.00101507 0.00392647 0.999992 0.0356956 0.0664415 -0.22901
FixedParameters: 0 0 0

#Transform 88
Transform: AffineTransform_float_3_3
Parameters: 0.999999 -0.000775098 -0.000949105 0.000773903 0.999999 -0.00115574 0.000949895 0.00115526 0.999999 0.0252643 -0.0567749 -0.0981207
FixedParameters: 0 0 0

#Transform 89
Transform: AffineTransform_float_3_3
Parameters: 0.999999 -0.00052573 -0.000645595 0.000523271 0.999997 -0.00267734 0.000646403 0.00267666 0.999996 0.0161615 0.00336298 -0.219688
FixedParameters: 0 0 0

#Transform 90
Transform: AffineTransform_float_3_3
Parameters: 0.999999 -0.00050984 -0.00064555 0.000508161 0.999996 -0.00284833 0.000646449 0.00284767 0.999995 0.00778694 0.00378676 -0.188885
FixedParameters: 0 0 0

#Transform 91
Transform: AffineTransform_float_3_3
Parameters: 0.999999 -0.000526405 -0.000645044 0.000523595 0.999993 -0.00372334 0.000646953 0.00372266 0.999993 0.0161488 0.0584149 -0.244598
FixedParameters: 0 0 0

#Transform 92
Transform: AffineTransform_float_3_3
Parameters: 0.999999 -0.000603392 -0.000566521 0.000602609 0.999997 -0.00245434 0.00056748 0.00245366 0.999997 0.017138 0.0306147 -0.214349
FixedParameters: 0 0 0

#Transform 93
Transform: AffineTransform_float_3_3
Parameters: 0.999999 -0.000526096 -0.000645297 0.000523905 0.999994 -0.00324334 0.000646702 0.00324366 0.999994 0.0161465 0.065527 -0.239115
FixedParameters: 0 0 0

#Transform 94
Transform: AffineTransform_float_3_3
Parameters: 0.999999 -0.00052614 -0.000645261 0.000523861 0.999995 -0.00331234 0.000646738 0.00331166 0.999995 0.0194195 0.0474173 -0.256912
FixedParameters: 0 0 0

#Transform 95
Transform: AffineTransform_float_3_3
Parameters: 1 -0.000837956 -0.000644466 0.000836046 0.999995 -0.00302854 0.000646535 0.00302746 0.999995 0.023654 0.0164548 -0.216561
FixedParameters: 0 0 0

#Transform 96
Transform: AffineTransform_float_3_3
Parameters: 0.999999 -0.000526631 -0.00064486 0.000523367 0.999991 -0.00407434 0.000647138 0.00407366 0.999992 0.0371853 0.0712925 -0.272835
FixedParameters: 0 0 0

#Transform 97
Transform: AffineTransform_float_3_3
Parameters: 0.999999 -0.000526278 -0.000702298 0.000523722 0.999994 -0.00324037 0.0007037 0.00323963 0.999994 0.0216177 0.0311578 -0.236029
FixedParameters: 0 0 0

#Transform 98
Transform: AffineTransform_float_3_3
Parameters: 0.999999 -0.000525994 -0.000579195 0.000524006 0.999994 -0.0034383 0.000580805 0.0034377 0.999994 0.0306515 0.0211011 -0.206136
FixedParameters: 0 0 0

#Transform 99
Transform: AffineTransform_float_3_3
Parameters: 1 -0.000527481 -0.000894958 0.00052352 0.999993 -0.00388447 0.000897041 0.00388453 0.999992 0.0339676 0.0525289 -0.249526
FixedParameters: 0 0 0

#Transform 100
Transform: AffineTransform_float_3_3
Parameters: 0.999999 -0.000526344 -0.000645094 0.000523656 0.999994 -0.00362934 0.000646904 0.00362866 0.999993 0.0313365 0.0511899 -0.255404
FixedParameters: 0 0 0

#Transform 101
Transform: AffineTransform_float_3_3
Parameters: 0.999999 -0.000526243 -0.000645176 0.000523757 0.999994 -0.00347234 0.000646822 0.00347166 0.999994 0.0271576 0.0788469 -0.226896
FixedParameters: 0 0 0

#Transform 102
Transform: AffineTransform_float_3_3
Parameters: 1 -0.000528357 -0.00104781 0.000523646 0.999991 -0.00415455 0.00104918 0.00415345 0.999991 0.0355486 0.0385143 -0.267127
FixedParameters: 0 0 0

#Transform 103
Transform: AffineTransform_float_3_3
Parameters: 0.999999 -0.000526389 -0.000645057 0.000523611 0.999993 -0.00369834 0.00064694 0.00369766 0.999993 0.031332 0.0672379 -0.256686
FixedParameters: 0 0 0

#Transform 104
Transform: AffineTransform_float_3_3
Parameters: 0.999999 -0.000527002 -0.000794014 0.000523997 0.999992 -0.00377742 0.000795984 0.00377658 0.999992 0.0228204 0.0145864 -0.235248
FixedParameters: 0 0 0

#Transform 105
Transform: AffineTransform_float_3_3
Parameters: 1 -0.000528849 -0.00107062 0.000523155 0.999989 -0.00452356 0.00107238 0.00452344 0.999989 0.0357723 0.075429 -0.282383
FixedParameters: 0 0 0

#Transform 106
Transform: AffineTransform_float_3_3
Parameters: 1 -0.000712026 -0.00064477 0.000709973 0.999995 -0.00313746 0.00064723 0.00313654 0.999995 0.0358442 0.055516 -0.245708
FixedParameters: 0 0 0

#Transform 107
Transform: AffineTransform_float_3_3
Parameters: 1 -0.000962734 -0.000642926 0.000960266 0.99999 -0.00423862 0.000647076 0.00423838 0.999991 0.0418012 0.0614942 -0.269216
FixedParameters: 0 0 0

#Transform 108
Transform: AffineTransform_float_3_3
Parameters: 1 -0.000992317 -0.000643442 0.000989685 0.999993 -0.00359064 0.000646558 0.00359036 0.999994 0.0550283 0.0615159 -0.261127
FixedParameters: 0 0 0

#Transform 109
Transform: AffineTransform_float_3_3
Parameters: 0.999999 -0.00109097 -0.000870042 0.00108703 0.999989 -0.00455395 0.000874959 0.00455305 0.99999 0.0629596 0.0699354 -0.259825
FixedParameters: 0 0 0

#Transform 110
Transform: AffineTransform_float_3_3
Parameters: 1 -0.000993142 -0.000642166 0.000989858 0.999987 -0.00487564 0.000646833 0.00487436 0.999988 0.0626253 0.0425087 -0.261272
FixedParameters: 0 0 0

#Transform 111
Transform: AffineTransform_float_3_3
Parameters: 0.999999 -0.0010836 -0.00064263 0.0010814 0.999992 -0.0040377 0.000646371 0.0040373 0.999991 0.0413581 -0.0119316 -0.192948
FixedParameters: 0 0 0

#Transform 112
Transform: AffineTransform_float_3_3
Parameters: 0.999999 -0.000994931 -0.000924724 0.000990069 0.999986 -0.00531692 0.000930277 0.00531608 0.999986 0.0517755 0.0664199 -0.268374
FixedParameters: 0 0 0

#Transform 113
Transform: AffineTransform_float_3_3
Parameters: 1 -0.00099389 -0.000641008 0.000990111 0.999982 -0.00604064 0.000646992 0.00603936 0.999981 0.0429902 0.105572 -0.342266
FixedParameters: 0 0 0

#Transform 114
Transform: AffineTransform_float_3_3
Parameters: 1 -0.000785042 -0.000827183 0.00078096 0.999988 -0.00487465 0.000830817 0.00487435 0.999988 0.0360097 0.0277441 -0.276145
FixedParameters: 0 0 0

#Transform 115
Transform: AffineTransform_float_3_3
Parameters: 0.999999 -0.000996623 -0.0011312 0.000989379 0.999983 -0.00584013 0.0011368 0.00583888 0.999983 0.058041 0.0206663 -0.364357
FixedParameters: 0 0 0

#Transform 116
Transform: AffineTransform_float_3_3
Parameters: 0.999999 -0.00107198 -0.0011585 0.00106602 0.999986 -0.00514824 0.0011645 0.00514676 0.999986 0.0654981 0.0650287 -0.340649
FixedParameters: 0 0 0

#Transform 117
Transform: AffineTransform_float_3_3
Parameters: 0.999999 -0.00106991 -0.00113445 0.00106408 0.999986 -0.00520021 0.00114055 0.00519878 0.999986 0.0652196 0.066287 -0.3136
FixedParameters: 0 0 0

#Transform 118
Transform: AffineTransform_float_3_3
Parameters: 0.999998 -0.00099824 -0.00131277 0.000989757 0.99998 -0.00626331 0.00131922 0.00626169 0.99998 0.0653592 0.0708551 -0.370193
FixedParameters: 0 0 0

#Transform 119
Transform: AffineTransform_float_3_3
Parameters: 0.999998 -0.00114054 -0.00122595 0.00113346 0.999985 -0.0053204 0.00123205 0.0053186 0.999985 0.0678029 0.0768228 -0.305551
FixedParameters: 0 0 0

#Transform 120
Transform: AffineTransform_float_3_3
Parameters: 0.999999 -0.000996996 -0.00118615 0.000990005 0.999982 -0.00588418 0.00119184 0.00588282 0.999982 0.0640854 0.00711563 -0.329451
FixedParameters: 0 0 0

#Transform 121
Transform: AffineTransform_float_3_3
Parameters: 0.999998 -0.000999087 -0.00137544 0.000989914 0.999978 -0.00659237 0.00138155 0.00659063 0.999978 0.0594368 0.0964567 -0.336551
FixedParameters: 0 0 0

#Transform 122
Transform: AffineTransform_float_3_3
Parameters: 0.999998 -0.00099676 -0.00129583 0.000989238 0.999986 -0.00520729 0.00130117 0.00520571 0.999985 0.0391577 0.0674479 -0.264912
FixedParameters: 0 0 0

#Transform 123
Transform: AffineTransform_float_3_3
Parameters: 0.999998 -0.000997461 -0.00129529 0.00098954 0.999983 -0.00574829 0.00130071 0.00574671 0.999982 0.0528759 0.0472119 -0.328072
FixedParameters: 0 0 0

#Transform 124
Transform: AffineTransform_float_3_3
Parameters: 0.999998 -0.00109365 -0.00129457 0.00108535 0.999982 -0.00589941 0.00130042 0.00589758 0.999982 0.0748943 0.0945746 -0.364555
FixedParameters: 0 0 0

#Transform 125
Transform: AffineTransform_float_3_3
Parameters: 0.999998 -0.00140528 -0.000942175 0.00139972 0.999984 -0.00557933 0.000949824 0.00557868 0.999984 0.0530704 0.0594017 -0.219481
FixedParameters: 0 0 0

#Transform 126
Transform: AffineTransform_float_3_3
Parameters: 0.999999 -0.0011356 -0.00101567 0.00112941 0.999979 -0.00647015 0.00102233 0.00646985 0.999978 0.0591343 0.0901491 -0.378121
FixedParameters: 0 0 0

#Transform 127
Transform: AffineTransform_float_3_3
Parameters: 0.999999 -0.00112066 -0.000532448 0.00111834 0.999987 -0.0049606 0.000538554 0.0049604 0.999987 0.0488325 0.0496142 -0.325344
FixedParameters: 0 0 0

#Transform 128
Transform: AffineTransform_float_3_3
Parameters: 0.999999 -0.000996265 -0.00100583 0.000989734 0.99998 -0.00621 0.00101217 0.006209 0.99998 0.080312 0.072249 -0.391771
FixedParameters: 0 0 0

#Transform 129
Transform: AffineTransform_float_3_3
Parameters: 0.999998 -0.00143625 -0.000924891 0.00143074 0.999983 -0.00565633 0.000933107 0.00565567 0.999983 0.0900313 0.0355348 -0.378931
FixedParameters: 0 0 0

#Transform 130
Transform: AffineTransform_float_3_3
Parameters: 0.999999 -0.00126984 -0.00131347 0.00126216 0.999981 -0.00595067 0.00132153 0.00594833 0.999982 0.0899849 0.0851412 -0.369613
FixedParameters: 0 0 0

#Transform 131
Transform: AffineTransform_float_3_3
Parameters: 0.999998 -0.00141739 -0.00126164 0.00140961 0.999977 -0.00662479 0.00127137 0.00662321 0.999978 0.10049 0.070256 -0.420844
FixedParameters: 0 0 0

#Transform 132
Transform: AffineTransform_float_3_3
Parameters: 0.999998 -0.00138132 -0.000974508 0.00137568 0.999985 -0.00543435 0.000982488 0.00543265 0.999985 0.0891505 0.0454405 -0.347274
FixedParameters: 0 0 0

#Transform 133
Transform: AffineTransform_float_3_3
Parameters: 0.999999 -0.00133212 -0.00126249 0.00132388 0.999978 -0.00640968 0.00127151 0.00640731 0.999978 0.0910022 0.0481171 -0.371242
FixedParameters: 0 0 0

#Transform 134
Transform: AffineTransform_float_3_3
Parameters: 0.999999 -0.000945039 -0.00120228 0.000938962 0.999987 -0.00501413 0.00120672 0.00501286 0.999986 0.0809556 0.0748654 -0.353432
FixedParameters: 0 0 0

#Transform 135
Transform: AffineTransform_float_3_3
Parameters: 0.999999 -0.00138181 -0.00101614 0.00137619 0.999983 -0.00569941 0.00102386 0.00569759 0.999983 0.0752394 0.0825127 -0.335147
FixedParameters: 0 0 0

#Transform 136
Transform: AffineTransform_float_3_3
Parameters: 0.999998 -0.00101371 -0.00126486 0.00100629 0.999981 -0.00608228 0.00127114 0.00608172 0.99998 0.0760628 0.0897879 -0.371916
FixedParameters: 0 0 0

#Transform 137
Transform: AffineTransform_float_3_3
Parameters: 0.999998 -0.00111138 -0.00126543 0.00110562 0.999986 -0.00503141 0.00127158 0.0050306 0.999987 0.0608017 0.0859983 -0.335606
FixedParameters: 0 0 0

#Transform 138
Transform: AffineTransform_float_3_3
Parameters: 1 -0.000942885 -0.000753164 0.000939112 0.999987 -0.00514072 0.000758838 0.00514029 0.999987 0.0648937 0.0906726 -0.333441
FixedParameters: 0 0 0

#Transform 139
Transform: AffineTransform_float_3_3
Parameters: 0.999999 -0.00102606 -0.00112963 0.00101894 0.99998 -0.00623316 0.00113637 0.00623184 0.99998 0.0712222 0.0718444 -0.37178
FixedParameters: 0 0 0

#Transform 140
Transform: AffineTransform_float_3_3
Parameters: 0.999999 -0.000944277 -0.000951795 0.000938723 0.999985 -0.0055289 0.000957205 0.0055281 0.999985 0.0555862 0.0860154 -0.348914
FixedParameters: 0 0 0

#Transform 141
Transform: AffineTransform_float_3_3
Parameters: 0.999998 -0.0013327 -0.000885963 0.00132829 0.999985 -0.00529019 0.000893039 0.00528882 0.999986 0.0633827 0.0377221 -0.33483
FixedParameters: 0 0 0

#Transform 142
Transform: AffineTransform_float_3_3
Parameters: 0.999999 -0.000945925 -0.00114733 0.000939078 0.999982 -0.00602109 0.00115267 0.00601992 0.999981 0.0805135 0.0277339 -0.381339
FixedParameters: 0 0 0

#Transform 143
Transform: AffineTransform_float_3_3
Parameters: 0.999998 -0.0014251 -0.00126304 0.0014179 0.999984 -0.00560181 0.00127096 0.0056002 0.999984 0.0931774 0.0930507 -0.37069
FixedParameters: 0 0 0

#Transform 144
Transform: AffineTransform_float_3_3
Parameters: 0.999999 -0.0011867 -0.00126382 0.0011783 0.999981 -0.0060735 0.00127118 0.0060715 0.999981 0.0874881 0.0796189 -0.364623
FixedParameters: 0 0 0

#Transform 145
Transform: AffineTransform_float_3_3
Parameters: 0.999998 -0.00136779 -0.00178704 0.00135621 0.999978 -0.00658244 0.00179596 0.00657956 0.999976 0.103247 0.0550011 -0.405517
FixedParameters: 0 0 0

#Transform 146
Transform: AffineTransform_float_3_3
Parameters: 0.999998 -0.00136153 -0.00131625 0.00135447 0.999983 -0.00570779 0.00132375 0.00570621 0.999983 0.0920882 0.0329265 -0.299085
FixedParameters: 0 0 0

#Transform 147
Transform: AffineTransform_float_3_3
Parameters: 0.999999 -0.0017712 -0.000454729 0.0017678 0.999975 -0.00693482 0.00046727 0.00693419 0.999976 0.0933608 0.01128 -0.384011
FixedParameters: 0 0 0

#Transform 148
Transform: AffineTransform_float_3_3
Parameters: 0.999998 -0.00177475 -0.000806318 0.00176826 0.999964 -0.00828944 0.000820686 0.00828856 0.999966 0.0906651 0.0878618 -0.456774
FixedParameters: 0 0 0

#Transform 149
Transform: AffineTransform_float_3_3
Parameters: 0.999998 -0.00177507 -0.000881908 0.00176793 0.999967 -0.00795557 0.000896093 0.00795442 0.999968 0.0976582 0.0790067 -0.43142
FixedParameters: 0 0 0

#Transform 150
Transform: AffineTransform_float_3_3
Parameters: 0.999998 -0.00177766 -0.00113906 0.00176834 0.999963 -0.00842503 0.00115394 0.00842297 0.999964 0.114165 0.0504577 -0.450637
FixedParameters: 0 0 0

#Transform 151
Transform: AffineTransform_float_3_3
Parameters: 0.999998 -0.00177681 -0.0009619 0.00176819 0.999957 -0.00908472 0.000978101 0.00908228 0.999959 0.125076 0.0904352 -0.496195
FixedParameters: 0 0 0

#Transform 152
Transform: AffineTransform_float_3_3
Parameters: 0.999998 -0.00177554 -0.000943959 0.00176846 0.999967 -0.00792569 0.000958044 0.00792332 0.999968 0.113231 0.0507372 -0.437564
FixedParameters: 0 0 0

#Transform 153
Transform: AffineTransform_float_3_3
Parameters: 0.999998 -0.00177726 -0.00110728 0.00176774 0.999964 -0.00830697 0.00112172 0.00830502 0.999965 0.114901 0.0664758 -0.459157
FixedParameters: 0 0 0

#Transform 154
Transform: AffineTransform_float_3_3
Parameters: 0.999998 -0.00177608 -0.00101498 0.00176792 0.999967 -0.00791081 0.00102902 0.00790919 0.999968 0.113948 0.0627405 -0.499785
FixedParameters: 0 0 0

#Transform 155
Transform: AffineTransform_float_3_3
Parameters: 0.999998 -0.0017741 -0.000840234 0.0017679 0.999973 -0.0072085 0.000852764 0.0072065 0.999973 0.112148 0.0550956 -0.437588
FixedParameters: 0 0 0

#Transform 156
Transform: AffineTransform_float_3_3
Parameters: 0.999998 -0.00177605 -0.000997815 0.00176795 0.999967 -0.00800579 0.00101219 0.00800423 0.999968 0.113761 0.0825789 -0.463517
FixedParameters: 0 0 0

#Transform 157
Transform: AffineTransform_float_3_3
Parameters: 0.999999 -0.00141779 -0.0010051 0.00141021 0.99997 -0.00771043 0.0010159 0.00770857 0.99997 0.101665 0.082582 -0.463321
FixedParameters: 0 0 0

#Transform 158
Transform: AffineTransform_float_3_3
Parameters: 0.999998 -0.00177393 -0.000860891 0.00176807 0.999975 -0.00683854 0.000873111 0.00683747 0.999976 0.101056 0.062495 -0.397225
FixedParameters: 0 0 0

#Transform 159
Transform: AffineTransform_float_3_3
Parameters: 0.999998 -0.00177678 -0.00107664 0.00176821 0.999965 -0.00810391 0.00109136 0.00810207 0.999966 0.10712 0.0899608 -0.434713
FixedParameters: 0 0 0

#Transform 160
Transform: AffineTransform_float_3_3
Parameters: 0.999998 -0.0016096 -0.000994814 0.0016014 0.99997 -0.0075896 0.00100718 0.00758839 0.99997 0.109728 0.0922219 -0.450904
FixedParameters: 0 0 0

#Transform 161
Transform: AffineTransform_float_3_3
Parameters: 0.999998 -0.00177431 -0.000904736 0.00176769 0.999975 -0.00692461 0.000917262 0.00692339 0.999975 0.0976902 0.074975 -0.406784
FixedParameters: 0 0 0

#Transform 162
Transform: AffineTransform_float_3_3
Parameters: 0.999998 -0.0017759 -0.000991993 0.0017681 0.999967 -0.00790577 0.00100601 0.00790423 0.999969 0.113741 0.030594 -0.448897
FixedParameters: 0 0 0

#Transform 163
Transform: AffineTransform_float_3_3
Parameters: 0.999998 -0.00177642 -0.00108331 0.00176858 0.999968 -0.00772293 0.00109669 0.00772106 0.999969 0.11463 0.0508331 -0.467593
FixedParameters: 0 0 0

#Transform 164
Transform: AffineTransform_float_3_3
Parameters: 0.999999 -0.00124653 -0.00119423 0.00123948 0.999985 -0.00544949 0.00120077 0.00544752 0.999985 0.0869631 -0.00418145 -0.33397
FixedParameters: 0 0 0

#Transform 165
Transform: AffineTransform_float_3_3
Parameters: 0.999998 -0.00121652 -0.0011974 0.00120848 0.999974 -0.00709046 0.0012056 0.00708855 0.999974 0.0577174 0.0472179 -0.406509
FixedParameters: 0 0 0

#Transform 166
Transform: AffineTransform_float_3_3
Parameters: 0.999999 -0.00138056 -0.00116089 0.00137144 0.999972 -0.00734361 0.0011711 0.0073424 0.999973 0.0743563 0.0568538 -0.408538
FixedParameters: 0 0 0

#Transform 167
Transform: AffineTransform_float_3_3
Parameters: 0.999999 -0.00142825 -0.00105795 0.00141975 0.999969 -0.00775852 0.00106905 0.00775649 0.99997 0.100801 0.0605632 -0.436837
FixedParameters: 0 0 0

#Transform 168
Transform: AffineTransform_float_3_3
Parameters: 0.999998 -0.00161835 -0.00112913 0.00160965 0.999971 -0.00735683 0.00114087 0.00735517 0.999973 0.110789 0.114857 -0.442064
FixedParameters: 0 0 0

#Transform 169
Transform: AffineTransform_float_3_3
Parameters: 0.999999 -0.00123482 -0.000947176 0.00122818 0.999973 -0.00716617 0.000955825 0.00716482 0.999974 0.0750419 0.0327104 -0.407223
FixedParameters: 0 0 0

#Transform 170
Transform: AffineTransform_float_3_3
Parameters: 0.999998 -0.000921289 -0.00136813 0.000910713 0.999972 -0.00750126 0.00137487 0.00750075 0.999971 0.0965046 0.0817918 -0.401721
FixedParameters: 0 0 0

#Transform 171
Transform: AffineTransform_float_3_3
Parameters: 0.999999 -0.0009215 -0.00105952 0.000914496 0.999974 -0.00705798 0.00106648 0.00705703 0.999975 0.0628012 0.0555668 -0.385917
FixedParameters: 0 0 0

#Transform 172
Transform: AffineTransform_float_3_3
Parameters: 0.999999 -0.000714884 -0.00106073 0.000707114 0.999973 -0.00741476 0.00106627 0.00741325 0.999972 0.0766495 0.0530378 -0.439148
FixedParameters: 0 0 0

#Transform 173
Transform: AffineTransform_float_3_3
Parameters: 0.999999 -0.00114891 -0.00137193 0.00113809 0.999968 -0.00792857 0.00138107 0.00792742 0.999967 0.10213 0.0520062 -0.473945
FixedParameters: 0 0 0

#Transform 174
Transform: AffineTransform_float_3_3
Parameters: 0.999999 -0.000864773 -0.0010597 0.000856225 0.999973 -0.00731391 0.00106629 0.00731308 0.999972 0.0921258 0.097378 -0.436289
FixedParameters: 0 0 0

#Transform 175
Transform: AffineTransform_float_3_3
Parameters: 0.999999 -0.00115104 -0.0014169 0.00114096 0.999975 -0.00706963 0.0014251 0.00706737 0.999974 0.102677 0.0522494 -0.420151
FixedParameters: 0 0 0

#Transform 176
Transform: AffineTransform_float_3_3
Parameters: 0.999998 -0.00113496 -0.00153221 0.00112304 0.999969 -0.00778473 0.00154079 0.00778326 0.999968 0.112651 0.0633621 -0.487195
FixedParameters: 0 0 0

#Transform 177
Transform: AffineTransform_float_3_3
Parameters: 0.999998 -0.0015475 -0.00105509 0.0015405 0.999974 -0.00706864 0.00106592 0.00706736 0.999975 0.1305 0.0624365 -0.450947
FixedParameters: 0 0 0

#Transform 178
Transform: AffineTransform_float_3_3
Parameters: 0.999998 -0.00156956 -0.00105336 0.00156145 0.999966 -0.00807366 0.00106564 0.00807234 0.999967 0.138714 0.0919863 -0.50318
FixedParameters: 0 0 0

#Transform 179
Transform: AffineTransform_float_3_3
Parameters: 0.999998 -0.00116646 -0.00112933 0.00115755 0.999972 -0.00745932 0.00113766 0.00745768 0.999971 0.135602 0.0674395 -0.502581
FixedParameters: 0 0 0

#Transform 180
Transform: AffineTransform_float_3_3
Parameters: 0.999998 -0.00124153 -0.00121232 0.00123247 0.999968 -0.0078305 0.00122169 0.00782949 0.999968 0.101701 0.0508728 -0.365944
FixedParameters: 0 0 0

#Transform 181
Transform: AffineTransform_float_3_3
Parameters: 0.999999 -0.00100431 -0.00148374 0.000992684 0.999966 -0.00827749 0.00149227 0.00827551 0.999964 0.107613 0.0942997 -0.48074
FixedParameters: 0 0 0

#Transform 182
Transform: AffineTransform_float_3_3
Parameters: 0.999998 -0.00124339 -0.00143204 0.00123261 0.999973 -0.00723478 0.00144095 0.00723222 0.999973 0.112894 0.071035 -0.482551
FixedParameters: 0 0 0

#Transform 183
Transform: AffineTransform_float_3_3
Parameters: 0.999999 -0.00141188 -0.00105555 0.00140412 0.999972 -0.0074255 0.00106645 0.00742351 0.999972 0.113219 0.026687 -0.486817
FixedParameters: 0 0 0

#Transform 184
Transform: AffineTransform_float_3_3
Parameters: 0.999998 -0.00142459 -0.0015031 0.00141241 0.99997 -0.00768315 0.0015139 0.00768187 0.99997 0.134784 0.0481634 -0.542995
FixedParameters: 0 0 0

#Transform 185
Transform: AffineTransform_float_3_3
Parameters: 0.999998 -0.00167985 -0.00105359 0.00167215 0.999971 -0.00740778 0.00106641 0.00740522 0.999972 0.136881 0.109327 -0.532084
FixedParameters: 0 0 0

#Transform 186
Transform: AffineTransform_float_3_3
Parameters: 0.999998 -0.00139626 -0.00128394 0.00138675 0.999968 -0.00795279 0.00129407 0.00795121 0.999967 0.126883 0.0641193 -0.501496
FixedParameters: 0 0 0

#Transform 187
Transform: AffineTransform_float_3_3
Parameters: 0.999999 -0.000903429 -0.00146541 0.000890576 0.999964 -0.00845932 0.00147259 0.00845868 0.999963 0.124357 0.0581877 -0.539621
FixedParameters: 0 0 0

#Transform 188
Transform: AffineTransform_float_3_3
