# transform file /out/sourcedata/freesurfer/sub-v2s2x29092_ses-1/mri/transforms/cc_up.lta
# created by oesteban on Fri Mar 13 00:43:10 2026

type      = 0 # LINEAR_VOX_TO_VOX
nxforms   = 1
mean      = 129.0000 135.0000 123.0000
sigma     = 10000.0000
1 4 4
9.998296499252319e-01 1.462280843406916e-02 -1.127190422266722e-02 -2.762256622314453e+00 
-1.462187990546227e-02 9.998931884765625e-01 1.648445031605661e-04 1.088496589660645e+01 
1.127310935407877e-02 0.000000000000000e+00 9.999365210533142e-01 1.054917144775391e+01 
0.000000000000000e+00 0.000000000000000e+00 0.000000000000000e+00 1.000000000000000e+00 
src volume info
valid = 1  # volume info valid
filename = /out/sourcedata/freesurfer/sub-v2s2x29092_ses-1/mri/norm.mgz
volume = 256 256 256
voxelsize = 8.984374403953552e-01 8.984374403953552e-01 8.984374403953552e-01
xras   = -1.000000000000000e+00 0.000000000000000e+00 0.000000000000000e+00
yras   = 0.000000000000000e+00 0.000000000000000e+00 -1.000000119209290e+00
zras   = 0.000000000000000e+00 1.000000119209290e+00 0.000000000000000e+00
cras   = 1.707145690917969e+00 -1.205867767333984e+01 1.980299758911133e+01
dst volume info
valid = 1  # volume info valid
filename = /out/sourcedata/freesurfer/sub-v2s2x29092_ses-1/mri/norm.mgz
volume = 256 256 256
voxelsize = 8.984374403953552e-01 8.984374403953552e-01 8.984374403953552e-01
xras   = -1.000000000000000e+00 0.000000000000000e+00 0.000000000000000e+00
yras   = 0.000000000000000e+00 0.000000000000000e+00 -1.000000119209290e+00
zras   = 0.000000000000000e+00 1.000000119209290e+00 0.000000000000000e+00
cras   = 1.707145690917969e+00 -1.205867767333984e+01 1.980299758911133e+01
