#Insight Transform File V1.0
#Transform 0
Transform: AffineTransform_float_3_3
Parameters: 0.999994 -0.00323859 0.000403241 0.0032374 0.999993 0.00147031 -0.000407757 -0.00146869 0.999999 0.197561 -0.00318698 0.0731935
FixedParameters: 0 0 0

#Transform 1
Transform: AffineTransform_float_3_3
Parameters: 0.999997 -0.00259766 0.000710593 0.00259734 0.999996 0.000927849 -0.000713409 -0.000926151 1 0.17892 0.0196878 0.0807831
FixedParameters: 0 0 0

#Transform 2
Transform: AffineTransform_float_3_3
Parameters: 0.999998 -0.00188378 0.000758068 0.00188322 0.999997 0.00102643 -0.000759933 -0.00102557 0.999999 0.136155 0.0310508 0.109482
FixedParameters: 0 0 0

#Transform 3
Transform: AffineTransform_float_3_3
Parameters: 0.999997 -0.00207254 0.000799016 0.00207146 0.999996 0.00192366 -0.000802985 -0.00192234 0.999998 0.140079 0.0193983 0.144622
FixedParameters: 0 0 0

#Transform 4
Transform: AffineTransform_float_3_3
Parameters: 0.999997 -0.00188721 0.000984769 0.00188478 0.999995 0.00224386 -0.00098923 -0.00224214 0.999997 0.149049 0.0300061 0.10532
FixedParameters: 0 0 0

#Transform 5
Transform: AffineTransform_float_3_3
Parameters: 0.999997 -0.00215927 0.000984041 0.00215673 0.999995 0.00229913 -0.000988959 -0.00229687 0.999997 0.154842 -0.00888671 0.126455
FixedParameters: 0 0 0

#Transform 6
Transform: AffineTransform_float_3_3
Parameters: 0.999998 -0.00215853 0.000593466 0.00215747 0.999995 0.00256529 -0.000598535 -0.00256371 0.999996 0.156232 0.0505922 0.134078
FixedParameters: 0 0 0

#Transform 7
Transform: AffineTransform_float_3_3
Parameters: 0.999997 -0.00191852 0.000986039 0.00191647 0.999997 0.00154489 -0.00098896 -0.00154311 0.999999 0.149563 0.0931647 0.0597062
FixedParameters: 0 0 0

#Transform 8
Transform: AffineTransform_float_3_3
Parameters: 0.999997 -0.00210961 0.000782681 0.00210739 0.999995 0.00204865 -0.000787317 -0.00204734 0.999997 0.153557 0.0474022 0.115717
FixedParameters: 0 0 0

#Transform 9
Transform: AffineTransform_float_3_3
Parameters: 0.999997 -0.00216182 0.000485368 0.00216118 0.999997 0.00168105 -0.000489633 -0.00167995 0.999999 0.153165 0.0841868 0.101019
FixedParameters: 0 0 0

#Transform 10
Transform: AffineTransform_float_3_3
Parameters: 0.999996 -0.00250888 0.000549974 0.00250811 0.999995 0.00160538 -0.000554024 -0.00160361 0.999998 0.168234 0.0464396 0.134745
FixedParameters: 0 0 0

#Transform 11
Transform: AffineTransform_float_3_3
Parameters: 0.999996 -0.00255012 0.000557878 0.00254887 0.999994 0.00200943 -0.00056312 -0.00200757 0.999998 0.174368 0.0117077 0.118066
FixedParameters: 0 0 0

#Transform 12
Transform: AffineTransform_float_3_3
Parameters: 0.999997 -0.00238291 0.000611446 0.00238208 0.999996 0.00149246 -0.000615553 -0.00149054 0.999998 0.154241 0.0653247 0.0746903
FixedParameters: 0 0 0

#Transform 13
Transform: AffineTransform_float_3_3
Parameters: 0.999997 -0.00243245 0.000652624 0.00243155 0.999994 0.00221159 -0.000658378 -0.00221041 0.999998 0.165435 -0.0192216 0.118375
FixedParameters: 0 0 0

#Transform 14
Transform: AffineTransform_float_3_3
Parameters: 0.999996 -0.00254942 0.000610228 0.00254857 0.999996 0.000695557 -0.000611771 -0.000694442 0.999999 0.148271 0.0145259 0.0261887
FixedParameters: 0 0 0

#Transform 15
Transform: AffineTransform_float_3_3
Parameters: 0.999997 -0.00231975 0.000538791 0.00231825 0.999997 0.00138425 -0.000541208 -0.00138275 0.999999 0.140835 0.0379169 0.114406
FixedParameters: 0 0 0

#Transform 16
Transform: AffineTransform_float_3_3
Parameters: 0.999999 -0.00146925 0.00054132 0.00146875 0.999999 0.000462795 -0.000541679 -0.000462205 0.999999 0.113708 0.0727299 0.112634
FixedParameters: 0 0 0

#Transform 17
Transform: AffineTransform_float_3_3
Parameters: 0.999998 -0.00155849 0.000540599 0.00155851 0.999999 0.000899845 -0.000541402 -0.000899158 1 0.091147 0.0383979 0.139062
FixedParameters: 0 0 0

#Transform 18
Transform: AffineTransform_float_3_3
Parameters: 0.999999 -0.000962438 0.00098555 0.000962562 1 -0.000570052 -0.000984451 0.000570948 1 0.0143168 0.0860025 -0.274482
FixedParameters: 0 0 0

#Transform 19
Transform: AffineTransform_float_3_3
Parameters: 1 -0.00060633 0.000163781 0.000605669 0.999998 0.0020111 -0.000165218 -0.0020109 0.999998 0.0453448 0.038102 -0.0438535
FixedParameters: 0 0 0

#Transform 20
Transform: AffineTransform_float_3_3
Parameters: 1 0.000134988 7.70219e-05 -0.000135012 1 0.00016199 -7.69781e-05 -0.00016201 1 -0.00206877 -0.00189901 0.0118916
FixedParameters: 0 0 0

#Transform 21
Transform: AffineTransform_float_3_3
Parameters: 0.999999 0.000619819 0.000409273 -0.00062018 0.999999 0.000440746 -0.000409726 -0.000441254 1 -0.0337043 0.0294429 0.0884201
FixedParameters: 0 0 0

#Transform 22
Transform: AffineTransform_float_3_3
Parameters: 0.999998 0.0020392 -0.000243338 -0.0020388 0.999997 0.000815497 0.000245663 -0.0008155 0.999999 -0.129827 0.0295118 0.0790114
FixedParameters: 0 0 0

#Transform 23
Transform: AffineTransform_float_3_3
Parameters: 1 0.000951283 -0.000263983 -0.000951718 0.999999 0.00106925 0.000265018 -0.00106875 1 -0.0912569 0.0242986 0.120005
FixedParameters: 0 0 0

#Transform 24
Transform: AffineTransform_float_3_3
Parameters: 0.999997 0.000324859 -0.00214127 -0.00032014 0.999998 0.00226869 0.00214273 -0.00226831 0.999995 -0.112432 -0.0622702 0.365508
FixedParameters: 0 0 0

#Transform 25
Transform: AffineTransform_float_3_3
Parameters: 0.999999 0.00139164 -0.00110446 -0.00139136 0.999999 -0.000328464 0.00110454 0.000329538 1 -0.153456 -0.051414 0.113387
FixedParameters: 0 0 0

#Transform 26
Transform: AffineTransform_float_3_3
Parameters: 0.999999 0.000816697 -0.00105901 -0.000817303 0.999999 -0.00123014 0.00105799 0.00123186 0.999998 -0.137027 -0.0320675 0.0370546
FixedParameters: 0 0 0

#Transform 27
Transform: AffineTransform_float_3_3
Parameters: 0.999999 0.00131877 -0.000363834 -0.00131923 0.999999 -0.00063252 0.000363166 0.000632479 0.999999 -0.138977 -0.0061999 0.0508627
FixedParameters: 0 0 0

#Transform 28
Transform: AffineTransform_float_3_3
Parameters: 0.999999 0.00130166 -0.000270631 -0.00130234 0.999999 -0.00125265 0.000268368 0.00125335 0.999999 -0.139029 -0.0310293 -0.0311221
FixedParameters: 0 0 0

#Transform 29
Transform: AffineTransform_float_3_3
Parameters: 0.999999 0.00124565 -0.000311408 -0.00124535 0.999998 -0.00112961 0.000310593 0.00113039 1 -0.120083 0.0331837 0.0239569
FixedParameters: 0 0 0

#Transform 30
Transform: AffineTransform_float_3_3
Parameters: 0.999997 0.00245003 1.38643e-05 -0.00244997 0.999995 -0.00168804 -1.71355e-05 0.00168796 0.999998 -0.163621 0.123136 -0.0520456
FixedParameters: 0 0 0

#Transform 31
Transform: AffineTransform_float_3_3
Parameters: 0.999999 0.00135866 -0.000427069 -0.00135934 0.999999 -0.00078642 0.000425931 0.000786579 0.999999 -0.11204 -0.028059 -0.00593148
FixedParameters: 0 0 0

#Transform 32
Transform: AffineTransform_float_3_3
Parameters: 0.999999 0.00144192 -0.000112061 -0.00144208 0.999998 -0.000735839 0.000110939 0.00073616 0.999999 -0.126475 -0.0091028 -0.0123299
FixedParameters: 0 0 0

#Transform 33
Transform: AffineTransform_float_3_3
Parameters: 0.999999 0.00107089 0.00059519 -0.00107111 0.999999 0.000177362 -0.00059481 -0.000177637 1 -0.223537 0.0632415 0.016571
FixedParameters: 0 0 0

#Transform 34
Transform: AffineTransform_float_3_3
Parameters: 0.999978 0.00411044 0.00506916 -0.00410156 0.99999 -0.00167483 -0.00507683 0.00165417 0.999985 -0.574297 0.406524 -0.5157
FixedParameters: 0 0 0

#Transform 35
Transform: AffineTransform_float_3_3
Parameters: 0.999985 0.000878355 0.0055423 -0.000834644 0.999969 -0.00782075 -0.0055487 0.00781525 0.999954 -0.606189 -0.0520664 -0.490558
FixedParameters: 0 0 0

#Transform 36
Transform: AffineTransform_float_3_3
Parameters: 0.999997 0.00127286 0.002325 -0.00126014 0.999984 -0.00552595 -0.002332 0.00552305 0.999982 -0.510262 -0.0362038 -0.434737
FixedParameters: 0 0 0

#Transform 37
Transform: AffineTransform_float_3_3
Parameters: 0.999994 0.00187467 0.0029397 -0.00186034 0.999986 -0.0049835 -0.0029483 0.0049785 0.999984 -0.461024 0.130429 -0.533549
FixedParameters: 0 0 0

#Transform 38
Transform: AffineTransform_float_3_3
Parameters: 0.999993 0.0020236 0.00296376 -0.0020094 0.999988 -0.00458499 -0.00297324 0.00457902 0.999985 -0.439079 0.0782077 -0.533353
FixedParameters: 0 0 0

#Transform 39
Transform: AffineTransform_float_3_3
Parameters: 0.999993 0.00219708 0.00306696 -0.00218292 0.999987 -0.00458573 -0.00307703 0.00457927 0.999985 -0.432146 0.07936 -0.565416
FixedParameters: 0 0 0

#Transform 40
Transform: AffineTransform_float_3_3
Parameters: 0.999992 0.00241836 0.00324888 -0.00240264 0.999985 -0.00503085 -0.00326112 0.00502316 0.999982 -0.439277 0.0757666 -0.591857
FixedParameters: 0 0 0

#Transform 41
Transform: AffineTransform_float_3_3
Parameters: 0.999991 0.00236197 0.00335451 -0.00234703 0.999988 -0.00445891 -0.00336449 0.00445109 0.999985 -0.441879 0.0684072 -0.569128
FixedParameters: 0 0 0

#Transform 42
Transform: AffineTransform_float_3_3
Parameters: 0.999992 0.00236248 0.00340864 -0.00234551 0.999985 -0.00483204 -0.00342037 0.00482396 0.999983 -0.441506 0.0861268 -0.607366
FixedParameters: 0 0 0

#Transform 43
Transform: AffineTransform_float_3_3
Parameters: 0.999992 0.00235724 0.00326419 -0.00233776 0.99998 -0.00588568 -0.00327781 0.00587832 0.999978 -0.440497 0.0849143 -0.668197
FixedParameters: 0 0 0

#Transform 44
Transform: AffineTransform_float_3_3
Parameters: 0.999986 0.00387456 0.00348082 -0.00392344 0.99989 0.0143095 -0.00342518 -0.0143225 0.999891 -0.311314 0.328259 -1.402
FixedParameters: 0 0 0

#Transform 45
Transform: AffineTransform_float_3_3
Parameters: 0.999985 0.0041839 0.00358748 -0.0042401 0.999866 0.015774 -0.00352152 -0.015789 0.999869 -0.324464 0.310281 -1.34133
FixedParameters: 0 0 0

#Transform 46
Transform: AffineTransform_float_3_3
Parameters: 0.999989 0.00387703 0.00282071 -0.00392397 0.99985 0.0168401 -0.00275529 -0.0168509 0.999854 -0.318395 0.242023 -1.20879
FixedParameters: 0 0 0

#Transform 47
Transform: AffineTransform_float_3_3
Parameters: 0.999989 0.00375262 0.00288135 -0.00379039 0.999908 0.0130782 -0.00283265 -0.0130888 0.999911 -0.348381 0.224154 -1.26667
FixedParameters: 0 0 0

#Transform 48
Transform: AffineTransform_float_3_3
Parameters: 0.999989 0.00389685 0.00257752 -0.00392414 0.999936 0.010613 -0.00253548 -0.010623 0.999941 -0.383758 0.211603 -1.21397
FixedParameters: 0 0 0

#Transform 49
Transform: AffineTransform_float_3_3
Parameters: 0.99999 0.00390049 0.00241637 -0.00392351 0.999944 0.00980363 -0.00237763 -0.00981238 0.999949 -0.404758 0.170825 -1.17871
FixedParameters: 0 0 0

#Transform 50
Transform: AffineTransform_float_3_3
Parameters: 0.999989 0.00390064 0.00262308 -0.00392336 0.999952 0.00896081 -0.00258793 -0.0089712 0.999957 -0.430519 0.167483 -1.16502
FixedParameters: 0 0 0

#Transform 51
Transform: AffineTransform_float_3_3
Parameters: 0.999986 0.00445603 0.00293211 -0.00447696 0.999964 0.00718298 -0.00289989 -0.00719602 0.99997 -0.491317 0.182839 -1.10555
FixedParameters: 0 0 0

#Transform 52
Transform: AffineTransform_float_3_3
Parameters: 0.999981 0.00605062 0.00107074 -0.00605638 0.999964 0.00606563 -0.00103327 -0.00607137 0.999981 -0.60593 0.202577 -1.16058
FixedParameters: 0 0 0

#Transform 53
Transform: AffineTransform_float_3_3
Parameters: 0.999969 0.00782246 -7.48081e-05 -0.00782254 0.999958 0.00488274 0.000113196 -0.00488227 0.999988 -0.68461 0.223249 -1.2115
FixedParameters: 0 0 0

#Transform 54
Transform: AffineTransform_float_3_3
Parameters: 0.999961 0.00882808 3.31455e-06 -0.00882791 0.999949 0.00479316 3.93216e-05 -0.00479384 0.999989 -0.738987 0.240683 -1.20249
FixedParameters: 0 0 0

#Transform 55
Transform: AffineTransform_float_3_3
Parameters: 0.999954 0.00950656 -0.000496066 -0.00950342 0.999942 0.00493993 0.000543931 -0.00493505 0.999987 -0.773706 0.171643 -1.24619
FixedParameters: 0 0 0

#Transform 56
Transform: AffineTransform_float_3_3
Parameters: 0.999935 0.011384 0.00125018 -0.01139 0.999923 0.00492608 -0.00119383 -0.00493991 0.999987 -0.84591 0.245671 -1.2231
FixedParameters: 0 0 0

#Transform 57
Transform: AffineTransform_float_3_3
Parameters: 0.999979 0.00636988 0.00122562 -0.00637412 0.999974 0.00338926 -0.00120437 -0.00339774 0.999993 -0.626402 0.139748 -0.972136
FixedParameters: 0 0 0

#Transform 58
Transform: AffineTransform_float_3_3
Parameters: 0.999961 0.00867779 0.00122545 -0.0086782 0.999963 0.000161372 -0.00122455 -0.000172633 0.999999 -0.758601 0.140514 -1.22247
FixedParameters: 0 0 0

#Transform 59
Transform: AffineTransform_float_3_3
Parameters: 0.999999 0.000368112 -0.00081716 -0.000363889 0.999988 0.0050263 0.000818839 -0.0050257 0.999987 -0.248149 0.176109 -0.897485
FixedParameters: 0 0 0

#Transform 60
Transform: AffineTransform_float_3_3
Parameters: 0.999998 0.00187082 0.000291683 -0.00187218 0.99999 0.00410546 -0.000284315 -0.00410654 0.999991 -0.2926 0.224943 -1.06727
FixedParameters: 0 0 0

#Transform 61
Transform: AffineTransform_float_3_3
Parameters: 0.999996 0.00279292 0.000296388 -0.00279408 0.999989 0.00371819 -0.00028561 -0.00371981 0.999993 -0.386247 0.16628 -0.976678
FixedParameters: 0 0 0

#Transform 62
Transform: AffineTransform_float_3_3
Parameters: 0.99999 0.0044806 -0.000195638 -0.00447939 0.999985 0.00298291 0.000209361 -0.00298209 0.999996 -0.525509 0.161079 -1.16932
FixedParameters: 0 0 0

#Transform 63
Transform: AffineTransform_float_3_3
Parameters: 0.999983 0.00585308 -0.000103193 -0.00585291 0.999982 0.000821617 0.000108809 -0.000821377 0.999999 -0.606898 0.13713 -1.26898
FixedParameters: 0 0 0

#Transform 64
Transform: AffineTransform_float_3_3
Parameters: 0.999991 0.00429585 9.05214e-05 -0.00429615 0.999989 0.00175063 -8.34767e-05 -0.00175138 0.999999 -0.535154 0.111025 -1.14995
FixedParameters: 0 0 0

#Transform 65
Transform: AffineTransform_float_3_3
Parameters: 0.999995 0.00290701 0.000420869 -0.00290798 0.999993 0.00236179 -0.000413131 -0.00236321 0.999997 -0.430246 0.129471 -1.10711
FixedParameters: 0 0 0

#Transform 66
Transform: AffineTransform_float_3_3
Parameters: 0.999998 0.00156264 0.00106421 -0.00155836 0.99999 -0.00434967 -0.00107079 0.00434834 0.99999 -0.422126 0.19119 -1.56747
FixedParameters: 0 0 0

#Transform 67
Transform: AffineTransform_float_3_3
Parameters: 1 -0.000502027 -2.54739e-05 0.000501974 1 -0.00104801 2.55261e-05 0.00104799 1 -0.28628 0.414307 -3.06188
FixedParameters: 0 0 0

#Transform 68
Transform: AffineTransform_float_3_3
Parameters: 0.999997 0.000396977 0.00262823 -0.000405026 0.999996 0.00305395 -0.00262678 -0.00305405 0.999992 -0.340157 -0.0143766 -1.12152
FixedParameters: 0 0 0

#Transform 69
Transform: AffineTransform_float_3_3
Parameters: 0.999989 0.00127867 0.00438414 -0.00128633 0.999998 0.00166938 -0.00438185 -0.00167562 0.999989 -0.329516 -0.00944984 -0.850807
FixedParameters: 0 0 0

#Transform 70
Transform: AffineTransform_float_3_3
Parameters: 0.99999 0.00128245 0.0041301 -0.00128654 0.999999 0.000855694 -0.0041289 -0.000861303 0.999991 -0.3254 0.122211 -0.876124
FixedParameters: 0 0 0

#Transform 71
Transform: AffineTransform_float_3_3
Parameters: 0.999994 0.000723784 0.00335583 -0.000722214 0.999999 -0.000235425 -0.00335617 0.000232572 0.999995 -0.306467 0.159194 -0.864832
FixedParameters: 0 0 0

#Transform 72
Transform: AffineTransform_float_3_3
Parameters: 0.999993 0.000328447 0.00357233 -0.000331553 1 0.000993823 -0.00357267 -0.00099518 0.999993 -0.247728 0.170962 -0.859968
FixedParameters: 0 0 0

#Transform 73
Transform: AffineTransform_float_3_3
Parameters: 0.999998 0.00101318 0.00181227 -0.00101882 0.999995 0.00321316 -0.00180874 -0.00321484 0.999993 -0.198538 0.138308 -0.880826
FixedParameters: 0 0 0

#Transform 74
Transform: AffineTransform_float_3_3
Parameters: 0.999994 0.00202186 0.00300157 -0.00203613 0.999987 0.00471392 -0.00299143 -0.00472008 0.999985 -0.0949105 -0.025122 -0.852603
FixedParameters: 0 0 0

#Transform 75
Transform: AffineTransform_float_3_3
Parameters: 0.999991 0.00375764 0.00208299 -0.00378635 0.999898 0.0137802 -0.002031 -0.0137888 0.999903 0.0317755 0.0959132 -0.922524
FixedParameters: 0 0 0

#Transform 76
Transform: AffineTransform_float_3_3
Parameters: 0.999988 0.00396221 0.00311287 -0.00400679 0.999886 0.0145157 -0.00305513 -0.0145283 0.99989 0.315196 0.1193 -0.800935
FixedParameters: 0 0 0

#Transform 77
Transform: AffineTransform_float_3_3
Parameters: 0.999994 0.00299166 0.00210623 -0.00302235 0.999883 0.0150357 -0.00206178 -0.0150423 0.999884 0.150515 -0.195444 -1.14685
FixedParameters: 0 0 0

#Transform 78
Transform: AffineTransform_float_3_3
Parameters: 0.999993 0.000959844 0.00378821 -0.000984157 0.999979 0.00638032 -0.0037818 -0.00638368 0.999973 -0.0406605 0.00882971 -1.3307
FixedParameters: 0 0 0

#Transform 79
Transform: AffineTransform_float_3_3
Parameters: 0.999997 -0.000243587 0.0027005 0.000237413 0.999998 0.00206865 -0.0027015 -0.00206835 0.999994 -0.0327882 -0.0554338 -1.22621
FixedParameters: 0 0 0

#Transform 80
Transform: AffineTransform_float_3_3
Parameters: 0.999997 -0.000950062 0.00199107 0.000945939 0.999998 0.00203989 -0.00199293 -0.00203811 0.999996 -0.0315023 0.0331134 -1.10058
FixedParameters: 0 0 0

#Transform 81
Transform: AffineTransform_float_3_3
Parameters: 0.999998 -0.00111644 0.0012338 0.00111457 0.999998 0.00197338 -0.0012352 -0.00197163 0.999998 -0.0253308 0.0871044 -1.1222
FixedParameters: 0 0 0

#Transform 82
Transform: AffineTransform_float_3_3
Parameters: 0.999997 -0.000351597 0.00268079 0.000350404 1 0.000595942 -0.00268121 -0.000595059 0.999996 -0.0482634 0.101481 -1.30766
FixedParameters: 0 0 0

#Transform 83
Transform: AffineTransform_float_3_3
Parameters: 0.999978 -0.00624828 0.00192309 0.0062157 0.999847 0.0163573 -0.0020259 -0.0163447 0.999865 0.0554216 0.460943 -2.95275
FixedParameters: 0 0 0

#Transform 84
Transform: AffineTransform_float_3_3
Parameters: 0.997144 -0.0754982 -0.00161468 0.0754988 0.996254 0.0421815 -0.00157563 -0.0421825 0.999108 2.54805 0.776163 -3.6406
FixedParameters: 0 0 0

#Transform 85
Transform: AffineTransform_float_3_3
Parameters: 0.998621 -0.0524792 0.00141416 0.0524058 0.9981 0.0323848 -0.00311085 -0.0322662 0.999475 2.02609 0.195356 -2.98092
FixedParameters: 0 0 0

#Transform 86
Transform: AffineTransform_float_3_3
Parameters: 0.99933 -0.0364582 0.00337118 0.0363699 0.999067 0.0232862 -0.00421686 -0.0231488 0.999723 1.86132 0.13089 -2.72569
FixedParameters: 0 0 0

#Transform 87
Transform: AffineTransform_float_3_3
Parameters: 0.999419 -0.0336203 0.00548837 0.0335056 0.999243 0.0197433 -0.00614761 -0.0195477 0.99979 1.59941 0.276041 -2.5875
FixedParameters: 0 0 0

#Transform 88
Transform: AffineTransform_float_3_3
Parameters: 0.999671 -0.0242 0.00843275 0.024038 0.999534 0.0188089 -0.00888425 -0.0186001 0.999788 1.00727 0.248424 -2.18046
FixedParameters: 0 0 0

#Transform 89
Transform: AffineTransform_float_3_3
Parameters: 0.999946 -0.0103244 0.000492802 0.0103296 0.999859 -0.0132436 -0.00035621 0.0132474 0.999912 0.170903 0.5716 -4.10466
FixedParameters: 0 0 0

#Transform 90
Transform: AffineTransform_float_3_3
Parameters: 0.999954 -0.0082492 -0.00487074 0.00776878 0.995775 -0.091505 0.00560524 0.091463 0.995792 -0.0488831 0.639587 -12.5934
FixedParameters: 0 0 0

#Transform 91
Transform: AffineTransform_float_3_3
Parameters: 0.999977 -0.00182746 -0.00642991 0.00186253 0.999984 0.00536914 0.00641908 -0.00538085 0.999965 -0.508336 0.342828 -4.07047
FixedParameters: 0 0 0

#Transform 92
Transform: AffineTransform_float_3_3
Parameters: 0.999989 -0.00422747 -0.0016865 0.00427154 0.999635 0.0267021 0.00157349 -0.0267089 0.999642 -0.423796 0.224681 -1.65438
FixedParameters: 0 0 0

#Transform 93
Transform: AffineTransform_float_3_3
Parameters: 0.999995 -0.00308394 -0.000331936 0.00309106 0.999708 0.0239431 0.000258063 -0.0239439 0.999714 -0.407686 0.47393 -1.52154
FixedParameters: 0 0 0

#Transform 94
Transform: AffineTransform_float_3_3
Parameters: 0.999994 -0.00344175 0.000103353 0.00343824 0.999795 0.0199515 -0.000172634 -0.0199515 0.999801 -0.372991 0.399229 -1.58573
FixedParameters: 0 0 0

#Transform 95
Transform: AffineTransform_float_3_3
Parameters: 0.999994 -0.00340242 -0.000171099 0.00340559 0.999823 0.0185365 0.000107892 -0.0185365 0.999828 -0.355665 0.402647 -1.5269
FixedParameters: 0 0 0

#Transform 96
Transform: AffineTransform_float_3_3
Parameters: 0.999996 -0.00258229 -0.000171432 0.00258472 0.999828 0.0183566 0.000124575 -0.0183564 0.999832 -0.362942 0.460346 -1.8333
FixedParameters: 0 0 0

#Transform 97
Transform: AffineTransform_float_3_3
Parameters: 0.999994 -0.00342075 -0.00132892 0.00344625 0.999804 0.0194856 0.00126208 -0.0194895 0.99981 -0.338579 0.411507 -1.72812
FixedParameters: 0 0 0

#Transform 98
Transform: AffineTransform_float_3_3
Parameters: 0.999995 -0.00302787 0.00134534 0.00299515 0.999713 0.0237942 -0.00141666 -0.0237898 0.999716 -0.299523 0.594576 -3.67792
FixedParameters: 0 0 0

#Transform 99
Transform: AffineTransform_float_3_3
Parameters: 0.99999 -0.00375938 0.00270226 0.00369762 0.999735 0.0227312 -0.00278675 -0.0227208 0.999738 -0.167174 0.434276 -3.24277
FixedParameters: 0 0 0

#Transform 100
Transform: AffineTransform_float_3_3
Parameters: 0.999995 -0.00199343 0.00240019 0.00195258 0.999851 0.0171398 -0.00243382 -0.0171352 0.99985 -0.31577 0.299655 -2.73402
FixedParameters: 0 0 0

#Transform 101
Transform: AffineTransform_float_3_3
Parameters: 0.999994 -0.00141001 0.00298937 0.00136099 0.999865 0.0163352 -0.00301163 -0.0163308 0.999862 -0.342637 0.326656 -2.35823
FixedParameters: 0 0 0

#Transform 102
Transform: AffineTransform_float_3_3
Parameters: 0.999996 -0.00135822 0.00252739 0.00132279 0.999902 0.0138834 -0.00254561 -0.0138806 0.999901 -0.336575 0.306887 -2.28385
FixedParameters: 0 0 0

#Transform 103
Transform: AffineTransform_float_3_3
Parameters: 0.999998 -0.000593311 0.00197156 0.000567696 0.999917 0.0128141 -0.00197844 -0.0128128 0.999916 -0.386871 0.312371 -2.24541
FixedParameters: 0 0 0

#Transform 104
Transform: AffineTransform_float_3_3
Parameters: 0.999996 -0.000526972 0.00282789 0.000510026 0.999982 0.00599947 -0.00283111 -0.00599753 0.999978 -0.430189 0.310152 -2.71716
FixedParameters: 0 0 0

#Transform 105
Transform: AffineTransform_float_3_3
Parameters: 0.999992 -0.00128989 0.0037923 0.00127311 0.99999 0.00445286 -0.0037977 -0.00444714 0.999983 -0.394479 0.467902 -3.46045
FixedParameters: 0 0 0

#Transform 106
Transform: AffineTransform_float_3_3
Parameters: 0.99999 -0.00131532 0.00442765 0.00127368 0.999953 0.00954773 -0.00444036 -0.00954225 0.999944 -0.426554 0.481978 -3.63458
FixedParameters: 0 0 0

#Transform 107
Transform: AffineTransform_float_3_3
Parameters: 0.999981 -0.00223423 0.00578062 0.00210277 0.999739 0.0227796 -0.0058304 -0.0227674 0.999724 -0.509988 0.737102 -2.83119
FixedParameters: 0 0 0

#Transform 108
Transform: AffineTransform_float_3_3
Parameters: 0.999947 -0.00829062 0.00598778 0.00816737 0.999762 0.020221 -0.0061542 -0.020171 0.999777 0.0148506 0.341893 -1.42087
FixedParameters: 0 0 0

#Transform 109
Transform: AffineTransform_float_3_3
Parameters: 0.999964 -0.00695892 0.00496465 0.00693509 0.999965 0.00481761 -0.00499835 -0.00478339 0.999976 -0.0740844 0.0646454 -0.859379
FixedParameters: 0 0 0

#Transform 110
Transform: AffineTransform_float_3_3
Parameters: 0.999969 -0.00641419 0.00455048 0.00640581 0.999978 0.00181221 -0.00456152 -0.0017828 0.999988 -0.075494 0.206378 -0.961026
FixedParameters: 0 0 0

#Transform 111
Transform: AffineTransform_float_3_3
Parameters: 0.999969 -0.00648127 0.00451272 0.00647173 0.999977 0.00206527 -0.00452528 -0.00203673 0.999987 -0.0660699 0.212845 -0.94884
FixedParameters: 0 0 0

#Transform 112
Transform: AffineTransform_float_3_3
Parameters: 0.99997 -0.00640991 0.00448142 0.0064061 0.999979 0.000885735 -0.00448659 -0.000857267 0.999989 -0.0595908 0.202281 -1.05043
FixedParameters: 0 0 0

#Transform 113
Transform: AffineTransform_float_3_3
Parameters: 0.999974 -0.00700447 -0.00208933 0.00706352 0.999541 0.029463 0.00188165 -0.029477 0.999563 -0.0728946 0.740694 -2.57844
FixedParameters: 0 0 0

#Transform 114
Transform: AffineTransform_float_3_3
Parameters: 0.999939 -0.0084365 -0.00709503 0.00868651 0.999312 0.0360516 0.00678599 -0.0361104 0.999325 0.115365 0.984099 -3.4354
FixedParameters: 0 0 0

#Transform 115
Transform: AffineTransform_float_3_3
Parameters: 0.999963 -0.00634541 -0.00589349 0.0064886 0.999674 0.0246737 0.00573554 -0.0247103 0.999678 0.0839508 0.323647 -3.09575
FixedParameters: 0 0 0

#Transform 116
Transform: AffineTransform_float_3_3
Parameters: 0.999971 -0.00608884 -0.00467128 0.00619118 0.999735 0.0221777 0.00453572 -0.0222063 0.999743 0.0704322 0.28699 -2.69819
FixedParameters: 0 0 0

#Transform 117
Transform: AffineTransform_float_3_3
Parameters: 0.999903 -0.0130048 0.00500776 0.0128862 0.999651 0.0230678 -0.00530624 -0.0230002 0.999722 -0.417345 0.533041 -3.05314
FixedParameters: 0 0 0

#Transform 118
Transform: AffineTransform_float_3_3
Parameters: 0.999602 -0.0267226 -0.00904009 0.0269984 0.999128 0.0318536 0.00818091 -0.0320844 0.999451 -0.682243 0.705742 -4.09744
FixedParameters: 0 0 0

#Transform 119
Transform: AffineTransform_float_3_3
Parameters: 0.999679 -0.0236809 -0.00893109 0.0239491 0.999226 0.0312141 0.0081849 -0.0314179 0.999473 -0.10623 0.738199 -3.63359
FixedParameters: 0 0 0

#Transform 120
Transform: AffineTransform_float_3_3
Parameters: 0.999525 -0.0298874 -0.00760799 0.0301087 0.999069 0.0309127 0.00667702 -0.0311274 0.999493 -0.214888 1.03465 -5.28735
FixedParameters: 0 0 0

#Transform 121
Transform: AffineTransform_float_3_3
Parameters: 0.999726 -0.0227244 -0.00573576 0.0228426 0.999512 0.0213408 0.00524822 -0.0214662 0.999756 0.13413 0.741302 -4.21556
FixedParameters: 0 0 0

#Transform 122
Transform: AffineTransform_float_3_3
Parameters: 0.999821 -0.0188718 -0.000894932 0.0188842 0.999685 0.0165671 0.000582065 -0.016581 0.999863 0.0971264 0.865852 -3.79374
FixedParameters: 0 0 0

#Transform 123
Transform: AffineTransform_float_3_3
Parameters: 0.999947 -0.0101586 0.00172292 0.0101134 0.999657 0.0241837 -0.00196806 -0.0241643 0.999706 -0.19151 0.455603 -2.22411
FixedParameters: 0 0 0

#Transform 124
Transform: AffineTransform_float_3_3
Parameters: 0.999952 -0.00966287 0.00113613 0.00964413 0.999844 0.0148037 -0.00127885 -0.0147913 0.99989 -0.176368 0.129843 -1.09294
FixedParameters: 0 0 0

#Transform 125
Transform: AffineTransform_float_3_3
Parameters: 0.999953 -0.0096768 -0.000347915 0.00968322 0.999196 0.0389215 -2.89284e-05 -0.0389236 0.999242 -0.123678 0.364376 -0.51877
FixedParameters: 0 0 0

#Transform 126
Transform: AffineTransform_float_3_3
Parameters: 0.999933 -0.011564 -0.000471999 0.011568 0.997336 0.0720113 -0.000361992 -0.0720116 0.997403 -0.0119854 0.645128 0.448065
FixedParameters: 0 0 0

#Transform 127
Transform: AffineTransform_float_3_3
Parameters: 0.999951 -0.00799318 -0.00573313 0.00813281 0.999659 0.0247936 0.00553288 -0.0248384 0.999676 -0.207927 0.385483 -0.447962
FixedParameters: 0 0 0

#Transform 128
Transform: AffineTransform_float_3_3
Parameters: 0.999976 -0.00525853 -0.00467123 0.00536749 0.999703 0.0237405 0.00454579 -0.0237655 0.999707 -0.292709 0.24652 -0.594109
FixedParameters: 0 0 0

#Transform 129
Transform: AffineTransform_float_3_3
Parameters: 0.999991 -0.00322711 -0.00248839 0.0032889 0.999675 0.02528 0.00240661 -0.025288 0.999678 -0.318881 0.276793 -0.482706
FixedParameters: 0 0 0

#Transform 130
Transform: AffineTransform_float_3_3
Parameters: 0.999994 -0.00289142 -0.00198442 0.00295357 0.999474 0.0322924 0.0018896 -0.0322987 0.999477 -0.312753 0.372156 -0.313516
FixedParameters: 0 0 0

#Transform 131
Transform: AffineTransform_float_3_3
Parameters: 0.999997 -0.00211758 -0.00122449 0.00215944 0.999359 0.0357495 0.00114853 -0.0357516 0.99936 -0.333669 0.471435 -0.134402
FixedParameters: 0 0 0

#Transform 132
Transform: AffineTransform_float_3_3
Parameters: 0.999996 -0.00252294 -0.0012294 0.00256108 0.999484 0.032012 0.0011486 -0.032015 0.999486 -0.300514 0.261145 0.0583379
FixedParameters: 0 0 0

#Transform 133
Transform: AffineTransform_float_3_3
Parameters: 1 -0.000157875 0.000108948 0.000155124 0.999664 0.0259 -0.000113056 -0.0259 0.999664 -0.358604 0.273907 0.306565
FixedParameters: 0 0 0

#Transform 134
Transform: AffineTransform_float_3_3
Parameters: 0.999999 -0.000976159 -3.37969e-06 0.000975831 0.999759 0.021901 -1.83761e-05 -0.021901 0.99976 -0.279713 0.287566 0.186285
FixedParameters: 0 0 0

#Transform 135
Transform: AffineTransform_float_3_3
Parameters: 1 -0.00100516 -6.83049e-07 0.00100485 0.999826 0.018587 -1.76801e-05 -0.018587 0.999827 -0.249902 0.147515 0.146667
FixedParameters: 0 0 0

#Transform 136
Transform: AffineTransform_float_3_3
Parameters: 1 -0.00114186 0.000348357 0.00113514 0.999866 0.0163684 -0.000367629 -0.0163676 0.999866 -0.250706 0.204412 0.0908409
FixedParameters: 0 0 0

#Transform 137
Transform: AffineTransform_float_3_3
Parameters: 0.999994 0.00353912 -0.00070616 -0.00352588 0.999835 0.0177886 0.000768839 -0.0177864 0.999841 -0.426129 0.20229 -0.141178
FixedParameters: 0 0 0

#Transform 138
Transform: AffineTransform_float_3_3
Parameters: 0.999606 0.0263558 -0.00970339 -0.0261672 0.999477 0.0189974 0.0101986 -0.0187356 0.999773 -1.74547 0.626129 -1.31935
FixedParameters: 0 0 0

#Transform 139
Transform: AffineTransform_float_3_3
Parameters: 0.999938 0.0107159 -0.00305035 -0.0106371 0.999636 0.024801 0.00331564 -0.024766 0.999688 -0.927049 0.491722 -1.60638
FixedParameters: 0 0 0

#Transform 140
Transform: AffineTransform_float_3_3
Parameters: 0.999991 0.00430129 -0.000928852 -0.00429371 0.999961 0.00771506 0.000962146 -0.00771093 0.99997 -0.630584 -0.0248582 -0.43032
FixedParameters: 0 0 0

#Transform 141
Transform: AffineTransform_float_3_3
Parameters: 0.99999 0.00417235 -0.00128314 -0.00416364 0.99997 0.0064464 0.00130985 -0.0064406 0.999979 -0.605441 0.08053 -0.389533
FixedParameters: 0 0 0

#Transform 142
Transform: AffineTransform_float_3_3
Parameters: 0.999992 0.00386289 -0.00150945 -0.00385412 0.999976 0.00584787 0.00153155 -0.00584214 0.999982 -0.586536 0.0876636 -0.346471
FixedParameters: 0 0 0

#Transform 143
Transform: AffineTransform_float_3_3
Parameters: 0.999992 0.00361786 -0.00133253 -0.00361115 0.999981 0.00511285 0.00135047 -0.00510815 0.999986 -0.567354 0.109324 -0.325048
FixedParameters: 0 0 0

#Transform 144
Transform: AffineTransform_float_3_3
Parameters: 0.999992 0.0037322 -0.00135706 -0.0037258 0.999982 0.00454409 0.00137393 -0.00453891 0.999989 -0.572161 0.120089 -0.38041
FixedParameters: 0 0 0

#Transform 145
Transform: AffineTransform_float_3_3
Parameters: 0.999994 0.00338126 -0.00132818 -0.00337474 0.999984 0.00468652 0.00134382 -0.00468149 0.999988 -0.552605 0.0547148 -0.311667
FixedParameters: 0 0 0

#Transform 146
Transform: AffineTransform_float_3_3
Parameters: 0.999993 0.00341721 -0.00120128 -0.00341179 0.999985 0.00431413 0.00121572 -0.00430987 0.99999 -0.554749 0.0388297 -0.287109
FixedParameters: 0 0 0

#Transform 147
Transform: AffineTransform_float_3_3
Parameters: 0.999993 0.00356533 -0.000932368 -0.00356167 0.999988 0.00354635 0.00094563 -0.00354265 0.999994 -0.561788 0.146534 -0.266031
FixedParameters: 0 0 0

#Transform 148
Transform: AffineTransform_float_3_3
Parameters: 0.999993 0.00356591 -0.000950446 -0.00356209 0.999986 0.00408542 0.000964554 -0.00408159 0.999991 -0.556565 0.0912163 -0.286223
FixedParameters: 0 0 0

#Transform 149
Transform: AffineTransform_float_3_3
Parameters: 0.999993 0.00338115 -0.00118421 -0.00337684 0.999988 0.00349102 0.00119679 -0.00348698 0.999993 -0.553743 0.13184 -0.298857
FixedParameters: 0 0 0

#Transform 150
Transform: AffineTransform_float_3_3
Parameters: 0.999993 0.00356671 -0.00129611 -0.00356129 0.999987 0.00361964 0.00130889 -0.00361436 0.999992 -0.559683 0.0982915 -0.296436
FixedParameters: 0 0 0

#Transform 151
Transform: AffineTransform_float_3_3
Parameters: 0.999994 0.00308862 -0.00198318 -0.00308138 0.999988 0.00383614 0.00199483 -0.00382986 0.99999 -0.529496 0.145343 -0.293043
FixedParameters: 0 0 0

#Transform 152
Transform: AffineTransform_float_3_3
Parameters: 0.999992 0.00356728 -0.00135216 -0.00356172 0.999986 0.00388584 0.00136584 -0.00388115 0.999991 -0.565429 0.134276 -0.207853
FixedParameters: 0 0 0

#Transform 153
Transform: AffineTransform_float_3_3
Parameters: 0.999994 0.00319994 -0.00143887 -0.00319406 0.999987 0.00410963 0.00145213 -0.00410438 0.999991 -0.553612 0.132302 -0.2053
FixedParameters: 0 0 0

#Transform 154
Transform: AffineTransform_float_3_3
Parameters: 0.999995 0.00290893 -0.00106768 -0.00290407 0.999986 0.00458612 0.00108133 -0.00458288 0.999989 -0.538702 0.11365 -0.149552
FixedParameters: 0 0 0

#Transform 155
Transform: AffineTransform_float_3_3
Parameters: 0.999999 0.000911619 0.00127603 -0.00091938 0.999978 0.00658283 -0.00126997 -0.00658416 0.999977 -0.396113 0.0478341 0.0506846
FixedParameters: 0 0 0

#Transform 156
Transform: AffineTransform_float_3_3
Parameters: 0.999999 0.000557589 0.00142153 -0.000568414 0.999967 0.00803919 -0.00141748 -0.00803979 0.999966 -0.349548 0.0488351 0.137442
FixedParameters: 0 0 0

#Transform 157
Transform: AffineTransform_float_3_3
Parameters: 1 0.000110632 0.000997964 -0.000119369 0.999965 0.00838989 -0.000997034 -0.00838912 0.999965 -0.31119 0.109784 0.287268
FixedParameters: 0 0 0

#Transform 158
Transform: AffineTransform_float_3_3
Parameters: 0.999999 0.000931126 0.00100249 -0.000936871 0.999983 0.00587407 -0.000996513 -0.00587594 0.999982 -0.366445 0.0900864 0.0814752
FixedParameters: 0 0 0

#Transform 159
Transform: AffineTransform_float_3_3
Parameters: 0.999999 0.000807549 0.000464288 -0.000809448 0.999985 0.00530162 -0.000459715 -0.00530137 0.999986 -0.373601 0.129516 0.0915087
FixedParameters: 0 0 0

#Transform 160
Transform: AffineTransform_float_3_3
Parameters: 0.999998 0.00147399 -0.00145698 -0.001459 0.999946 0.0102391 0.00147201 -0.0102368 0.999946 -0.44301 0.00274146 0.537336
FixedParameters: 0 0 0

#Transform 161
Transform: AffineTransform_float_3_3
Parameters: 0.999998 0.000293991 -0.00162152 -0.000280005 0.999963 0.00862146 0.00162447 -0.00862153 0.999961 -0.379087 0.0039115 0.291271
FixedParameters: 0 0 0

#Transform 162
Transform: AffineTransform_float_3_3
Parameters: 0.999999 0.000420944 -0.00146863 -0.00040906 0.999967 0.00812461 0.00147137 -0.00812339 0.999966 -0.376545 0.0459734 0.248071
FixedParameters: 0 0 0

#Transform 163
Transform: AffineTransform_float_3_3
Parameters: 0.999999 0.000450831 -0.000816264 -0.000444171 0.999965 0.00834936 0.000819737 -0.00834963 0.999965 -0.377271 0.0288822 0.281961
FixedParameters: 0 0 0

#Transform 164
Transform: AffineTransform_float_3_3
Parameters: 1 0.000650353 -0.000814971 -0.000644647 0.999969 0.00777153 0.000820035 -0.00777047 0.99997 -0.388536 0.055703 0.250894
FixedParameters: 0 0 0

#Transform 165
Transform: AffineTransform_float_3_3
Parameters: 0.999999 0.000746925 -0.000637117 -0.000741075 0.999957 0.00925148 0.000643883 -0.00925052 0.999957 -0.382151 0.0347253 0.312003
FixedParameters: 0 0 0

#Transform 166
Transform: AffineTransform_float_3_3
Parameters: 0.999996 0.00253808 -0.000476719 -0.00253292 0.999943 0.0103652 0.000503279 -0.0103638 0.999946 -0.375941 0.112507 0.360442
FixedParameters: 0 0 0

#Transform 167
Transform: AffineTransform_float_3_3
Parameters: 0.999969 0.00791064 -0.000854437 -0.00789938 0.999886 0.0128512 0.000955575 -0.0128449 0.999917 -0.239267 0.363004 -0.414697
FixedParameters: 0 0 0

#Transform 168
Transform: AffineTransform_float_3_3
Parameters: 0.999957 0.00882786 0.00285621 -0.00886415 0.999877 0.0128982 -0.00274279 -0.0129228 0.999912 -0.366611 0.231514 -0.753015
FixedParameters: 0 0 0

#Transform 169
Transform: AffineTransform_float_3_3
Parameters: 0.999964 0.00795555 0.00268464 -0.00800144 0.999817 0.0173651 -0.00254535 -0.0173859 0.999845 -0.395883 0.20598 -0.91754
FixedParameters: 0 0 0

#Transform 170
Transform: AffineTransform_float_3_3
Parameters: 0.999948 0.00926863 0.00409068 -0.00933937 0.999798 0.0177857 -0.00392533 -0.0178233 0.999834 -0.259123 0.0978616 -0.85717
FixedParameters: 0 0 0

#Transform 171
Transform: AffineTransform_float_3_3
Parameters: 0.999893 0.0133466 0.00599767 -0.0134564 0.999736 0.0185883 -0.00574733 -0.0186667 0.999809 -0.0591527 0.0408336 -0.830799
FixedParameters: 0 0 0

#Transform 172
Transform: AffineTransform_float_3_3
Parameters: 0.999935 0.0111496 0.00212592 -0.0111914 0.999714 0.0211056 -0.00189009 -0.0211274 0.999775 -0.0632019 0.053436 -0.600153
FixedParameters: 0 0 0

#Transform 173
Transform: AffineTransform_float_3_3
Parameters: 0.999992 0.00319906 -0.00207641 -0.00316894 0.999893 0.0143207 0.00212259 -0.0143143 0.999896 -0.167581 0.203333 -0.748419
FixedParameters: 0 0 0

#Transform 174
Transform: AffineTransform_float_3_3
Parameters: 0.999995 0.00220176 -0.0025625 -0.00219324 0.999992 0.00341764 0.00256951 -0.00341236 0.999991 -0.229077 -0.0399907 -0.357712
FixedParameters: 0 0 0

#Transform 175
Transform: AffineTransform_float_3_3
Parameters: 0.999993 0.0021046 -0.00306407 -0.0020934 0.99999 0.00378344 0.00307194 -0.00377756 0.999988 -0.236548 0.0179445 -0.274908
FixedParameters: 0 0 0

#Transform 176
Transform: AffineTransform_float_3_3
Parameters: 0.999993 0.00229647 -0.00317205 -0.00229053 0.999996 0.00172728 0.00317595 -0.00171972 0.999994 -0.256572 0.0559858 -0.298005
FixedParameters: 0 0 0

#Transform 177
Transform: AffineTransform_float_3_3
Parameters: 0.999971 -0.00230482 -0.00733408 0.00237718 0.999948 0.00984885 0.00731092 -0.00986613 0.999924 -0.350299 -0.0104065 -3.33364
FixedParameters: 0 0 0

#Transform 178
Transform: AffineTransform_float_3_3
Parameters: 0.999788 -0.00196115 -0.0204611 0.00265988 0.999412 0.0341838 0.0203829 -0.0342312 0.999206 0.124136 0.834836 -5.69582
FixedParameters: 0 0 0

#Transform 179
Transform: AffineTransform_float_3_3
Parameters: 0.999842 -0.00644174 -0.0165978 0.00739127 0.998299 0.0578415 0.0161972 -0.0579555 0.998188 0.181778 0.852477 -2.67616
FixedParameters: 0 0 0

#Transform 180
Transform: AffineTransform_float_3_3
Parameters: 0.999906 -0.00519194 -0.0127321 0.00597706 0.998032 0.0624178 0.0123829 -0.0624882 0.997969 -0.0523972 0.275727 0.357619
FixedParameters: 0 0 0

#Transform 181
Transform: AffineTransform_float_3_3
Parameters: 0.999953 -0.00719382 -0.00646451 0.00723819 0.999951 0.00683753 0.00641549 -0.00688447 0.999955 0.0466823 0.0632696 -0.0881797
FixedParameters: 0 0 0

#Transform 182
Transform: AffineTransform_float_3_3
Parameters: 0.999958 -0.00838644 -0.00384451 0.00838357 0.999965 -0.00090927 0.00385149 0.000876738 0.999992 0.208515 -0.182577 -0.0553356
FixedParameters: 0 0 0

#Transform 183
Transform: AffineTransform_float_3_3
Parameters: 0.999969 -0.00750762 -0.00211119 0.00751236 0.999968 0.00254722 0.0020918 -0.00256378 0.999994 0.24657 -0.0394234 0.103311
FixedParameters: 0 0 0

#Transform 184
Transform: AffineTransform_float_3_3
Parameters: 0.999962 -0.00865325 -0.00111176 0.00865476 0.999962 0.00158544 0.00109824 -0.00159456 0.999998 0.312562 -0.0490985 0.0865383
FixedParameters: 0 0 0

#Transform 185
Transform: AffineTransform_float_3_3
Parameters: 0.99996 -0.00890712 -0.000622829 0.00890889 0.99996 0.00143751 0.000610174 -0.00144249 0.999999 0.324658 0.0114888 0.0915924
FixedParameters: 0 0 0

#Transform 186
Transform: AffineTransform_float_3_3
Parameters: 0.999972 -0.00735358 0.00132905 0.00734342 0.999948 0.00707396 -0.00138094 -0.00706304 0.999974 0.277751 -0.0328831 0.380444
FixedParameters: 0 0 0

#Transform 187
Transform: AffineTransform_float_3_3
Parameters: 0.999957 -0.00868767 0.00341758 0.00865635 0.999921 0.00917299 -0.00349643 -0.00914303 0.999952 0.311455 -0.0855047 0.587314
FixedParameters: 0 0 0

#Transform 188
Transform: AffineTransform_float_3_3
Parameters: 0.999941 -0.010091 0.00399027 0.010042 0.999876 0.0121118 -0.00411172 -0.0120702 0.999918 0.389188 -0.0145185 0.680613
FixedParameters: 0 0 0

#Transform 189
Transform: AffineTransform_float_3_3
