#Insight Transform File V1.0
#Transform 0
Transform: AffineTransform_float_3_3
Parameters: 0.999999 0.000778234 -0.000593693 -0.000778765 0.999999 0.000394462 0.000594307 -0.000394537 0.999999 -0.0602697 -0.0987462 0.202177
FixedParameters: 0 0 0

#Transform 1
Transform: AffineTransform_float_3_3
Parameters: 1 0.000635139 -0.000281687 -0.000634861 0.999999 0.000493179 0.000282313 -0.000492821 1 -0.061203 -0.0720121 0.134175
FixedParameters: 0 0 0

#Transform 2
Transform: AffineTransform_float_3_3
Parameters: 1 0.000848473 -0.000769583 -0.000848528 1 -0.000685348 0.000768419 0.000685653 1 -0.055015 -0.0421137 0.0711763
FixedParameters: 0 0 0

#Transform 3
Transform: AffineTransform_float_3_3
Parameters: 1 0.000692442 -0.000814476 -0.000693559 0.999999 -0.000685435 0.000814526 0.000685564 1 -0.0503629 -0.0549182 0.0971885
FixedParameters: 0 0 0

#Transform 4
Transform: AffineTransform_float_3_3
Parameters: 1 0.000753306 -0.000900744 -0.000753694 0.999999 0.000339679 0.000901256 -0.000339321 0.999999 -0.0496646 -0.0241945 0.0362127
FixedParameters: 0 0 0

#Transform 5
Transform: AffineTransform_float_3_3
Parameters: 1 0.000552915 -0.00105104 -0.000553086 1 -8.14187e-05 0.00105095 8.15811e-05 0.999999 -0.041785 -0.0239451 0.0687445
FixedParameters: 0 0 0

#Transform 6
Transform: AffineTransform_float_3_3
Parameters: 0.999999 0.000632442 -0.000673525 -0.000633559 1 -0.000829574 0.000673475 0.000829427 1 -0.0492134 0.0552123 0.0381297
FixedParameters: 0 0 0

#Transform 7
Transform: AffineTransform_float_3_3
Parameters: 1 0.000611107 -0.00081092 -0.000610894 1 0.000131495 0.000811081 -0.000131504 0.999999 -0.0296778 -0.0606271 0.0606357
FixedParameters: 0 0 0

#Transform 8
Transform: AffineTransform_float_3_3
Parameters: 0.999999 0.000326036 -0.000839374 -0.000326963 1 -0.00114773 0.000838625 0.00114827 0.999999 -0.0225579 -0.00854616 0.0158949
FixedParameters: 0 0 0

#Transform 9
Transform: AffineTransform_float_3_3
Parameters: 1 0.000326839 -0.000624084 -0.000327161 1 -0.000257796 0.000623915 0.000258204 1 -0.0273916 0.00390695 0.0509774
FixedParameters: 0 0 0

#Transform 10
Transform: AffineTransform_float_3_3
Parameters: 0.999999 0.000326672 -0.000694154 -0.000327327 1 -0.000471773 0.000693845 0.000472227 0.999999 -0.0257786 -0.00743807 -0.000750279
FixedParameters: 0 0 0

#Transform 11
Transform: AffineTransform_float_3_3
Parameters: 1 0.000258448 -0.000481297 -0.000259552 1 -0.00114788 0.000480702 0.00114813 0.999999 -0.0199347 -0.0286684 -0.00311998
FixedParameters: 0 0 0

#Transform 12
Transform: AffineTransform_float_3_3
Parameters: 0.999999 0.000326391 -0.000692287 -0.000327608 0.999999 -0.000878773 0.000691712 0.000879226 1 -0.0258327 0.00735898 0.00127084
FixedParameters: 0 0 0

#Transform 13
Transform: AffineTransform_float_3_3
Parameters: 1 0.000326691 -0.000293345 -0.000327309 1 -0.0010539 0.000292655 0.0010541 1 -0.0186749 -0.0789207 -0.0360749
FixedParameters: 0 0 0

#Transform 14
Transform: AffineTransform_float_3_3
Parameters: 1 6.86578e-05 -0.000498047 -6.93421e-05 1 -0.000686965 0.000497952 0.000687034 0.999999 -0.0242312 0.0276017 0.0171107
FixedParameters: 0 0 0

#Transform 15
Transform: AffineTransform_float_3_3
Parameters: 1 -0.000146054 -0.000240967 0.000145946 1 -0.000223035 0.000241033 0.000222965 1 -0.0250355 -0.075231 0.000696405
FixedParameters: 0 0 0

#Transform 16
Transform: AffineTransform_float_3_3
Parameters: 1 0.000326946 -0.000241073 -0.000327053 1 -0.000221921 0.000240927 0.000222079 1 -0.035981 -0.0291207 0.000698309
FixedParameters: 0 0 0

#Transform 17
Transform: AffineTransform_float_3_3
Parameters: 1 0.000327164 0.000135606 -0.000326836 0.999999 -0.00120604 -0.000136394 0.00120596 1 -0.0277792 0.0334153 -0.0233922
FixedParameters: 0 0 0

#Transform 18
Transform: AffineTransform_float_3_3
Parameters: 1 -0.000104985 2.90543e-05 0.000105015 1 -0.000516997 -2.89457e-05 0.000517003 1 -0.0154271 0.0495722 0.0172121
FixedParameters: 0 0 0

#Transform 19
Transform: AffineTransform_float_3_3
Parameters: 1 -0.000159809 0.000180169 0.000160191 1 -0.00105897 -0.000179831 0.00105903 1 -0.0176316 -0.0269261 -0.0202056
FixedParameters: 0 0 0

#Transform 20
Transform: AffineTransform_float_3_3
Parameters: 1 4.70084e-05 -6.69941e-05 -4.69916e-05 1 0.000125003 6.70059e-05 -0.000124997 1 0.000369332 0.00336766 0.00794456
FixedParameters: 0 0 0

#Transform 21
Transform: AffineTransform_float_3_3
Parameters: 1 -0.000134017 6.89661e-05 0.000133983 1 0.000253009 -6.90339e-05 -0.000252991 1 -0.015671 -0.0344718 0.0520341
FixedParameters: 0 0 0

#Transform 22
Transform: AffineTransform_float_3_3
Parameters: 1 -0.00013165 0.000685876 0.000131349 0.999999 0.00094809 -0.000686125 -0.00094791 1 -0.0296698 -0.0662178 0.0682599
FixedParameters: 0 0 0

#Transform 23
Transform: AffineTransform_float_3_3
Parameters: 1 -0.000126927 9.50976e-05 0.000127074 0.999999 -0.000768987 -9.59023e-05 0.000769012 0.999999 -0.0164517 -0.00549035 -0.0190869
FixedParameters: 0 0 0

#Transform 24
Transform: AffineTransform_float_3_3
Parameters: 1 -0.000501064 0.000121737 0.000500936 0.999999 0.000524061 -0.000122262 -0.000523939 1 0.0184022 -0.143274 0.0651544
FixedParameters: 0 0 0

#Transform 25
Transform: AffineTransform_float_3_3
Parameters: 1 -0.00012688 -0.00010914 0.000127121 1 0.00109899 0.00010986 -0.00109901 1 -0.0379208 0.0457858 0.153403
FixedParameters: 0 0 0

#Transform 26
Transform: AffineTransform_float_3_3
Parameters: 1 -0.000127184 0.000349933 0.000126816 1 0.000526044 -0.000350067 -0.000525955 1 -0.0230448 0.0320973 0.156076
FixedParameters: 0 0 0

#Transform 27
Transform: AffineTransform_float_3_3
Parameters: 1 -0.000538086 0.000183749 0.000537914 0.999999 0.000467099 -0.000184251 -0.000466901 1 -0.013282 -0.00867643 0.0680924
FixedParameters: 0 0 0

#Transform 28
Transform: AffineTransform_float_3_3
Parameters: 0.999999 -0.000650155 0.000333696 0.000650844 0.999999 0.000467217 -0.000333304 -0.000466783 1 -0.0107267 0.0396627 0.0620207
FixedParameters: 0 0 0

#Transform 29
Transform: AffineTransform_float_3_3
Parameters: 1 -0.000538129 0.000276749 0.000537871 0.999999 0.000467149 -0.000276251 -0.000466851 1 -0.0119458 0.00243454 0.0579187
FixedParameters: 0 0 0

#Transform 30
Transform: AffineTransform_float_3_3
Parameters: 1 -0.000407014 0.000260978 0.000406986 1 5.41062e-05 -0.000261022 -5.38938e-05 1 -0.0217308 -0.0616938 0.0484303
FixedParameters: 0 0 0

#Transform 31
Transform: AffineTransform_float_3_3
Parameters: 1 -0.000516984 0.000122066 0.000517015 1 -0.000127937 -0.000121934 0.000128063 1 -0.00894786 0.0222238 0.0447553
FixedParameters: 0 0 0

#Transform 32
Transform: AffineTransform_float_3_3
Parameters: 1 -0.000341031 0.000121913 0.000340969 1 0.000256042 -0.000122087 -0.000255958 1 -0.0207221 -0.0400794 0.0130056
FixedParameters: 0 0 0

#Transform 33
Transform: AffineTransform_float_3_3
Parameters: 1 -0.000322042 0.000121888 0.000321958 1 0.000347039 -0.000122112 -0.000346961 1 -0.0288046 0.0410769 0.043966
FixedParameters: 0 0 0

#Transform 34
Transform: AffineTransform_float_3_3
Parameters: 1 -0.00022194 0.000122109 0.00022206 1 -0.000491973 -0.000121891 0.000492027 1 -0.0247953 0.0293404 -0.00855606
FixedParameters: 0 0 0

#Transform 35
Transform: AffineTransform_float_3_3
Parameters: 1 9.00067e-05 -0.000135996 -8.99933e-05 1 4.90122e-05 0.000136004 -4.89878e-05 1 -0.0336363 0.0567412 0.00916511
FixedParameters: 0 0 0

#Transform 36
Transform: AffineTransform_float_3_3
Parameters: 1 -0.000236009 -3.69422e-05 0.000235991 1 -0.000245009 3.60578e-05 0.000244991 1 -0.0310527 0.0282112 0.00201775
FixedParameters: 0 0 0

#Transform 37
Transform: AffineTransform_float_3_3
Parameters: 1 -0.000136386 -0.000487892 0.000135614 0.999999 -0.000791066 0.000488108 0.000790934 1 -0.0231685 0.00622197 -0.00878913
FixedParameters: 0 0 0

#Transform 38
Transform: AffineTransform_float_3_3
Parameters: 1 -0.000944725 -0.000112342 0.000945278 0.999997 0.0024789 0.000110658 -0.00247811 0.999997 0.0257317 -0.0941541 0.197604
FixedParameters: 0 0 0

#Transform 39
Transform: AffineTransform_float_3_3
Parameters: 0.999999 -0.0013597 -0.000131107 0.0013593 0.999997 0.00228483 0.000127894 -0.00228518 0.999998 0.054175 -0.134629 0.124113
FixedParameters: 0 0 0

#Transform 40
Transform: AffineTransform_float_3_3
Parameters: 1 -0.000491099 0.000125611 0.000490901 0.999999 0.000792061 -0.000125389 -0.000791938 0.999999 0.0283446 -0.0661758 0.0947403
FixedParameters: 0 0 0

#Transform 41
Transform: AffineTransform_float_3_3
Parameters: 1 -0.000528099 0.000176704 0.000527901 0.999999 0.000560093 -0.000176296 -0.000559907 1 -0.00320299 0.00586058 0.089227
FixedParameters: 0 0 0

#Transform 42
Transform: AffineTransform_float_3_3
Parameters: 1 -0.000604001 6.8647e-06 0.000603998 1 0.000224004 -7.13529e-06 -0.000223996 1 0.00237142 0.0137058 0.056536
FixedParameters: 0 0 0

#Transform 43
Transform: AffineTransform_float_3_3
Parameters: 1 -0.000527912 0.000430107 0.000528087 1 -0.000203773 -0.000429892 0.000204227 1 -0.00892407 0.02303 -0.00236139
FixedParameters: 0 0 0

#Transform 44
Transform: AffineTransform_float_3_3
Parameters: 1 -0.000527998 7.10771e-06 0.000528001 1 -0.000203996 -6.89229e-06 0.000204004 1 0.00061477 0.0230199 0.0178452
FixedParameters: 0 0 0

#Transform 45
Transform: AffineTransform_float_3_3
Parameters: 1 -0.000528032 8.17903e-05 0.000527967 1 0.000397043 -8.22096e-05 -0.000396957 1 -0.00110097 0.00946256 0.0835787
FixedParameters: 0 0 0

#Transform 46
Transform: AffineTransform_float_3_3
Parameters: 0.999999 -0.000928998 7.11891e-06 0.000929 0.999999 -0.000127993 -6.88108e-06 0.000128006 1 0.00979443 -0.0474349 0.0262609
FixedParameters: 0 0 0

#Transform 47
Transform: AffineTransform_float_3_3
Parameters: 1 -0.000831481 0.00057831 0.00083152 1 0.000830482 -0.000578691 -0.00082952 1 0.00616475 -0.00726592 0.0463992
FixedParameters: 0 0 0

#Transform 48
Transform: AffineTransform_float_3_3
Parameters: 1 -0.000945012 0.000487978 0.000944989 0.999999 2.34611e-05 -0.000488023 -2.35388e-05 1 0.00995408 -0.0628612 0.0281794
FixedParameters: 0 0 0

#Transform 49
Transform: AffineTransform_float_3_3
Parameters: 1 -0.00102661 0.00052477 0.00102739 0.999999 -0.000749461 -0.00052323 0.000749537 0.999999 0.0207574 0.0447994 -0.022934
FixedParameters: 0 0 0

#Transform 50
Transform: AffineTransform_float_3_3
Parameters: 0.999999 -0.00133292 0.000422256 0.00133208 0.999999 -0.000191438 -0.000421745 0.000191562 1 0.0260756 0.00724882 0.00876587
FixedParameters: 0 0 0

#Transform 51
Transform: AffineTransform_float_3_3
Parameters: 0.999999 -0.00135155 0.000423426 0.00135244 0.999998 -0.00105443 -0.000421575 0.00105457 1 0.0164426 0.0269169 -0.0450071
FixedParameters: 0 0 0

#Transform 52
Transform: AffineTransform_float_3_3
Parameters: 0.999998 -0.00134985 0.000921221 0.00135015 0.999999 -0.000163756 -0.000920777 0.000165243 0.999999 0.0164941 0.00682196 -0.0017153
FixedParameters: 0 0 0

#Transform 53
Transform: AffineTransform_float_3_3
Parameters: 0.999998 -0.00142901 0.00082272 0.00142999 0.999999 -0.00120283 -0.000821279 0.00120418 0.999999 0.00290791 0.0518694 -0.084553
FixedParameters: 0 0 0

#Transform 54
Transform: AffineTransform_float_3_3
Parameters: 0.999999 -0.00134996 0.000422139 0.00135004 0.999999 -0.00010243 -0.000421862 0.00010257 1 0.0102657 0.00541159 -0.0247438
FixedParameters: 0 0 0

#Transform 55
Transform: AffineTransform_float_3_3
Parameters: 0.999999 -0.00134933 0.000424147 0.00134967 0.999998 -0.00159043 -0.000421853 0.00159157 0.999998 0.010156 0.0678072 -0.0710156
FixedParameters: 0 0 0

#Transform 56
Transform: AffineTransform_float_3_3
Parameters: 0.999999 -0.00134954 0.000547143 0.00134946 0.999998 -0.000846263 -0.000545858 0.000846738 1 0.00734012 0.0708395 -0.0243437
FixedParameters: 0 0 0

#Transform 57
Transform: AffineTransform_float_3_3
Parameters: 0.999998 -0.00175268 0.000831792 0.00175432 0.999997 -0.00159154 -0.000829209 0.00159246 0.999999 0.0102292 0.054372 -0.113852
FixedParameters: 0 0 0

#Transform 58
Transform: AffineTransform_float_3_3
Parameters: 0.999997 -0.00204639 0.000830494 0.0020476 0.999997 -0.000729301 -0.000828506 0.000730697 1 0.0168638 0.0804071 -0.118347
FixedParameters: 0 0 0

#Transform 59
Transform: AffineTransform_float_3_3
Parameters: 0.999998 -0.00179774 0.000831734 0.00179926 0.999997 -0.00151951 -0.000829264 0.00152149 0.999998 0.011317 0.0336591 -0.126377
FixedParameters: 0 0 0

#Transform 60
Transform: AffineTransform_float_3_3
Parameters: 0.999998 -0.00179838 0.00083035 0.00179862 0.999998 -0.000749508 -0.00082865 0.000751492 1 0.0113406 0.044844 -0.0736909
FixedParameters: 0 0 0

#Transform 61
Transform: AffineTransform_float_3_3
Parameters: 0.999998 -0.00179838 0.000830334 0.00179862 0.999998 -0.000740508 -0.000828666 0.000742492 1 0.0113279 0.0359526 -0.1083
FixedParameters: 0 0 0

#Transform 62
Transform: AffineTransform_float_3_3
Parameters: 0.999999 -0.00179869 0.000392437 0.00179931 0.999998 -0.000798295 -0.000390562 0.000799704 0.999999 0.0212899 0.0174411 -0.101578
FixedParameters: 0 0 0

#Transform 63
Transform: AffineTransform_float_3_3
Parameters: 0.999998 -0.0018896 0.000829916 0.0018894 0.999998 -0.000484433 -0.000829084 0.000485567 0.999999 0.0135036 0.0105947 -0.0780406
FixedParameters: 0 0 0

#Transform 64
Transform: AffineTransform_float_3_3
Parameters: 0.999997 -0.00215739 0.000473802 0.00215861 0.999997 -0.00129798 -0.000471197 0.00129902 0.999999 0.0274639 0.0666059 -0.108633
FixedParameters: 0 0 0

#Transform 65
Transform: AffineTransform_float_3_3
Parameters: 0.999997 -0.00202771 0.000634927 0.00202829 0.999998 -0.000456713 -0.000634074 0.000457287 0.999999 0.0276043 0.0681935 -0.0687616
FixedParameters: 0 0 0

#Transform 66
Transform: AffineTransform_float_3_3
Parameters: 0.999998 -0.00179946 0.000710374 0.00179954 0.999998 -0.000762723 -0.000708626 0.000764277 1 0.0118035 -0.00879697 -0.0724319
FixedParameters: 0 0 0

#Transform 67
Transform: AffineTransform_float_3_3
Parameters: 0.999997 -0.00229211 0.000708636 0.00229189 0.999998 0.000159625 -0.000709362 -0.000157375 0.999999 0.0253512 0.0326802 -0.0341533
FixedParameters: 0 0 0

#Transform 68
Transform: AffineTransform_float_3_3
Parameters: 0.999997 -0.00220157 0.000918633 0.00220143 0.999998 0.000622025 -0.000920368 -0.000619976 1 0.0185582 -0.0206961 0.0180163
FixedParameters: 0 0 0

#Transform 69
Transform: AffineTransform_float_3_3
Parameters: 0.999997 -0.00228371 0.000709928 0.00228329 0.999998 -0.00040538 -0.000709071 0.00040762 0.999999 0.0252687 -0.00426093 -0.0529239
FixedParameters: 0 0 0

#Transform 70
Transform: AffineTransform_float_3_3
Parameters: 0.999997 -0.00247122 0.0003022 0.00247178 0.999996 0.000728749 -0.000303801 -0.000728251 0.999999 0.0675604 -0.0288831 -0.0250506
FixedParameters: 0 0 0

#Transform 71
Transform: AffineTransform_float_3_3
Parameters: 0.999999 -0.00143994 -0.000109734 0.00144006 0.999999 0.000509842 0.000108267 -0.000509156 1 0.0230585 -0.0592872 0.0830861
FixedParameters: 0 0 0

#Transform 72
Transform: AffineTransform_float_3_3
Parameters: 0.999998 -0.00226046 -0.000380225 0.00226054 0.999997 0.00142614 0.000376776 -0.00142686 0.999999 0.0480605 0.0107193 0.105287
FixedParameters: 0 0 0

#Transform 73
Transform: AffineTransform_float_3_3
Parameters: 0.999998 -0.0020068 -0.000112656 0.0020062 0.999997 0.00182178 0.000108345 -0.00182222 0.999999 0.0538312 -0.026148 0.129419
FixedParameters: 0 0 0

#Transform 74
Transform: AffineTransform_float_3_3
Parameters: 0.999998 -0.00226128 0.000189759 0.00226073 0.999997 0.00143343 -0.000193239 -0.00143257 0.999999 0.0529847 -0.0395619 0.0619203
FixedParameters: 0 0 0

#Transform 75
Transform: AffineTransform_float_3_3
Parameters: 0.999998 -0.00226126 0.000173735 0.00226075 0.999997 0.0014444 -0.000177264 -0.0014436 0.999999 0.0532988 -0.0167872 0.030119
FixedParameters: 0 0 0

#Transform 76
Transform: AffineTransform_float_3_3
Parameters: 0.999997 -0.00273597 -9.6908e-05 0.00273603 0.999996 0.000331736 9.60913e-05 -0.000332264 1 0.0797035 0.0304132 -0.0346879
FixedParameters: 0 0 0

#Transform 77
Transform: AffineTransform_float_3_3
Parameters: 0.999997 -0.0025079 -0.00011134 0.0025081 0.999997 0.000932724 0.00010866 -0.000933275 0.999999 0.0652183 -0.00454856 -0.0147996
FixedParameters: 0 0 0

#Transform 78
Transform: AffineTransform_float_3_3
Parameters: 0.999996 -0.00273633 0.000277713 0.00273566 0.999995 0.00120176 -0.000281285 -0.00120023 0.999999 0.071937 0.0228575 0.00291104
FixedParameters: 0 0 0

#Transform 79
Transform: AffineTransform_float_3_3
Parameters: 0.999996 -0.00273634 0.000463979 0.00273566 0.999996 0.000739272 -0.00046602 -0.000737727 0.999999 0.0706966 0.00405598 -0.044328
FixedParameters: 0 0 0

#Transform 80
Transform: AffineTransform_float_3_3
Parameters: 0.999996 -0.00251463 0.000462584 0.00251437 0.999996 0.00135917 -0.000466416 -0.00135783 0.999999 0.0708463 0.0460247 -0.0218281
FixedParameters: 0 0 0

#Transform 81
Transform: AffineTransform_float_3_3
Parameters: 0.999996 -0.00252043 0.000463647 0.00251957 0.999997 0.000934172 -0.000466352 -0.000932828 1 0.0711319 0.00295064 -0.0197804
FixedParameters: 0 0 0

#Transform 82
Transform: AffineTransform_float_3_3
Parameters: 0.999996 -0.00273621 0.000464794 0.0027358 0.999996 0.000441273 -0.000466205 -0.000439726 1 0.0740466 0.0148885 -0.0235128
FixedParameters: 0 0 0

#Transform 83
Transform: AffineTransform_float_3_3
Parameters: 0.999996 -0.00273637 0.000528115 0.00273564 0.999996 0.000689447 -0.000529886 -0.000688552 0.999999 0.0746444 0.0187759 -0.0373533
FixedParameters: 0 0 0

#Transform 84
Transform: AffineTransform_float_3_3
Parameters: 0.999996 -0.00273628 0.000464365 0.00273572 0.999996 0.000598273 -0.000466634 -0.000596725 0.999999 0.079841 0.0113572 -0.0393166
FixedParameters: 0 0 0

#Transform 85
Transform: AffineTransform_float_3_3
Parameters: 0.999996 -0.00273588 0.00046671 0.00273612 0.999996 -0.000258724 -0.00046629 0.000260277 1 0.0757785 0.119463 -0.0666054
FixedParameters: 0 0 0

#Transform 86
Transform: AffineTransform_float_3_3
Parameters: 0.999997 -0.00232535 0.000464236 0.00232565 0.999997 0.000759081 -0.000466764 -0.000757916 0.999999 0.0665102 0.052358 -0.0378792
FixedParameters: 0 0 0

#Transform 87
Transform: AffineTransform_float_3_3
Parameters: 0.999997 -0.00243715 0.000465219 0.00243685 0.999997 0.000321135 -0.000466781 -0.000319863 1 0.0586004 0.0719572 -0.0228138
FixedParameters: 0 0 0

#Transform 88
Transform: AffineTransform_float_3_3
Parameters: 0.999997 -0.00241775 -0.000243536 0.00241825 0.999996 0.00104841 0.000241465 -0.00104859 1 0.0847979 -0.0151277 0.0116361
FixedParameters: 0 0 0

#Transform 89
Transform: AffineTransform_float_3_3
Parameters: 0.999998 -0.00194165 0.000230566 0.00194135 0.999994 0.00279945 -0.000235434 -0.00279855 0.999996 0.0458248 -0.0411692 0.193017
FixedParameters: 0 0 0

#Transform 90
Transform: AffineTransform_float_3_3
Parameters: 0.999998 -0.00225175 0.000247247 0.00225125 0.999993 0.00299956 -0.000253752 -0.00299843 0.999995 0.0441065 -0.0125533 0.1309
FixedParameters: 0 0 0

#Transform 91
Transform: AffineTransform_float_3_3
Parameters: 0.999997 -0.00214597 0.000461497 0.00214503 0.999996 0.002099 -0.000466502 -0.002098 0.999997 0.0451714 -0.0117623 0.0772504
FixedParameters: 0 0 0

#Transform 92
Transform: AffineTransform_float_3_3
Parameters: 0.999997 -0.00208102 0.000461442 0.00207998 0.999996 0.00219096 -0.000466557 -0.00219003 0.999997 0.0437197 0.0015788 0.0919781
FixedParameters: 0 0 0

#Transform 93
Transform: AffineTransform_float_3_3
Parameters: 0.999997 -0.00214585 0.000462073 0.00214515 0.999996 0.001831 -0.000466927 -0.00183 0.999998 0.0367405 -0.0309618 0.0728676
FixedParameters: 0 0 0

#Transform 94
Transform: AffineTransform_float_3_3
Parameters: 0.999997 -0.0021463 0.000459957 0.00214469 0.999993 0.00281699 -0.000466042 -0.00281601 0.999996 0.0452572 -0.0347285 0.125683
FixedParameters: 0 0 0

#Transform 95
Transform: AffineTransform_float_3_3
Parameters: 0.999997 -0.00214628 0.000460068 0.00214472 0.999994 0.00276499 -0.000466931 -0.002764 0.999996 0.0451088 0.0231804 0.101751
FixedParameters: 0 0 0

#Transform 96
Transform: AffineTransform_float_3_3
Parameters: 0.999997 -0.00231307 0.0005122 0.00231193 0.999995 0.00207619 -0.000516799 -0.00207481 0.999997 0.0478759 0.0393319 0.105651
FixedParameters: 0 0 0

#Transform 97
Transform: AffineTransform_float_3_3
Parameters: 0.999997 -0.00214593 0.000354436 0.00214507 0.999995 0.00259377 -0.000359564 -0.00259323 0.999996 0.0266746 0.0141858 0.142121
FixedParameters: 0 0 0

#Transform 98
Transform: AffineTransform_float_3_3
Parameters: 0.999998 -0.00214636 0.000553755 0.00214564 0.999994 0.00244519 -0.000559247 -0.0024438 0.999997 0.0327964 -0.00811877 0.0988995
FixedParameters: 0 0 0

#Transform 99
Transform: AffineTransform_float_3_3
Parameters: 0.999997 -0.00214618 0.000460538 0.00214482 0.999995 0.00254599 -0.000466461 -0.00254501 0.999996 0.0438169 -0.0106068 0.0965191
FixedParameters: 0 0 0

#Transform 100
Transform: AffineTransform_float_3_3
Parameters: 0.999997 -0.00214602 0.000461294 0.00214498 0.999996 0.002194 -0.000466706 -0.00219301 0.999998 0.0437893 -0.00267666 0.0781939
FixedParameters: 0 0 0

#Transform 101
Transform: AffineTransform_float_3_3
Parameters: 0.999997 -0.00214556 0.000263486 0.00214544 0.999995 0.00210457 -0.000268516 -0.00210443 0.999998 0.0483032 -0.019715 0.0746164
FixedParameters: 0 0 0

#Transform 102
Transform: AffineTransform_float_3_3
Parameters: 0.999996 -0.00256995 0.00155961 0.00256305 0.999987 0.00444202 -0.0015704 -0.00443798 0.999989 0.0110093 -0.108501 0.184107
FixedParameters: 0 0 0

#Transform 103
Transform: AffineTransform_float_3_3
Parameters: 1 -0.00106033 0.000148683 0.00105967 0.999997 0.00218516 -0.000150316 -0.00218484 0.999997 0.00791894 0.0158891 0.199872
FixedParameters: 0 0 0

#Transform 104
Transform: AffineTransform_float_3_3
Parameters: 0.999999 -0.00168793 0.000544051 0.00168607 0.999993 0.00352692 -0.000549949 -0.00352608 0.999993 0.0135097 -0.042618 0.208194
FixedParameters: 0 0 0

#Transform 105
Transform: AffineTransform_float_3_3
Parameters: 0.999999 -0.00174518 0.00043631 0.00174382 0.999995 0.00268877 -0.00044069 -0.00268824 0.999997 0.00112766 -0.0990928 0.108027
FixedParameters: 0 0 0

#Transform 106
Transform: AffineTransform_float_3_3
Parameters: 0.999999 -0.00168751 0.00050297 0.00168549 0.999994 0.00298285 -0.00050803 -0.00298215 0.999996 -0.0018647 0.00154686 0.121271
FixedParameters: 0 0 0

#Transform 107
Transform: AffineTransform_float_3_3
Parameters: 0.999997 -0.00223027 0.000817823 0.00222872 0.999993 0.00277183 -0.000824179 -0.00277017 0.999996 0.0222313 -0.0121647 0.100431
FixedParameters: 0 0 0

#Transform 108
Transform: AffineTransform_float_3_3
Parameters: 0.999997 -0.00203552 0.000714688 0.00203448 0.999995 0.00211946 -0.000719311 -0.00211754 0.999997 0.0355577 -0.000645998 0.0849404
FixedParameters: 0 0 0

#Transform 109
Transform: AffineTransform_float_3_3
Parameters: 0.999997 -0.00223013 0.00074565 0.00222887 0.999994 0.00284967 -0.000752351 -0.00284733 0.999995 0.0342051 -0.0276311 0.142533
FixedParameters: 0 0 0

#Transform 110
Transform: AffineTransform_float_3_3
Parameters: 0.999997 -0.00223076 0.00110042 0.00222824 0.999995 0.00250346 -0.00110558 -0.00250154 0.999997 0.0323936 -0.0550441 0.0915808
FixedParameters: 0 0 0

#Transform 111
Transform: AffineTransform_float_3_3
Parameters: 0.999997 -0.00202935 0.000822221 0.00202665 0.999994 0.00284967 -0.000827775 -0.00284733 0.999995 0.0339489 -0.012265 0.123048
FixedParameters: 0 0 0

#Transform 112
Transform: AffineTransform_float_3_3
Parameters: 0.999997 -0.00197749 0.000785254 0.00197651 0.999997 0.00189556 -0.000788745 -0.00189344 0.999998 0.0247731 -0.0440757 0.076523
FixedParameters: 0 0 0

#Transform 113
Transform: AffineTransform_float_3_3
Parameters: 0.999997 -0.00223058 0.000915726 0.00222841 0.999993 0.00281505 -0.000922274 -0.00281295 0.999995 0.0365733 -0.0574419 0.107916
FixedParameters: 0 0 0

#Transform 114
Transform: AffineTransform_float_3_3
Parameters: 0.999998 -0.00176947 0.000919174 0.00176753 0.999997 0.00159863 -0.000921826 -0.00159737 0.999999 0.00546235 -0.0431365 0.0566283
FixedParameters: 0 0 0

#Transform 115
Transform: AffineTransform_float_3_3
Parameters: 0.999998 -0.00188045 0.000916998 0.00187755 0.999994 0.00266273 -0.000922 -0.00266027 0.999996 0.0166414 -0.0432418 0.0986317
FixedParameters: 0 0 0

#Transform 116
Transform: AffineTransform_float_3_3
Parameters: 0.999998 -0.00207655 0.000918513 0.00207446 0.999997 0.00168091 -0.000921487 -0.00167909 0.999998 0.0212598 -0.0502411 0.0585471
FixedParameters: 0 0 0

#Transform 117
Transform: AffineTransform_float_3_3
Parameters: 0.999997 -0.00200644 0.00091668 0.00200356 0.999995 0.00265384 -0.000922319 -0.00265216 0.999996 0.0194914 -0.0356345 0.0908577
FixedParameters: 0 0 0

#Transform 118
Transform: AffineTransform_float_3_3
Parameters: 0.999998 -0.00211567 0.000690951 0.00211533 0.999998 0.000969465 -0.000693049 -0.000967537 1 0.0272254 -0.0339647 0.043049
FixedParameters: 0 0 0

#Transform 119
Transform: AffineTransform_float_3_3
Parameters: 0.999995 -0.00223121 0.00192729 0.00222879 0.999996 0.0016653 -0.00193071 -0.0016607 0.999997 0.034899 0.0471213 0.0337724
FixedParameters: 0 0 0

#Transform 120
Transform: AffineTransform_float_3_3
Parameters: 0.999997 -0.00150402 0.002009 0.00149998 0.999997 0.00199902 -0.002012 -0.00199598 0.999996 0.0321512 0.0188021 0.0683187
FixedParameters: 0 0 0

#Transform 121
Transform: AffineTransform_float_3_3
Parameters: 0.999997 -0.00153268 0.00152431 0.00152732 0.999992 0.00371934 -0.00152969 -0.00371666 0.999992 0.0213304 -0.0626036 0.142187
FixedParameters: 0 0 0

#Transform 122
Transform: AffineTransform_float_3_3
Parameters: 0.999997 -0.00153055 0.00152645 0.00152745 0.999996 0.00232634 -0.00152956 -0.00232466 0.999996 0.0212294 -0.0639101 0.0716019
FixedParameters: 0 0 0

#Transform 123
Transform: AffineTransform_float_3_3
Parameters: 0.999997 -0.00153207 0.00152492 0.00152693 0.999994 0.00331934 -0.00153007 -0.00331667 0.999994 0.021236 -0.0352938 0.103185
FixedParameters: 0 0 0

#Transform 124
Transform: AffineTransform_float_3_3
Parameters: 0.999997 -0.00158176 0.00152508 0.00157724 0.999994 0.00311741 -0.00152992 -0.00311459 0.999994 0.022308 -0.0305634 0.0784514
FixedParameters: 0 0 0

#Transform 125
Transform: AffineTransform_float_3_3
Parameters: 0.999997 -0.00153149 0.00152551 0.00152751 0.999994 0.00293933 -0.00152949 -0.00293766 0.999994 0.0211826 -0.00709314 0.0976772
FixedParameters: 0 0 0

#Transform 126
Transform: AffineTransform_float_3_3
Parameters: 0.999997 -0.00153176 0.00152523 0.00152724 0.999994 0.00312034 -0.00152977 -0.00311766 0.999994 0.0027031 -0.00966384 0.136016
FixedParameters: 0 0 0

#Transform 127
Transform: AffineTransform_float_3_3
Parameters: 0.999998 -0.00153048 0.00129691 0.00152752 0.999996 0.00267699 -0.00130109 -0.00267501 0.999995 0.0184331 -0.0207466 0.117038
FixedParameters: 0 0 0

#Transform 128
Transform: AffineTransform_float_3_3
Parameters: 0.999998 -0.00153108 0.00132029 0.00152692 0.999994 0.00308402 -0.00132471 -0.00308198 0.999995 0.015511 -0.029872 0.141458
FixedParameters: 0 0 0

#Transform 129
Transform: AffineTransform_float_3_3
Parameters: 0.999998 -0.00152981 0.00112017 0.00152718 0.999995 0.00250871 -0.00112483 -0.00250628 0.999996 0.0118089 -0.0169762 0.0982644
FixedParameters: 0 0 0

#Transform 130
Transform: AffineTransform_float_3_3
Parameters: 0.999997 -0.00209231 0.00141015 0.00208769 0.999991 0.00375895 -0.00141785 -0.00375604 0.999992 0.0358646 0.0326821 0.137643
FixedParameters: 0 0 0

#Transform 131
Transform: AffineTransform_float_3_3
Parameters: 0.999998 -0.00209088 0.00099186 0.00208712 0.99999 0.00389808 -0.00100014 -0.00389592 0.999992 0.0446296 -0.0490981 0.110116
FixedParameters: 0 0 0

#Transform 132
Transform: AffineTransform_float_3_3
Parameters: 0.999998 -0.00208937 0.000995032 0.00208763 0.999995 0.00238008 -0.000999969 -0.00237792 0.999996 0.0444615 0.0134349 0.0615463
FixedParameters: 0 0 0

#Transform 133
Transform: AffineTransform_float_3_3
Parameters: 0.999998 -0.00154893 0.000777151 0.00154807 0.999998 0.0011942 -0.000779848 -0.00119279 0.999999 0.0368396 0.0498077 0.0269119
FixedParameters: 0 0 0

#Transform 134
Transform: AffineTransform_float_3_3
Parameters: 0.999997 -0.00208747 0.000550231 0.00208753 0.999998 0.000848151 -0.000551769 -0.000846851 1 0.0545398 -0.0762144 -0.000995541
FixedParameters: 0 0 0

#Transform 135
Transform: AffineTransform_float_3_3
Parameters: 0.999997 -0.00185317 0.0012157 0.00185083 0.999996 0.00178325 -0.0012193 -0.00178074 0.999997 0.0340788 -0.0416244 0.0405349
FixedParameters: 0 0 0

#Transform 136
Transform: AffineTransform_float_3_3
Parameters: 0.999996 -0.0023644 0.00103309 0.0023636 0.999997 0.000384443 -0.00103391 -0.000382557 1 0.0596376 0.0825633 -0.0117733
FixedParameters: 0 0 0

#Transform 137
Transform: AffineTransform_float_3_3
Parameters: 0.999998 -0.00164959 0.00098534 0.00164741 0.999998 0.00161463 -0.000987661 -0.00161337 0.999998 0.0350224 -0.0818559 0.254497
FixedParameters: 0 0 0

#Transform 138
Transform: AffineTransform_float_3_3
Parameters: 0.999999 -0.00139922 0.000410854 0.00139877 0.999994 0.00296458 -0.000415147 -0.00296342 0.999995 0.0228628 -0.104972 0.254478
FixedParameters: 0 0 0

#Transform 139
Transform: AffineTransform_float_3_3
Parameters: 0.999999 -0.00100151 0.000777781 0.000998491 0.999995 0.00321878 -0.000781218 -0.00321822 0.999994 -0.0122498 -0.117931 0.257038
FixedParameters: 0 0 0

#Transform 140
Transform: AffineTransform_float_3_3
Parameters: 0.999998 -0.00140115 0.000775342 0.00139885 0.999991 0.00404309 -0.000780661 -0.00404191 0.999991 0.0047422 -0.163431 0.205021
FixedParameters: 0 0 0

#Transform 141
Transform: AffineTransform_float_3_3
Parameters: 1 -0.000922572 0.000777961 0.000919428 0.999994 0.00329972 -0.000781038 -0.00329928 0.999995 0.00387663 -0.0959414 0.202147
FixedParameters: 0 0 0

#Transform 142
Transform: AffineTransform_float_3_3
Parameters: 1 -0.000919144 0.000673081 0.000916856 0.999994 0.00317962 -0.000675918 -0.00317838 0.999994 0.00609428 -0.0932549 0.144214
FixedParameters: 0 0 0

#Transform 143
Transform: AffineTransform_float_3_3
Parameters: 1 -0.000707101 0.000779099 0.0007049 0.999996 0.00269355 -0.000780901 -0.00269245 0.999996 -0.0149174 -0.0249316 0.124326
FixedParameters: 0 0 0

#Transform 144
Transform: AffineTransform_float_3_3
Parameters: 1 -0.000928842 0.000778809 0.000927158 0.999997 0.00236172 -0.000781192 -0.00236128 0.999997 -0.0125021 0.0339786 0.15406
FixedParameters: 0 0 0

#Transform 145
Transform: AffineTransform_float_3_3
Parameters: 0.999999 -0.000930606 0.00124131 0.000927397 0.999996 0.00290116 -0.0012437 -0.00290085 0.999995 -0.0228417 -0.0649585 0.164962
FixedParameters: 0 0 0

#Transform 146
Transform: AffineTransform_float_3_3
Parameters: 1 -0.00092992 0.00077752 0.000927081 0.999992 0.00374872 -0.00078048 -0.00374727 0.999992 -0.0123656 -0.0664811 0.20957
FixedParameters: 0 0 0

#Transform 147
Transform: AffineTransform_float_3_3
Parameters: 0.999999 -0.00093072 0.00111892 0.000927279 0.999994 0.00332104 -0.00112208 -0.00331996 0.999994 -0.0200972 -0.0743446 0.177419
FixedParameters: 0 0 0

#Transform 148
Transform: AffineTransform_float_3_3
Parameters: 0.999999 -0.000931268 0.00105123 0.000926734 0.999992 0.00405298 -0.00105476 -0.00405202 0.999991 -0.0321374 -0.0728228 0.212115
FixedParameters: 0 0 0

#Transform 149
Transform: AffineTransform_float_3_3
Parameters: 0.999999 -0.00113948 0.00145874 0.00113352 0.999993 0.00374966 -0.00146326 -0.00374734 0.999992 -0.0229124 -0.0471331 0.183129
FixedParameters: 0 0 0

#Transform 150
Transform: AffineTransform_float_3_3
Parameters: 0.999998 -0.00142342 0.00144269 0.00141758 0.999989 0.00444106 -0.00144931 -0.00443895 0.999989 -0.00208594 0.00340623 0.193788
FixedParameters: 0 0 0

#Transform 151
Transform: AffineTransform_float_3_3
Parameters: 0.999998 -0.00145842 0.00152388 0.00145158 0.99999 0.00420522 -0.00153012 -0.00420278 0.99999 -0.000522847 -0.0232203 0.197046
FixedParameters: 0 0 0

#Transform 152
Transform: AffineTransform_float_3_3
Parameters: 0.999998 -0.00145691 0.00147718 0.00145209 0.999994 0.00331815 -0.00148283 -0.00331585 0.999994 0.000393368 -0.0260408 0.100565
FixedParameters: 0 0 0

#Transform 153
Transform: AffineTransform_float_3_3
Parameters: 0.999998 -0.00152664 0.00122122 0.00152236 0.999991 0.00378987 -0.00122678 -0.00378713 0.999992 0.0203171 -0.0666151 0.129856
FixedParameters: 0 0 0

#Transform 154
Transform: AffineTransform_float_3_3
Parameters: 0.999998 -0.00145527 0.00122312 0.00145173 0.999996 0.00267178 -0.00122688 -0.00267022 0.999995 0.0233757 -0.0420287 0.0867109
FixedParameters: 0 0 0

#Transform 155
Transform: AffineTransform_float_3_3
Parameters: 0.999998 -0.00145643 0.00122173 0.00145157 0.999993 0.00362178 -0.00122726 -0.00362022 0.999992 0.0172086 -0.0146407 0.10848
FixedParameters: 0 0 0

#Transform 156
Transform: AffineTransform_float_3_3
Parameters: 0.999998 -0.00160498 0.00162007 0.00160102 0.999995 0.0024536 -0.00162393 -0.0024514 0.999995 0.00811268 0.0119352 0.0801462
FixedParameters: 0 0 0

#Transform 157
Transform: AffineTransform_float_3_3
Parameters: 0.999998 -0.00152382 0.00122225 0.00152018 0.999994 0.00312287 -0.00122675 -0.00312114 0.999995 0.012803 -0.0341277 0.0971427
FixedParameters: 0 0 0

#Transform 158
Transform: AffineTransform_float_3_3
Parameters: 0.999998 -0.00145547 0.00122288 0.00145153 0.999995 0.00283478 -0.00122712 -0.00283322 0.999995 0.00891243 0.00252924 0.0903305
FixedParameters: 0 0 0

#Transform 159
Transform: AffineTransform_float_3_3
Parameters: 0.999998 -0.00168848 0.00158123 0.00168452 0.999994 0.00282767 -0.00158577 -0.00282533 0.999995 0.0120903 -0.0557068 0.0578861
FixedParameters: 0 0 0

#Transform 160
Transform: AffineTransform_float_3_3
Parameters: 0.999998 -0.00179571 0.00147428 0.00179129 0.999994 0.00319165 -0.00147972 -0.00318935 0.999994 0.012022 -0.0162088 0.0911398
FixedParameters: 0 0 0

#Transform 161
Transform: AffineTransform_float_3_3
Parameters: 0.999997 -0.00191115 0.00166425 0.00190685 0.999995 0.00249118 -0.00166975 -0.00248882 0.999995 0.0134672 -0.0200362 0.0669011
FixedParameters: 0 0 0

#Transform 162
Transform: AffineTransform_float_3_3
Parameters: 0.999997 -0.00161927 0.00144824 0.00161473 0.999995 0.00294535 -0.00145276 -0.00294365 0.999994 0.00279205 0.0162047 0.0671455
FixedParameters: 0 0 0

#Transform 163
Transform: AffineTransform_float_3_3
Parameters: 0.999997 -0.00174858 0.0016642 0.00174442 0.999994 0.00274991 -0.0016698 -0.00274709 0.999995 -0.00299371 -0.00676232 0.0831215
FixedParameters: 0 0 0

#Transform 164
Transform: AffineTransform_float_3_3
Parameters: 0.999997 -0.00187674 0.00166479 0.00187326 0.999995 0.00224613 -0.00166921 -0.00224287 0.999996 0.0135677 0.0125274 0.0500891
FixedParameters: 0 0 0

#Transform 165
Transform: AffineTransform_float_3_3
Parameters: 0.999997 -0.00183237 0.0016631 0.00182663 0.999993 0.00322605 -0.0016689 -0.00322295 0.999994 0.00579215 -0.041324 0.0729417
FixedParameters: 0 0 0

#Transform 166
Transform: AffineTransform_float_3_3
Parameters: 0.999997 -0.00188416 0.0015961 0.00187983 0.999995 0.00260601 -0.0016019 -0.00260299 0.999996 0.0146742 0.0449698 0.050477
FixedParameters: 0 0 0

#Transform 167
Transform: AffineTransform_float_3_3
Parameters: 0.999997 -0.00166793 0.00166407 0.00166307 0.999994 0.00295978 -0.00166893 -0.00295723 0.999994 0.00203517 -0.0279649 0.0668293
FixedParameters: 0 0 0

#Transform 168
Transform: AffineTransform_float_3_3
Parameters: 0.999997 -0.00188498 0.00166337 0.00188001 0.999994 0.00299214 -0.00166963 -0.00298886 0.999994 0.00695798 -0.0278584 0.0673941
FixedParameters: 0 0 0

#Transform 169
Transform: AffineTransform_float_3_3
Parameters: 0.999997 -0.0018839 0.0016646 0.0018801 0.999996 0.00233914 -0.0016694 -0.00233686 0.999996 0.0117858 -0.0133034 0.047118
FixedParameters: 0 0 0

#Transform 170
Transform: AffineTransform_float_3_3
Parameters: 0.999997 -0.00188476 0.00166362 0.00188023 0.999994 0.00286114 -0.00166938 -0.00285786 0.999994 0.00694077 -0.0224034 0.0644229
FixedParameters: 0 0 0

#Transform 171
Transform: AffineTransform_float_3_3
Parameters: 0.999998 -0.00159743 0.00166572 0.00159457 0.999996 0.00206066 -0.00166929 -0.00205734 0.999997 0.000363904 -0.0441851 0.0307064
FixedParameters: 0 0 0

#Transform 172
Transform: AffineTransform_float_3_3
Parameters: 0.999998 -0.00173032 0.00146692 0.00172568 0.999994 0.00294054 -0.00147208 -0.00293746 0.999994 0.00800554 -0.0435879 0.0836288
FixedParameters: 0 0 0

#Transform 173
Transform: AffineTransform_float_3_3
Parameters: 0.999997 -0.00166486 0.00166515 0.00166114 0.999996 0.00231877 -0.00166985 -0.00231623 0.999996 0.0102899 -0.0262681 0.0333105
FixedParameters: 0 0 0

#Transform 174
Transform: AffineTransform_float_3_3
Parameters: 0.999997 -0.00188472 0.00166367 0.00188028 0.999994 0.00283314 -0.00166933 -0.00282986 0.999994 0.0305362 -0.0502413 0.0638174
FixedParameters: 0 0 0

#Transform 175
Transform: AffineTransform_float_3_3
Parameters: 0.999996 -0.00188584 0.00184304 0.00188016 0.999993 0.00316548 -0.00184896 -0.00316153 0.999994 0.0209185 -0.0494681 0.137625
FixedParameters: 0 0 0

#Transform 176
Transform: AffineTransform_float_3_3
Parameters: 0.999996 -0.00188956 0.00201708 0.00188044 0.999987 0.00473281 -0.00202592 -0.00472919 0.999987 0.022756 0.00960649 0.2124
FixedParameters: 0 0 0

#Transform 177
Transform: AffineTransform_float_3_3
Parameters: 0.999993 -0.0027574 0.00243391 0.0027446 0.999981 0.00549072 -0.0024491 -0.00548428 0.999982 0.0527626 -0.107573 0.148336
FixedParameters: 0 0 0

#Transform 178
Transform: AffineTransform_float_3_3
Parameters: 0.999992 -0.00235151 0.00329858 0.00233449 0.999983 0.00530274 -0.00331041 -0.00529526 0.99998 0.0218234 -0.0127488 0.202008
FixedParameters: 0 0 0

#Transform 179
Transform: AffineTransform_float_3_3
Parameters: 0.999995 -0.00164494 0.00245003 0.00163006 0.99998 0.00608802 -0.00245997 -0.00608398 0.999979 0.0131728 -0.0497887 0.251684
FixedParameters: 0 0 0

#Transform 180
Transform: AffineTransform_float_3_3
Parameters: 0.999998 -0.00155622 0.00134699 0.00155078 0.999992 0.0038691 -0.00135301 -0.0038669 0.999991 0.047599 -0.00495429 0.178211
FixedParameters: 0 0 0

#Transform 181
Transform: AffineTransform_float_3_3
Parameters: 0.999998 -0.00165983 0.000902986 0.00165616 0.999989 0.0042315 -0.000910014 -0.00422949 0.99999 0.0412529 -0.0123838 0.223173
FixedParameters: 0 0 0

#Transform 182
Transform: AffineTransform_float_3_3
Parameters: 0.999997 -0.00159645 0.00151428 0.00159055 0.999993 0.00359242 -0.00151972 -0.00358958 0.999993 0.023861 -0.0313452 0.150317
FixedParameters: 0 0 0

#Transform 183
Transform: AffineTransform_float_3_3
Parameters: 0.999998 -0.00159631 0.00131559 0.00159069 0.99999 0.0040251 -0.00132141 -0.0040239 0.999991 0.0283073 -0.00494591 0.177013
FixedParameters: 0 0 0

#Transform 184
Transform: AffineTransform_float_3_3
Parameters: 0.999998 -0.00159465 0.00138882 0.00159035 0.999996 0.00262421 -0.00139318 -0.00262178 0.999995 0.0265762 0.00829668 0.10517
FixedParameters: 0 0 0

#Transform 185
Transform: AffineTransform_float_3_3
Parameters: 0.999998 -0.0015951 0.0011031 0.0015909 0.999992 0.00370676 -0.0011089 -0.00370524 0.999992 0.033139 -0.045946 0.151195
FixedParameters: 0 0 0

#Transform 186
Transform: AffineTransform_float_3_3
Parameters: 0.999998 -0.00159543 0.00128452 0.00159057 0.999993 0.00344305 -0.00129048 -0.00344095 0.999993 0.0290222 -0.0400987 0.137631
FixedParameters: 0 0 0

#Transform 187
Transform: AffineTransform_float_3_3
Parameters: 0.999998 -0.00159452 0.00110394 0.00159048 0.999993 0.00317776 -0.00110906 -0.00317624 0.999995 0.0330662 -0.0200385 0.122684
FixedParameters: 0 0 0

#Transform 188
Transform: AffineTransform_float_3_3
Parameters: 0.999998 -0.00159438 0.00110413 0.00159062 0.999994 0.00305776 -0.00110887 -0.00305624 0.999994 0.0211463 0.0166576 0.132213
FixedParameters: 0 0 0

#Transform 189
