# transform file /out/sourcedata/freesurfer/sub-v2s2x29078_ses-1/mri/transforms/cc_up.lta
# created by oesteban on Fri Mar 13 00:11:33 2026

type      = 0 # LINEAR_VOX_TO_VOX
nxforms   = 1
mean      = 130.0000 139.0000 120.0000
sigma     = 10000.0000
1 4 4
9.986357688903809e-01 4.846544191241264e-02 1.943537592887878e-02 -1.080454444885254e+01 
-4.845626279711723e-02 9.988248944282532e-01 -9.430522331967950e-04 1.759749031066895e+01 
-1.945824176073074e-02 0.000000000000000e+00 9.998106956481934e-01 1.157156562805176e+01 
0.000000000000000e+00 0.000000000000000e+00 0.000000000000000e+00 1.000000000000000e+00 
src volume info
valid = 1  # volume info valid
filename = /out/sourcedata/freesurfer/sub-v2s2x29078_ses-1/mri/norm.mgz
volume = 256 256 256
voxelsize = 8.984374403953552e-01 8.984374403953552e-01 8.984374403953552e-01
xras   = -1.000000000000000e+00 0.000000000000000e+00 0.000000000000000e+00
yras   = 0.000000000000000e+00 0.000000000000000e+00 -1.000000119209290e+00
zras   = 0.000000000000000e+00 1.000000000000000e+00 0.000000000000000e+00
cras   = -5.743217468261719e+00 -5.644775390625000e+00 1.959149932861328e+01
dst volume info
valid = 1  # volume info valid
filename = /out/sourcedata/freesurfer/sub-v2s2x29078_ses-1/mri/norm.mgz
volume = 256 256 256
voxelsize = 8.984374403953552e-01 8.984374403953552e-01 8.984374403953552e-01
xras   = -1.000000000000000e+00 0.000000000000000e+00 0.000000000000000e+00
yras   = 0.000000000000000e+00 0.000000000000000e+00 -1.000000119209290e+00
zras   = 0.000000000000000e+00 1.000000000000000e+00 0.000000000000000e+00
cras   = -5.743217468261719e+00 -5.644775390625000e+00 1.959149932861328e+01
