# transform file /out/sourcedata/freesurfer/sub-v2s2x29059_ses-1/mri/transforms/cc_up.lta
# created by oesteban on Thu Mar 12 22:38:36 2026

type      = 0 # LINEAR_VOX_TO_VOX
nxforms   = 1
mean      = 130.0000 138.0000 122.0000
sigma     = 10000.0000
1 4 4
9.985021948814392e-01 -3.598896041512489e-02 4.120669886469841e-02 -1.086494445800781e+00 
3.595835343003273e-02 9.993520975112915e-01 1.483947620727122e-03 2.272863864898682e+00 
-4.123341292142868e-02 0.000000000000000e+00 9.991494417190552e-01 1.040579223632812e+01 
0.000000000000000e+00 0.000000000000000e+00 0.000000000000000e+00 1.000000000000000e+00 
src volume info
valid = 1  # volume info valid
filename = /out/sourcedata/freesurfer/sub-v2s2x29059_ses-1/mri/norm.mgz
volume = 256 256 256
voxelsize = 8.984374403953552e-01 8.984374403953552e-01 8.984374403953552e-01
xras   = -1.000000000000000e+00 0.000000000000000e+00 0.000000000000000e+00
yras   = 0.000000000000000e+00 0.000000000000000e+00 -1.000000119209290e+00
zras   = 0.000000000000000e+00 1.000000000000000e+00 0.000000000000000e+00
cras   = 5.377349853515625e-01 -1.017768096923828e+01 2.166078567504883e+01
dst volume info
valid = 1  # volume info valid
filename = /out/sourcedata/freesurfer/sub-v2s2x29059_ses-1/mri/norm.mgz
volume = 256 256 256
voxelsize = 8.984374403953552e-01 8.984374403953552e-01 8.984374403953552e-01
xras   = -1.000000000000000e+00 0.000000000000000e+00 0.000000000000000e+00
yras   = 0.000000000000000e+00 0.000000000000000e+00 -1.000000119209290e+00
zras   = 0.000000000000000e+00 1.000000000000000e+00 0.000000000000000e+00
cras   = 5.377349853515625e-01 -1.017768096923828e+01 2.166078567504883e+01
