# transform file /out/sourcedata/freesurfer/sub-v2s2x29063_ses-1/mri/transforms/cc_up.lta
# created by oesteban on Thu Mar 12 23:00:28 2026

type      = 0 # LINEAR_VOX_TO_VOX
nxforms   = 1
mean      = 128.0000 132.0000 124.0000
sigma     = 10000.0000
1 4 4
9.978182315826416e-01 7.346213678829372e-04 6.601835787296295e-02 -7.833739757537842e+00 
-7.330187363550067e-04 9.999998211860657e-01 -4.849850665777922e-05 1.709975624084473e+01 
-6.601837277412415e-02 0.000000000000000e+00 9.978184700012207e-01 1.872374916076660e+01 
0.000000000000000e+00 0.000000000000000e+00 0.000000000000000e+00 1.000000000000000e+00 
src volume info
valid = 1  # volume info valid
filename = /out/sourcedata/freesurfer/sub-v2s2x29063_ses-1/mri/norm.mgz
volume = 256 256 256
voxelsize = 8.984375000000000e-01 8.984375000000000e-01 8.984375000000000e-01
xras   = -1.000000000000000e+00 0.000000000000000e+00 0.000000000000000e+00
yras   = 0.000000000000000e+00 0.000000000000000e+00 -9.999999403953552e-01
zras   = 0.000000000000000e+00 9.999999403953552e-01 0.000000000000000e+00
cras   = -6.028701782226562e+00 -9.817504882812500e+00 8.927490234375000e+00
dst volume info
valid = 1  # volume info valid
filename = /out/sourcedata/freesurfer/sub-v2s2x29063_ses-1/mri/norm.mgz
volume = 256 256 256
voxelsize = 8.984375000000000e-01 8.984375000000000e-01 8.984375000000000e-01
xras   = -1.000000000000000e+00 0.000000000000000e+00 0.000000000000000e+00
yras   = 0.000000000000000e+00 0.000000000000000e+00 -9.999999403953552e-01
zras   = 0.000000000000000e+00 9.999999403953552e-01 0.000000000000000e+00
cras   = -6.028701782226562e+00 -9.817504882812500e+00 8.927490234375000e+00
