# transform file /out/sourcedata/freesurfer/sub-v2s2x29082_ses-1/mri/transforms/cc_up.lta
# created by oesteban on Fri Mar 13 00:10:40 2026

type      = 0 # LINEAR_VOX_TO_VOX
nxforms   = 1
mean      = 130.0000 139.0000 122.0000
sigma     = 10000.0000
1 4 4
9.992895126342773e-01 3.758178278803825e-02 -2.844779985025525e-03 -6.165462970733643e+00 
-3.758163005113602e-02 9.992935657501221e-01 1.069874779204838e-04 1.095949840545654e+01 
2.846791176125407e-03 0.000000000000000e+00 9.999959468841553e-01 1.263037872314453e+01 
0.000000000000000e+00 0.000000000000000e+00 0.000000000000000e+00 1.000000000000000e+00 
src volume info
valid = 1  # volume info valid
filename = /out/sourcedata/freesurfer/sub-v2s2x29082_ses-1/mri/norm.mgz
volume = 256 256 256
voxelsize = 8.984375596046448e-01 8.984375596046448e-01 8.984375596046448e-01
xras   = -1.000000000000000e+00 0.000000000000000e+00 0.000000000000000e+00
yras   = 0.000000000000000e+00 0.000000000000000e+00 -1.000000119209290e+00
zras   = 0.000000000000000e+00 1.000000000000000e+00 0.000000000000000e+00
cras   = 4.865798950195312e-01 -1.550495147705078e+01 1.751246643066406e+01
dst volume info
valid = 1  # volume info valid
filename = /out/sourcedata/freesurfer/sub-v2s2x29082_ses-1/mri/norm.mgz
volume = 256 256 256
voxelsize = 8.984375596046448e-01 8.984375596046448e-01 8.984375596046448e-01
xras   = -1.000000000000000e+00 0.000000000000000e+00 0.000000000000000e+00
yras   = 0.000000000000000e+00 0.000000000000000e+00 -1.000000119209290e+00
zras   = 0.000000000000000e+00 1.000000000000000e+00 0.000000000000000e+00
cras   = 4.865798950195312e-01 -1.550495147705078e+01 1.751246643066406e+01
