# transform file transforms/talairach.lta
# created by oesteban on Thu Mar 12 22:54:40 2026

type      = 0 # LINEAR_VOX_TO_VOX
nxforms   = 1
mean      = 130.0000 141.0000 122.0000
sigma     = 10000.0000
1 4 4
9.481781721115112e-01 3.257400542497635e-02 1.388215925544500e-02 -2.415403366088867e+00 
-3.378472477197647e-02 1.068099975585938e+00 -3.839914128184319e-02 -2.049712944030762e+01 
-1.592201180756092e-02 4.137953743338585e-02 8.975651264190674e-01 -4.171819686889648e+00 
0.000000000000000e+00 0.000000000000000e+00 0.000000000000000e+00 1.000000000000000e+00 
src volume info
valid = 1  # volume info valid
filename = nu.mgz
volume = 256 256 256
voxelsize = 8.984375596046448e-01 8.984375596046448e-01 8.984375596046448e-01
xras   = -1.000000000000000e+00 0.000000000000000e+00 0.000000000000000e+00
yras   = 0.000000000000000e+00 0.000000000000000e+00 -1.000000119209290e+00
zras   = 0.000000000000000e+00 1.000000000000000e+00 0.000000000000000e+00
cras   = 4.865798950195312e-01 -1.550495147705078e+01 1.751246643066406e+01
dst volume info
valid = 1  # volume info valid
filename = /opt/freesurfer/average/RB_all_2020-01-02.gca
volume = 256 256 256
voxelsize = 1.000000000000000e+00 1.000000000000000e+00 1.000000000000000e+00
xras   = -1.000000000000000e+00 0.000000000000000e+00 0.000000000000000e+00
yras   = 0.000000000000000e+00 0.000000000000000e+00 -1.000000000000000e+00
zras   = 0.000000000000000e+00 1.000000000000000e+00 0.000000000000000e+00
cras   = 0.000000000000000e+00 0.000000000000000e+00 0.000000000000000e+00
