#Insight Transform File V1.0
#Transform 0
Transform: AffineTransform_float_3_3
Parameters: 0.999999 0.000826999 -4.11019e-07 -0.000826999 0.999999 -0.000497 -4.11019e-07 0.000497 1 -0.0458559 0.028852 0.0380064
FixedParameters: 0 0 0

#Transform 1
Transform: AffineTransform_float_3_3
Parameters: 0.999999 0.000696991 0.000276022 -0.000697008 1 3.18076e-05 -0.000275978 -3.21924e-05 1 -0.046245 -0.00927983 0.0882271
FixedParameters: 0 0 0

#Transform 2
Transform: AffineTransform_float_3_3
Parameters: 0.999999 0.000827032 0.000263896 -0.000826966 0.999999 -0.000125218 -0.000264103 0.000124782 1 -0.0455773 -0.0172788 0.0681038
FixedParameters: 0 0 0

#Transform 3
Transform: AffineTransform_float_3_3
Parameters: 1 0.000244985 -4.00914e-05 -0.000245015 1 -0.00037299 3.99086e-05 0.00037301 1 -0.00746274 0.0633174 -0.00524895
FixedParameters: 0 0 0

#Transform 4
Transform: AffineTransform_float_3_3
Parameters: 1 0.000290048 0.000185925 -0.000289952 1 -0.000257054 -0.000185074 0.000256946 1 -0.0163604 0.0185291 0.0313506
FixedParameters: 0 0 0

#Transform 5
Transform: AffineTransform_float_3_3
Parameters: 1 0.000407941 0.000186128 -0.000408058 1 0.000313924 -0.000185872 -0.000314076 1 -0.00983714 -0.0918176 0.102952
FixedParameters: 0 0 0

#Transform 6
Transform: AffineTransform_float_3_3
Parameters: 1 0.00025998 0.000186028 -0.00026002 1 0.000108952 -0.000185972 -0.000109048 1 0.0084542 -0.0293615 0.0638514
FixedParameters: 0 0 0

#Transform 7
Transform: AffineTransform_float_3_3
Parameters: 1 0.000188926 0.000186075 -0.000189074 1 0.000398965 -0.000185925 -0.000399035 1 -0.0141446 0.0339926 0.0532579
FixedParameters: 0 0 0

#Transform 8
Transform: AffineTransform_float_3_3
Parameters: 1 0.000407902 0.000186215 -0.000408098 1 0.000526924 -0.000185785 -0.000527076 1 -0.0224278 -0.0708068 0.0856918
FixedParameters: 0 0 0

#Transform 9
Transform: AffineTransform_float_3_3
Parameters: 1 -5.95889e-06 0.000186001 6.04111e-06 1 -0.000220999 -0.000185999 0.000221001 1 0.0166634 -0.0128462 0.0449441
FixedParameters: 0 0 0

#Transform 10
Transform: AffineTransform_float_3_3
Parameters: 1 -4.70727e-05 0.000311989 4.69273e-05 1 0.000233015 -0.000312011 -0.000232985 1 -0.00269912 0.0233684 0.0541112
FixedParameters: 0 0 0

#Transform 11
Transform: AffineTransform_float_3_3
Parameters: 1 -4.7008e-05 0.000185998 4.6992e-05 1 4.30087e-05 -0.000186002 -4.29913e-05 1 0.0178595 -0.080653 0.0488904
FixedParameters: 0 0 0

#Transform 12
Transform: AffineTransform_float_3_3
Parameters: 1 -4.69916e-05 9.9004e-05 4.70084e-05 1 -8.49953e-05 -9.8996e-05 8.50047e-05 1 0.0178778 0.00023047 0.0454737
FixedParameters: 0 0 0

#Transform 13
Transform: AffineTransform_float_3_3
Parameters: 1 -0.000433045 8.27644e-05 0.000432955 1 0.000544036 -8.32355e-05 -0.000543964 1 0.0323334 -0.0537738 0.0698103
FixedParameters: 0 0 0

#Transform 14
Transform: AffineTransform_float_3_3
Parameters: 1 -0.000293075 0.000185881 0.000292925 1 0.000406054 -0.000185119 -0.000405946 1 0.0322698 -0.0634775 0.0800069
FixedParameters: 0 0 0

#Transform 15
Transform: AffineTransform_float_3_3
Parameters: 1 -4.69133e-05 0.000186022 4.70867e-05 1 -0.000465991 -0.000185978 0.000466009 1 0.0178494 0.0431251 0.0259491
FixedParameters: 0 0 0

#Transform 16
Transform: AffineTransform_float_3_3
Parameters: 1 -4.70175e-05 0.000185996 4.69826e-05 1 9.40087e-05 -0.000185004 -9.39913e-05 1 0.0178593 -0.00411182 0.067148
FixedParameters: 0 0 0

#Transform 17
Transform: AffineTransform_float_3_3
Parameters: 1 -0.000245004 -8.89877e-05 0.000244996 1 -5.00218e-05 8.90122e-05 4.99782e-05 1 0.0270899 -0.0174534 0.00810696
FixedParameters: 0 0 0

#Transform 18
Transform: AffineTransform_float_3_3
Parameters: 1 -0.000306002 -2.69767e-05 0.000305998 1 -7.60083e-05 2.70233e-05 7.59917e-05 1 0.0259095 0.075005 0.0373849
FixedParameters: 0 0 0

#Transform 19
Transform: AffineTransform_float_3_3
Parameters: 1 0.000162938 0.000106095 -0.000163061 1 0.000579983 -0.000105905 -0.000580017 1 0.0114184 -0.0393258 0.0401374
FixedParameters: 0 0 0

#Transform 20
Transform: AffineTransform_float_3_3
Parameters: 1 -4.69925e-05 -0.000175002 4.70075e-05 1 4.29918e-05 0.000174998 -4.30082e-05 1 0.00032795 0.0162431 0.000824937
FixedParameters: 0 0 0

#Transform 21
Transform: AffineTransform_float_3_3
Parameters: 1 -4.70297e-05 0.000157991 4.69703e-05 1 0.000188007 -0.000158009 -0.000187993 1 0.011731 -0.0375051 0.0158426
FixedParameters: 0 0 0

#Transform 22
Transform: AffineTransform_float_3_3
Parameters: 1 -4.6884e-05 0.000283019 4.7116e-05 1 -0.000409987 -0.000282981 0.000410013 1 0.0123891 -0.0140286 -0.0114645
FixedParameters: 0 0 0

#Transform 23
Transform: AffineTransform_float_3_3
Parameters: 1 8.80222e-05 0.00018699 -8.79777e-05 1 -0.000119016 -0.00018701 0.000118984 1 -0.00218355 0.0460677 -0.0210253
FixedParameters: 0 0 0

#Transform 24
Transform: AffineTransform_float_3_3
Parameters: 1 -4.6959e-05 0.000283007 4.7041e-05 1 -0.000144987 -0.000282993 0.000145013 1 -0.0324291 -0.0121909 -0.0151207
FixedParameters: 0 0 0

#Transform 25
Transform: AffineTransform_float_3_3
Parameters: 1 -4.69776e-05 0.000283004 4.70224e-05 1 -7.89867e-05 -0.000282996 7.90133e-05 1 -0.000975108 0.0773261 -0.0286782
FixedParameters: 0 0 0

#Transform 26
Transform: AffineTransform_float_3_3
Parameters: 1 -0.000527581 -0.000354624 0.00052742 0.999999 0.00118281 0.000354376 -0.00118319 0.999999 0.0140448 0.0513305 0.0641486
FixedParameters: 0 0 0

#Transform 27
Transform: AffineTransform_float_3_3
Parameters: 1 -0.000399804 -0.000213367 0.000400195 0.999999 0.000918914 0.000212632 -0.000919084 0.999999 0.0100487 -0.0119685 0.0389727
FixedParameters: 0 0 0

#Transform 28
Transform: AffineTransform_float_3_3
Parameters: 1 -4.67066e-05 -0.00027705 4.72933e-05 1 0.00105899 0.00027695 -0.00105901 1 -0.000823879 0.0226407 0.0607102
FixedParameters: 0 0 0

#Transform 29
Transform: AffineTransform_float_3_3
Parameters: 1 -0.000123761 -0.000205144 0.000124239 1 0.00116398 0.000204856 -0.00116403 1 0.00759302 -0.0571994 0.0466315
FixedParameters: 0 0 0

#Transform 30
Transform: AffineTransform_float_3_3
Parameters: 1 -4.6983e-05 -0.000205004 4.7017e-05 1 8.29904e-05 0.000204996 -8.30096e-05 1 -0.000779546 0.0430543 0.00665625
FixedParameters: 0 0 0

#Transform 31
Transform: AffineTransform_float_3_3
Parameters: 1 -0.000232926 -0.000205084 0.000233074 1 0.000360952 0.000204916 -0.000360048 1 0.00495228 0.0539055 0.0324307
FixedParameters: 0 0 0

#Transform 32
Transform: AffineTransform_float_3_3
Parameters: 1 0.000128 1.7728e-07 -0.000128 0.999999 0.001385 1.7728e-07 -0.001385 0.999999 -0.0223908 -0.104718 0.0834014
FixedParameters: 0 0 0

#Transform 33
Transform: AffineTransform_float_3_3
Parameters: 1 -4.69904e-05 -0.000205002 4.70096e-05 1 4.69904e-05 0.000204998 -4.70096e-05 1 -0.0183051 0.038394 0.0105634
FixedParameters: 0 0 0

#Transform 34
Transform: AffineTransform_float_3_3
Parameters: 1 0.00041105 -5.66387e-05 -0.00041095 0.999999 0.000879023 5.73612e-05 -0.000878976 0.999999 -0.0425968 0.0355522 0.0530347
FixedParameters: 0 0 0

#Transform 35
Transform: AffineTransform_float_3_3
Parameters: 1 0.000410873 0.000151344 -0.000411126 0.999999 0.000837937 -0.000150655 -0.000838061 0.999999 -0.0526725 -0.0684545 0.0333798
FixedParameters: 0 0 0

#Transform 36
Transform: AffineTransform_float_3_3
Parameters: 1 0.000165963 0.000137045 -0.000166037 1 0.000270977 -0.000136955 -0.000271023 1 -0.0283386 0.0307546 -0.00054665
FixedParameters: 0 0 0

#Transform 37
Transform: AffineTransform_float_3_3
Parameters: 1 0.000116769 0.000279097 -0.000117231 0.999999 0.000826967 -0.000278903 -0.000827032 0.999999 -0.0318868 0.0488017 0.0558595
FixedParameters: 0 0 0

#Transform 38
Transform: AffineTransform_float_3_3
Parameters: 1 0.00028176 0.000279242 -0.00028124 0.999999 0.000858921 -0.000279758 -0.000859078 0.999999 -0.0297177 -0.0153661 0.021827
FixedParameters: 0 0 0

#Transform 39
Transform: AffineTransform_float_3_3
Parameters: 1 -3.78174e-05 -0.000295023 3.81826e-05 1 0.000618988 0.000294976 -0.000619011 1 -0.0278203 0.0948449 0.000868953
FixedParameters: 0 0 0

#Transform 40
Transform: AffineTransform_float_3_3
Parameters: 1 -3.57899e-05 -0.000295025 3.621e-05 0.999999 0.000711989 0.000294974 -0.00071201 0.999999 -0.0256001 -0.0644003 0.0240715
FixedParameters: 0 0 0

#Transform 41
Transform: AffineTransform_float_3_3
Parameters: 1 -3.53307e-05 -0.000401059 3.66692e-05 0.999998 0.00166898 0.000400939 -0.00166901 0.999998 -0.0341188 -0.0239279 0.0928324
FixedParameters: 0 0 0

#Transform 42
Transform: AffineTransform_float_3_3
Parameters: 1 -3.60083e-05 0.000126998 3.59917e-05 1 6.50046e-05 -0.000127002 -6.49954e-05 1 -0.0260989 0.0344063 0.0103821
FixedParameters: 0 0 0

#Transform 43
Transform: AffineTransform_float_3_3
Parameters: 1 0.00016411 -0.000104827 -0.00016389 1 0.00105202 0.000105173 -0.00105198 1 -0.0297576 0.0454088 0.0571574
FixedParameters: 0 0 0

#Transform 44
Transform: AffineTransform_float_3_3
Parameters: 1 9.40271e-05 -0.000294991 -9.39729e-05 1 9.20277e-05 0.000295009 -9.19723e-05 1 -0.0201525 0.0462487 0.0110672
FixedParameters: 0 0 0

#Transform 45
Transform: AffineTransform_float_3_3
Parameters: 1 0.00013831 -0.000226811 -0.000138691 0.999999 0.00136603 0.00022619 -0.00136597 0.999999 -0.0308037 0.0387922 0.0647381
FixedParameters: 0 0 0

#Transform 46
Transform: AffineTransform_float_3_3
Parameters: 1 -3.56985e-05 -0.000295037 3.63015e-05 1 0.00102199 0.000294963 -0.00102201 1 -0.0162572 0.0137638 0.00488432
FixedParameters: 0 0 0

#Transform 47
Transform: AffineTransform_float_3_3
Parameters: 1 -3.58652e-05 -0.000295016 3.61348e-05 1 0.000456989 0.000294983 -0.00045701 1 -0.0193951 0.0602534 0.022388
FixedParameters: 0 0 0

#Transform 48
Transform: AffineTransform_float_3_3
Parameters: 1 0.00019135 -0.000294773 -0.00019065 1 0.00118706 0.000295227 -0.00118694 1 -0.0157517 -0.0544546 0.0871156
FixedParameters: 0 0 0

#Transform 49
Transform: AffineTransform_float_3_3
Parameters: 1 -0.000143675 -0.000295159 0.000143325 1 0.00110196 0.000294842 -0.00110204 1 0.00229368 -0.00036529 0.0920657
FixedParameters: 0 0 0

#Transform 50
Transform: AffineTransform_float_3_3
Parameters: 1 0.000162325 -0.000294821 -0.000161675 1 0.00110205 0.000295178 -0.00110195 1 -0.0352216 0.0111045 0.035473
FixedParameters: 0 0 0

#Transform 51
Transform: AffineTransform_float_3_3
Parameters: 0.999999 0.000119934 -0.0007687 -0.000118065 0.999997 0.00251509 0.000769299 -0.00251491 0.999996 -0.00578834 -0.0748641 0.126218
FixedParameters: 0 0 0

#Transform 52
Transform: AffineTransform_float_3_3
Parameters: 1 0.000529203 -0.000294636 -0.000528797 0.999999 0.000688155 0.000294364 -0.000687844 0.999999 -0.0288381 0.0357863 0.0690643
FixedParameters: 0 0 0

#Transform 53
Transform: AffineTransform_float_3_3
Parameters: 0.999999 0.000500266 -0.000715116 -0.000498734 0.999999 0.00176936 0.000715883 -0.00176864 0.999998 -0.0175816 0.0230865 0.120362
FixedParameters: 0 0 0

#Transform 54
Transform: AffineTransform_float_3_3
Parameters: 1 0.000635412 -0.000954062 -0.000633588 0.999998 0.00147961 0.000954939 -0.00147939 0.999999 -0.0215411 0.0224429 0.063674
FixedParameters: 0 0 0

#Transform 55
Transform: AffineTransform_float_3_3
Parameters: 1 0.000635623 -0.000885838 -0.000634377 0.999998 0.00183156 0.000887163 -0.00183044 0.999998 -0.0216342 0.0222935 0.140221
FixedParameters: 0 0 0

#Transform 56
Transform: AffineTransform_float_3_3
Parameters: 1 0.000520037 -0.00109804 -0.000517964 0.999998 0.00185357 0.00109896 -0.00185343 0.999997 -0.0180353 -0.00236619 0.124923
FixedParameters: 0 0 0

#Transform 57
Transform: AffineTransform_float_3_3
Parameters: 1 0.000493228 -0.001098 -0.000490773 0.999998 0.00202754 0.001099 -0.00202746 0.999998 -0.0171975 0.075292 0.171431
FixedParameters: 0 0 0

#Transform 58
Transform: AffineTransform_float_3_3
Parameters: 0.999999 0.000634689 -0.000351758 -0.00063431 0.999998 0.00195722 0.000353242 -0.00195678 0.999998 -0.0292179 -0.0105457 0.162235
FixedParameters: 0 0 0

#Transform 59
Transform: AffineTransform_float_3_3
Parameters: 0.999999 0.000634808 -0.000351545 -0.000634191 0.999997 0.00229422 0.000353456 -0.00229378 0.999998 -0.0219703 -0.00115192 0.191662
FixedParameters: 0 0 0

#Transform 60
Transform: AffineTransform_float_3_3
Parameters: 0.999999 0.00019292 -0.000990435 -0.00019008 0.999995 0.00294819 0.000990564 -0.00294781 0.999995 -0.00801112 0.0466947 0.170096
FixedParameters: 0 0 0

#Transform 61
Transform: AffineTransform_float_3_3
Parameters: 1 0.000191202 -0.000365373 -0.000189799 0.999994 0.00328607 0.000365625 -0.00328593 0.999994 -0.0148525 0.0398953 0.175384
FixedParameters: 0 0 0

#Transform 62
Transform: AffineTransform_float_3_3
Parameters: 1 0.000191224 -0.000465499 -0.000189777 0.999996 0.00262909 0.000465501 -0.00262891 0.999997 -0.00446436 -0.020745 0.141152
FixedParameters: 0 0 0

#Transform 63
Transform: AffineTransform_float_3_3
Parameters: 0.999999 0.000192272 -0.00082047 -0.000190729 0.999996 0.00276816 0.000820531 -0.00276784 0.999996 -0.0080714 0.0749021 0.183471
FixedParameters: 0 0 0

#Transform 64
Transform: AffineTransform_float_3_3
Parameters: 1 0.000192051 -0.000561303 -0.000189951 0.999994 0.00365111 0.000561697 -0.00365089 0.999993 0.00394005 -0.0874088 0.228206
FixedParameters: 0 0 0

#Transform 65
Transform: AffineTransform_float_3_3
Parameters: 1 0.000191301 -0.000594583 -0.000190698 0.999997 0.00218711 0.000595419 -0.00218689 0.999998 -0.00391375 0.05195 0.132446
FixedParameters: 0 0 0

#Transform 66
Transform: AffineTransform_float_3_3
Parameters: 1 0.000114889 3.93244e-05 -0.00011511 0.999996 0.002822 -3.86753e-05 -0.002822 0.999996 -0.0194266 0.0776906 0.175304
FixedParameters: 0 0 0

#Transform 67
Transform: AffineTransform_float_3_3
Parameters: 1 -8.56805e-05 -0.00047424 8.73188e-05 0.999996 0.00278296 0.000473759 -0.00278304 0.999996 -0.0107322 -0.00756975 0.16834
FixedParameters: 0 0 0

#Transform 68
Transform: AffineTransform_float_3_3
Parameters: 0.999999 -0.000400094 -0.000889859 0.000401905 0.999997 0.00214164 0.000889141 -0.00214236 0.999998 0.0274423 0.0198522 0.1567
FixedParameters: 0 0 0

#Transform 69
Transform: AffineTransform_float_3_3
Parameters: 1 -0.000401037 -0.000382014 0.000401963 0.999996 0.00252485 0.000380986 -0.00252415 0.999996 0.0273234 0.012475 0.166038
FixedParameters: 0 0 0

#Transform 70
Transform: AffineTransform_float_3_3
Parameters: 0.999999 -0.000400549 -0.000664876 0.00040145 0.999997 0.00218273 0.000664125 -0.00218327 0.999998 0.027367 -0.000945013 0.159053
FixedParameters: 0 0 0

#Transform 71
Transform: AffineTransform_float_3_3
Parameters: 0.999999 -0.000203183 -0.000721514 0.000205818 0.999997 0.00251885 0.000721483 -0.00251915 0.999996 0.021202 0.0730822 0.191579
FixedParameters: 0 0 0

#Transform 72
Transform: AffineTransform_float_3_3
Parameters: 1 -0.000400443 -0.000480302 0.000401558 0.999994 0.00324481 0.000479699 -0.00324519 0.999994 0.0191526 -0.0387775 0.217443
FixedParameters: 0 0 0

#Transform 73
Transform: AffineTransform_float_3_3
Parameters: 0.999999 -0.00040048 -0.000666915 0.00040152 0.999998 0.00228073 0.000666086 -0.00228127 0.999997 0.0298898 0.0285973 0.167786
FixedParameters: 0 0 0

#Transform 74
Transform: AffineTransform_float_3_3
Parameters: 1 -0.000400463 -0.00055611 0.000401536 0.999996 0.00276578 0.000554891 -0.00276622 0.999996 0.0106384 0.024022 0.227013
FixedParameters: 0 0 0

#Transform 75
Transform: AffineTransform_float_3_3
Parameters: 1 -0.00021829 -0.000229677 0.000218712 0.999995 0.00309795 0.000229324 -0.00309805 0.999995 -0.00303425 -0.043568 0.239398
FixedParameters: 0 0 0

#Transform 76
Transform: AffineTransform_float_3_3
Parameters: 0.999996 -0.00285246 -0.000247457 0.00285354 0.999975 0.00646832 0.000229547 -0.00646868 0.999979 0.120747 0.0146871 0.342258
FixedParameters: 0 0 0

#Transform 77
Transform: AffineTransform_float_3_3
Parameters: 1 -0.000452514 -0.000276796 0.000452486 0.999999 0.00175788 0.000276205 -0.00175713 0.999999 0.0365149 0.0774537 -0.0287618
FixedParameters: 0 0 0

#Transform 78
Transform: AffineTransform_float_3_3
Parameters: 1 0.000377603 0.000551272 -0.000377398 0.999999 0.000720792 -0.000551728 -0.000720208 0.999999 0.00368869 -0.070934 0.05948
FixedParameters: 0 0 0

#Transform 79
Transform: AffineTransform_float_3_3
Parameters: 1 0.000520734 -0.000437127 -0.000519266 0.999999 0.00167723 0.000437872 -0.00167777 0.999998 0.0304774 -0.00982153 0.180211
FixedParameters: 0 0 0

#Transform 80
Transform: AffineTransform_float_3_3
Parameters: 0.999999 0.000936147 -0.000398653 -0.000935852 0.999999 0.000370373 0.000398347 -0.000370627 1 0.0176501 0.00711914 0.0288386
FixedParameters: 0 0 0

#Transform 81
Transform: AffineTransform_float_3_3
Parameters: 1 0.000983667 -0.000628958 -0.000983333 0.999999 0.00106062 0.000630043 -0.00105938 0.999999 0.00559331 0.052414 0.0854472
FixedParameters: 0 0 0

#Transform 82
Transform: AffineTransform_float_3_3
Parameters: 0.999999 0.00109421 -0.000742694 -0.00109379 1 0.000279813 0.000742306 -0.000279188 0.999999 0.00480589 -0.0296973 0.0273269
FixedParameters: 0 0 0

#Transform 83
Transform: AffineTransform_float_3_3
Parameters: 0.999999 0.00120749 -0.000742199 -0.00120751 0.999999 0.000663897 0.000742802 -0.000663104 1 -0.00398954 0.0111131 0.0995326
FixedParameters: 0 0 0

#Transform 84
Transform: AffineTransform_float_3_3
Parameters: 0.999998 0.00119513 -0.00117185 -0.00119387 0.999999 0.0009664 0.00117315 -0.000965599 0.999999 0.00987287 -0.0628153 0.105002
FixedParameters: 0 0 0

#Transform 85
Transform: AffineTransform_float_3_3
Parameters: 0.999998 0.00111714 -0.00117287 -0.00111686 1 0.00011731 0.00117313 -0.00011569 1 0.0124684 0.0484532 0.018217
FixedParameters: 0 0 0

#Transform 86
Transform: AffineTransform_float_3_3
Parameters: 0.999998 0.00139997 -0.00105371 -0.00139902 0.999998 0.000924475 0.00105529 -0.000923524 0.999999 0.0035866 -0.0473568 0.101446
FixedParameters: 0 0 0

#Transform 87
Transform: AffineTransform_float_3_3
Parameters: 0.999998 0.00139405 -0.00155096 -0.00139395 0.999999 3.1162e-05 0.00155104 -2.88378e-05 0.999999 0.0040326 -0.0162376 0.0217412
FixedParameters: 0 0 0

#Transform 88
Transform: AffineTransform_float_3_3
Parameters: 0.999997 0.00144933 -0.0019753 -0.00144668 0.999999 0.00117786 0.0019767 -0.00117514 0.999998 -0.0395685 -0.0502236 0.0901403
FixedParameters: 0 0 0

#Transform 89
Transform: AffineTransform_float_3_3
Parameters: 0.999997 0.00144751 -0.00225868 -0.00144749 0.999999 0.00022627 0.00225933 -0.00022273 0.999998 -0.039466 -0.025404 0.0218792
FixedParameters: 0 0 0

#Transform 90
Transform: AffineTransform_float_3_3
Parameters: 0.999997 0.0014488 -0.00225784 -0.0014472 0.999998 0.00080027 0.00225916 -0.00079673 0.999997 -0.0330438 -0.0314879 0.127257
FixedParameters: 0 0 0

#Transform 91
Transform: AffineTransform_float_3_3
Parameters: 0.999996 0.00107318 -0.00237492 -0.00107282 1 7.75482e-05 0.00237408 -7.54525e-05 0.999997 0.0107453 -0.0292264 0.0704085
FixedParameters: 0 0 0

#Transform 92
Transform: AffineTransform_float_3_3
Parameters: 0.999997 0.00123814 -0.00231439 -0.00123686 0.999999 0.000492864 0.00231461 -0.000489136 0.999997 0.00914658 -0.0253221 0.124157
FixedParameters: 0 0 0

#Transform 93
Transform: AffineTransform_float_3_3
Parameters: 0.999997 0.000991986 -0.00225901 -0.000991013 0.999999 -4.76131e-06 0.00225899 7.24091e-06 0.999998 0.0197956 0.0177699 0.0451875
FixedParameters: 0 0 0

#Transform 94
Transform: AffineTransform_float_3_3
Parameters: 0.999997 0.000992191 -0.00218991 -0.00099181 1 8.81722e-05 0.00219009 -8.58273e-05 0.999997 0.0348203 -0.00440412 0.0879533
FixedParameters: 0 0 0

#Transform 95
Transform: AffineTransform_float_3_3
Parameters: 0.999998 0.00141699 -0.00183101 -0.00141701 0.999999 -4.40545e-06 0.00183099 7.59452e-06 0.999999 0.0215839 -0.00668595 0.0642041
FixedParameters: 0 0 0

#Transform 96
Transform: AffineTransform_float_3_3
Parameters: 0.999997 0.00161627 -0.00209857 -0.00161673 0.999998 -0.000347608 0.00209844 0.000351393 0.999997 -0.00962731 0.0254906 0.0144063
FixedParameters: 0 0 0

#Transform 97
Transform: AffineTransform_float_3_3
Parameters: 0.999996 0.00166107 -0.00202894 -0.00166092 0.999998 3.837e-05 0.00202906 -3.56297e-05 0.999998 -0.00568378 -0.0479266 0.0590614
FixedParameters: 0 0 0

#Transform 98
Transform: AffineTransform_float_3_3
Parameters: 0.999997 0.00142776 -0.00198618 -0.00142824 0.999999 -0.000121164 0.00198683 0.000123837 0.999998 0.00264844 -0.0673404 0.0660848
FixedParameters: 0 0 0

#Transform 99
Transform: AffineTransform_float_3_3
Parameters: 0.999997 0.00154939 -0.00183251 -0.00154961 0.999998 -0.000329161 0.00183149 0.000331839 0.999999 0.00119014 0.0344148 0.0706717
FixedParameters: 0 0 0

#Transform 100
Transform: AffineTransform_float_3_3
Parameters: 0.999997 0.00157076 -0.00198898 -0.00157224 0.999999 -0.000620875 0.00198802 0.000624125 0.999998 -7.80013e-05 0.00601635 0.0739692
FixedParameters: 0 0 0

#Transform 101
Transform: AffineTransform_float_3_3
Parameters: 0.999997 0.0015681 -0.00183362 -0.0015699 0.999998 -0.00103412 0.00183138 0.00103687 0.999998 -0.008002 0.0293318 0.0321728
FixedParameters: 0 0 0

#Transform 102
Transform: AffineTransform_float_3_3
Parameters: 0.999998 0.00144502 -0.00183277 -0.00144598 0.999999 -0.000532351 0.00183223 0.000534649 0.999998 -9.25623e-05 -0.0168352 0.0801837
FixedParameters: 0 0 0

#Transform 103
Transform: AffineTransform_float_3_3
Parameters: 0.999998 0.00144507 -0.00183274 -0.00144593 0.999999 -0.000508351 0.00183226 0.000510649 0.999998 0.00065555 0.0097633 0.0350699
FixedParameters: 0 0 0

#Transform 104
Transform: AffineTransform_float_3_3
Parameters: 0.999997 0.0014957 -0.0022632 -0.0014963 0.999999 -0.000130614 0.0022628 0.000134385 0.999998 0.00862005 0.0122798 0.0620926
FixedParameters: 0 0 0

#Transform 105
Transform: AffineTransform_float_3_3
Parameters: 0.999996 0.00144469 -0.00233281 -0.00144531 0.999999 -0.00055863 0.00233219 0.000561371 0.999997 0.010035 -0.044074 0.015115
FixedParameters: 0 0 0

#Transform 106
Transform: AffineTransform_float_3_3
Parameters: 0.999996 0.00153562 -0.00233291 -0.00153638 0.999998 -0.000591418 0.00233209 0.000594583 0.999997 -0.00106154 0.0349079 0.0221241
FixedParameters: 0 0 0

#Transform 107
Transform: AffineTransform_float_3_3
Parameters: 0.999995 0.00190422 -0.00233264 -0.00190478 0.999998 -0.000333558 0.00233236 0.000337443 0.999997 0.00655798 -0.0556879 0.0431975
FixedParameters: 0 0 0

#Transform 108
Transform: AffineTransform_float_3_3
Parameters: 0.999996 0.00154799 -0.00213845 -0.00155001 0.999999 -0.000937689 0.00213755 0.000940313 0.999998 0.0178236 0.027137 -0.0244378
FixedParameters: 0 0 0

#Transform 109
Transform: AffineTransform_float_3_3
Parameters: 0.999996 0.00178929 -0.00218858 -0.00178972 0.999999 -0.000325084 0.00218841 0.000328917 0.999997 -0.00688182 0.000279604 0.0330239
FixedParameters: 0 0 0

#Transform 110
Transform: AffineTransform_float_3_3
Parameters: 0.999997 0.00190368 -0.00191232 -0.00190433 0.999998 -0.000691361 0.00191168 0.000694642 0.999998 -0.00978505 -0.00704115 -0.0224119
FixedParameters: 0 0 0

#Transform 111
Transform: AffineTransform_float_3_3
Parameters: 0.999997 0.00178095 -0.00180203 -0.00178205 0.999998 -0.000578791 0.00180097 0.00058221 0.999998 -0.00969458 0.00567047 0.0275679
FixedParameters: 0 0 0

#Transform 112
Transform: AffineTransform_float_3_3
Parameters: 0.999997 0.00169395 -0.00211564 -0.00169605 0.999998 -0.000967416 0.00211436 0.000970586 0.999998 -0.00104825 -0.0582751 -0.00208336
FixedParameters: 0 0 0

#Transform 113
Transform: AffineTransform_float_3_3
Parameters: 0.999997 0.00144177 -0.00203058 -0.00144423 0.999999 -0.00109507 0.00202842 0.00109793 0.999998 -0.00905316 0.0662575 -0.039633
FixedParameters: 0 0 0

#Transform 114
Transform: AffineTransform_float_3_3
Parameters: 0.999998 0.00141519 -0.00180164 -0.00141681 0.999999 -0.000448449 0.00180136 0.000451551 0.999999 0.00304979 -0.0589127 -0.0435377
FixedParameters: 0 0 0

#Transform 115
Transform: AffineTransform_float_3_3
Parameters: 0.999998 0.00141548 -0.00180141 -0.00141652 0.999999 -0.000285449 0.00180059 0.00028855 0.999999 -0.0324432 -0.0469235 0.0380242
FixedParameters: 0 0 0

#Transform 116
Transform: AffineTransform_float_3_3
Parameters: 0.999997 0.00201543 -0.00172184 -0.00201657 0.999997 -0.000912531 0.00172016 0.00091547 0.999998 -0.0740853 0.0363887 -0.0450409
FixedParameters: 0 0 0

#Transform 117
Transform: AffineTransform_float_3_3
Parameters: 0.999997 0.00173204 -0.00180288 -0.00173396 0.999998 -0.00108388 0.00180112 0.00108712 0.999998 -0.0348788 -0.0198015 -0.094722
FixedParameters: 0 0 0

#Transform 118
Transform: AffineTransform_float_3_3
Parameters: 0.999996 0.00177625 -0.00220741 -0.00177875 0.999998 -0.000789077 0.00220559 0.000792921 0.999998 -0.0359466 0.0739586 -0.0626997
FixedParameters: 0 0 0

#Transform 119
Transform: AffineTransform_float_3_3
Parameters: 0.999995 0.00205227 -0.00215964 -0.00205472 0.999997 -0.000796566 0.00215736 0.000801431 0.999998 -0.0378458 -0.013519 -0.0715271
FixedParameters: 0 0 0

#Transform 120
Transform: AffineTransform_float_3_3
Parameters: 0.999995 0.00215098 -0.00225988 -0.00215402 0.999997 -0.00133614 0.00225712 0.00134086 0.999996 -0.0475352 0.0578337 -0.100038
FixedParameters: 0 0 0

#Transform 121
Transform: AffineTransform_float_3_3
Parameters: 0.999995 0.00207839 -0.00218153 -0.0020796 0.999997 -0.000733467 0.00217947 0.000738533 0.999998 -0.0456265 -0.0320397 -0.0425946
FixedParameters: 0 0 0

#Transform 122
Transform: AffineTransform_float_3_3
Parameters: 0.999996 0.00184452 -0.00220308 -0.00184748 0.999997 -0.00112293 0.00220092 0.00112706 0.999997 -0.0382472 0.00737148 -0.0554614
FixedParameters: 0 0 0

#Transform 123
Transform: AffineTransform_float_3_3
Parameters: 0.999996 0.00223362 -0.00180148 -0.00223439 0.999998 -0.000211976 0.00180052 0.000216023 0.999999 -0.0624216 -0.0787923 0.0480149
FixedParameters: 0 0 0

#Transform 124
Transform: AffineTransform_float_3_3
Parameters: 0.999996 0.00149054 -0.00212473 -0.00149246 0.999998 -0.00115683 0.00212227 0.00116017 0.999997 -0.0161016 0.0645726 -0.0520502
FixedParameters: 0 0 0

#Transform 125
Transform: AffineTransform_float_3_3
Parameters: 0.999996 0.00165615 -0.00224063 -0.00165685 0.999998 -0.000379289 0.00223937 0.00038271 0.999998 -0.0259803 0.00360246 0.0275311
FixedParameters: 0 0 0

#Transform 126
Transform: AffineTransform_float_3_3
Parameters: 0.999996 0.0017517 -0.0025286 -0.0017533 0.999998 -0.000907571 0.00252641 0.00091243 0.999997 -0.0191023 0.0135048 -0.0346569
FixedParameters: 0 0 0

#Transform 127
Transform: AffineTransform_float_3_3
Parameters: 0.999995 0.00204777 -0.00219521 -0.00204723 0.999998 -0.000102506 0.00219478 0.000106495 0.999997 -0.0450145 -0.0420458 0.0790584
FixedParameters: 0 0 0

#Transform 128
Transform: AffineTransform_float_3_3
Parameters: 0.999996 0.00190563 -0.00240668 -0.00190938 0.999997 -0.00140041 0.00240433 0.00140459 0.999996 -0.0352145 0.0360711 -0.0464713
FixedParameters: 0 0 0

#Transform 129
Transform: AffineTransform_float_3_3
Parameters: 0.999996 0.00190683 -0.0023048 -0.00190917 0.999997 -0.000940604 0.0023032 0.000945396 0.999997 -0.0844984 0.0837917 -0.0919155
FixedParameters: 0 0 0

#Transform 130
Transform: AffineTransform_float_3_3
Parameters: 0.999995 0.00252451 -0.0019809 -0.00252649 0.999996 -0.000749999 0.0019791 0.000755 0.999998 -0.0939319 0.0605094 -0.203481
FixedParameters: 0 0 0

#Transform 131
Transform: AffineTransform_float_3_3
Parameters: 0.999993 0.00287249 -0.00218467 -0.00287351 0.999996 -0.000230724 0.00218433 0.000237276 0.999997 -0.0715449 0.0186585 -0.106068
FixedParameters: 0 0 0

#Transform 132
Transform: AffineTransform_float_3_3
Parameters: 0.999992 0.00287069 -0.0025466 -0.0028733 0.999995 -0.000901689 0.0025434 0.000908308 0.999997 -0.053155 0.101968 -0.164511
FixedParameters: 0 0 0

#Transform 133
Transform: AffineTransform_float_3_3
Parameters: 0.999992 0.00287085 -0.00269828 -0.00287314 0.999995 -0.000791253 0.00269571 0.000799745 0.999996 -0.0527201 0.126179 -0.269396
FixedParameters: 0 0 0

#Transform 134
Transform: AffineTransform_float_3_3
Parameters: 0.999991 0.00338301 -0.00261028 -0.00338399 0.999994 -0.00037517 0.00260871 0.000383829 0.999996 -0.0517551 -0.00880818 -0.198668
FixedParameters: 0 0 0

#Transform 135
Transform: AffineTransform_float_3_3
Parameters: 0.99999 0.00351703 -0.00269856 -0.00351896 0.999993 -0.000723511 0.00269544 0.000733487 0.999996 -0.0557031 0.0414996 -0.211782
FixedParameters: 0 0 0

#Transform 136
Transform: AffineTransform_float_3_3
Parameters: 0.999989 0.00387825 -0.00269709 -0.00387876 0.999993 -0.000274542 0.00269591 0.000285459 0.999997 -0.0666274 0.105849 -0.214679
FixedParameters: 0 0 0

#Transform 137
Transform: AffineTransform_float_3_3
Parameters: 0.99999 0.00362648 -0.00258073 -0.00362752 0.999994 -0.00019664 0.00258027 0.000206359 0.999996 -0.0593473 0.00324102 -0.160981
FixedParameters: 0 0 0

#Transform 138
Transform: AffineTransform_float_3_3
Parameters: 0.999992 0.00347493 -0.00224712 -0.00347508 0.999994 -3.01914e-05 0.00224688 3.78081e-05 0.999998 -0.0363532 0.0497294 -0.0986547
FixedParameters: 0 0 0

#Transform 139
Transform: AffineTransform_float_3_3
Parameters: 0.99999 0.00333313 -0.00303805 -0.00333487 0.999995 -0.000609875 0.00303595 0.000620126 0.999995 -0.0236613 0.137045 -0.191529
FixedParameters: 0 0 0

#Transform 140
Transform: AffineTransform_float_3_3
Parameters: 0.999991 0.00333456 -0.00265056 -0.00333544 0.999995 -0.000162161 0.00264945 0.000170836 0.999997 -0.0316277 0.101582 -0.158595
FixedParameters: 0 0 0

#Transform 141
Transform: AffineTransform_float_3_3
Parameters: 0.99999 0.00333093 -0.00317927 -0.00333507 0.999993 -0.00127641 0.00317573 0.00128659 0.999994 -0.029132 0.0609996 -0.263453
FixedParameters: 0 0 0

#Transform 142
Transform: AffineTransform_float_3_3
Parameters: 0.99999 0.0033337 -0.00317637 -0.00333531 0.999995 -0.00040641 0.00317563 0.000416591 0.999995 -0.0360734 0.103939 -0.208175
FixedParameters: 0 0 0

#Transform 143
Transform: AffineTransform_float_3_3
Parameters: 0.999989 0.00382987 -0.00245376 -0.00383113 0.999992 -0.000455604 0.00245223 0.000465396 0.999997 -0.0607468 -0.0538357 -0.15392
FixedParameters: 0 0 0

#Transform 144
Transform: AffineTransform_float_3_3
Parameters: 0.99999 0.00333452 -0.00302252 -0.00333547 0.999994 -0.00015192 0.00302248 0.00016208 0.999996 -0.0314027 0.114153 -0.195755
FixedParameters: 0 0 0

#Transform 145
Transform: AffineTransform_float_3_3
Parameters: 0.99999 0.00345658 -0.00292368 -0.00345742 0.999994 -0.000480896 0.00292232 0.000491106 0.999995 -0.0407835 0.0978166 -0.206516
FixedParameters: 0 0 0

#Transform 146
Transform: AffineTransform_float_3_3
Parameters: 0.99999 0.00350867 -0.002926 -0.00351233 0.999993 -0.00113274 0.00292201 0.00114326 0.999995 -0.0369865 0.0314719 -0.221033
FixedParameters: 0 0 0

#Transform 147
Transform: AffineTransform_float_3_3
Parameters: 0.999986 0.00389892 -0.00336509 -0.00389908 0.999993 -1.68795e-05 0.00336491 3.01199e-05 0.999995 -0.0574347 0.0930827 -0.251782
FixedParameters: 0 0 0

#Transform 148
Transform: AffineTransform_float_3_3
Parameters: 0.999987 0.00393767 -0.00303143 -0.00393733 0.999992 -0.000102066 0.00303158 0.000113939 0.999996 -0.0554518 0.0387814 -0.25618
FixedParameters: 0 0 0

#Transform 149
Transform: AffineTransform_float_3_3
Parameters: 0.999988 0.00372517 -0.00310361 -0.00372883 0.999993 -0.00122944 0.0030994 0.00124056 0.999995 -0.043531 0.0336693 -0.278823
FixedParameters: 0 0 0

#Transform 150
Transform: AffineTransform_float_3_3
Parameters: 0.999988 0.00421118 -0.00274641 -0.00421583 0.999989 -0.00175344 0.00273959 0.00176456 0.999994 -0.0842851 0.166461 -0.395463
FixedParameters: 0 0 0

#Transform 151
Transform: AffineTransform_float_3_3
Parameters: 0.999988 0.00389955 -0.0029306 -0.00390645 0.99999 -0.00219758 0.0029224 0.00220942 0.999994 -0.0722838 0.0698148 -0.411194
FixedParameters: 0 0 0

#Transform 152
Transform: AffineTransform_float_3_3
Parameters: 0.999988 0.00398274 -0.00292781 -0.00398726 0.999991 -0.00145134 0.00292219 0.00146266 0.999994 -0.079432 0.107599 -0.349219
FixedParameters: 0 0 0

#Transform 153
Transform: AffineTransform_float_3_3
Parameters: 0.999988 0.00407278 -0.00293067 -0.00407823 0.99999 -0.00212207 0.00292233 0.00213393 0.999993 -0.0832941 0.0767773 -0.386323
FixedParameters: 0 0 0

#Transform 154
Transform: AffineTransform_float_3_3
Parameters: 0.999988 0.0040575 -0.00292964 -0.00406251 0.99999 -0.00187612 0.00292236 0.00188788 0.999994 -0.0750297 0.100806 -0.364483
FixedParameters: 0 0 0

#Transform 155
Transform: AffineTransform_float_3_3
Parameters: 0.999988 0.00411749 -0.00274227 -0.00412051 0.99999 -0.00127472 0.00273773 0.00128529 0.999996 -0.0873905 0.00842308 -0.30374
FixedParameters: 0 0 0

#Transform 156
Transform: AffineTransform_float_3_3
Parameters: 0.999985 0.00457171 -0.00300155 -0.0045763 0.999989 -0.00142529 0.00299544 0.00143972 0.999994 -0.115077 0.059386 -0.294505
FixedParameters: 0 0 0

#Transform 157
Transform: AffineTransform_float_3_3
Parameters: 0.999989 0.00398716 -0.00274277 -0.00398684 0.999992 6.39357e-05 0.00274323 -5.30629e-05 0.999996 -0.0967505 0.134628 -0.304704
FixedParameters: 0 0 0

#Transform 158
Transform: AffineTransform_float_3_3
Parameters: 0.99999 0.0039863 -0.00170562 -0.00398669 0.999992 -0.000404204 0.00170337 0.000410794 0.999998 -0.111109 0.0201987 -0.243262
FixedParameters: 0 0 0

#Transform 159
Transform: AffineTransform_float_3_3
Parameters: 0.99999 0.00398635 -0.00206825 -0.00398665 0.999992 -0.000310758 0.00206674 0.000319242 0.999998 -0.118555 0.0186136 -0.125495
FixedParameters: 0 0 0

#Transform 160
Transform: AffineTransform_float_3_3
Parameters: 0.999989 0.00398384 -0.00220272 -0.00398716 0.999991 -0.00143123 0.00219728 0.00143977 0.999996 -0.0974044 0.0863773 -0.203947
FixedParameters: 0 0 0

#Transform 161
Transform: AffineTransform_float_3_3
Parameters: 0.999988 0.00456491 -0.00180876 -0.00456609 0.99999 -0.000600749 0.00180624 0.000609253 0.999998 -0.149579 0.0764148 -0.118834
FixedParameters: 0 0 0

#Transform 162
Transform: AffineTransform_float_3_3
Parameters: 0.999987 0.00456341 -0.00217444 -0.00456659 0.999989 -0.00118709 0.00216856 0.00119691 0.999997 -0.150261 0.076672 -0.217466
FixedParameters: 0 0 0

#Transform 163
Transform: AffineTransform_float_3_3
Parameters: 0.99999 0.00395737 -0.00241268 -0.00395864 0.999992 -0.000673456 0.00241032 0.000682546 0.999997 -0.108445 0.084556 -0.163806
FixedParameters: 0 0 0

#Transform 164
Transform: AffineTransform_float_3_3
Parameters: 0.999988 0.00412462 -0.00261533 -0.00412837 0.99999 -0.00128622 0.00260967 0.00129778 0.999996 -0.101867 0.00721111 -0.209001
FixedParameters: 0 0 0

#Transform 165
Transform: AffineTransform_float_3_3
Parameters: 0.999989 0.00396647 -0.00258488 -0.00396852 0.999991 -0.000972753 0.00258112 0.000983249 0.999996 -0.113936 0.111274 -0.250719
FixedParameters: 0 0 0

#Transform 166
Transform: AffineTransform_float_3_3
Parameters: 0.999988 0.00456472 -0.00212576 -0.00456629 0.99999 -0.000599301 0.00212224 0.000608695 0.999997 -0.144477 -0.0221279 -0.180548
FixedParameters: 0 0 0

#Transform 167
Transform: AffineTransform_float_3_3
Parameters: 0.999989 0.00400845 -0.00271924 -0.00401155 0.999991 -0.00130111 0.00271376 0.00131189 0.999995 -0.0981652 0.0385691 -0.236063
FixedParameters: 0 0 0

#Transform 168
Transform: AffineTransform_float_3_3
Parameters: 0.999989 0.00387189 -0.00267361 -0.00387311 0.999993 -0.00040965 0.00267239 0.000420352 0.999997 -0.0941212 0.0260938 -0.177637
FixedParameters: 0 0 0

#Transform 169
Transform: AffineTransform_float_3_3
Parameters: 0.999989 0.00370072 -0.00261165 -0.00370328 0.999993 -0.00125134 0.00260735 0.00126066 0.999996 -0.0832893 0.0235528 -0.252444
FixedParameters: 0 0 0

#Transform 170
Transform: AffineTransform_float_3_3
Parameters: 0.999989 0.00411203 -0.00220282 -0.00411297 0.999992 -0.000436945 0.00220019 0.000446052 0.999998 -0.113261 0.0648754 -0.188169
FixedParameters: 0 0 0

#Transform 171
Transform: AffineTransform_float_3_3
Parameters: 0.999988 0.00409397 -0.00273004 -0.00409603 0.999992 -0.000737827 0.00272695 0.000749173 0.999996 -0.113224 0.0566777 -0.224998
FixedParameters: 0 0 0

#Transform 172
Transform: AffineTransform_float_3_3
Parameters: 0.999989 0.00406052 -0.0026233 -0.00406148 0.999991 -0.000560352 0.00262071 0.000570648 0.999997 -0.0999292 0.0320185 -0.155066
FixedParameters: 0 0 0

#Transform 173
Transform: AffineTransform_float_3_3
Parameters: 0.999991 0.00377706 -0.00220605 -0.00378095 0.999992 -0.00133267 0.00220095 0.00134133 0.999996 -0.104394 0.0274123 -0.197021
FixedParameters: 0 0 0

#Transform 174
Transform: AffineTransform_float_3_3
Parameters: 0.999989 0.00393217 -0.00256634 -0.00393483 0.999991 -0.00109791 0.00256166 0.00110808 0.999996 -0.0959759 0.0544166 -0.180485
FixedParameters: 0 0 0

#Transform 175
Transform: AffineTransform_float_3_3
Parameters: 0.999989 0.00377575 -0.00284365 -0.00378025 0.999991 -0.00149027 0.00283835 0.00150073 0.999995 -0.106947 0.0384312 -0.279584
FixedParameters: 0 0 0

#Transform 176
Transform: AffineTransform_float_3_3
Parameters: 0.999987 0.00416759 -0.00285392 -0.00417341 0.999989 -0.00189311 0.00284608 0.00190488 0.999994 -0.136295 0.13279 -0.358263
FixedParameters: 0 0 0

#Transform 177
Transform: AffineTransform_float_3_3
Parameters: 0.999987 0.00429325 -0.00268383 -0.00430075 0.999987 -0.00251449 0.00267317 0.00252551 0.999993 -0.143534 0.133163 -0.378381
FixedParameters: 0 0 0

#Transform 178
Transform: AffineTransform_float_3_3
Parameters: 0.999994 0.00269843 -0.0022784 -0.00269257 0.999993 0.00282115 0.00228659 -0.00281485 0.999993 -0.0644236 0.0987575 -0.128829
FixedParameters: 0 0 0

#Transform 179
Transform: AffineTransform_float_3_3
Parameters: 0.999991 0.00337995 -0.00258861 -0.00338506 0.999993 -0.00195026 0.00258239 0.00195875 0.999994 -0.108991 0.137853 -0.50481
FixedParameters: 0 0 0

#Transform 180
Transform: AffineTransform_float_3_3
Parameters: 0.999991 0.00347163 -0.0021156 -0.00347137 0.999994 -0.000170657 0.0021154 0.000177345 0.999997 -0.111689 -0.000572269 -0.282001
FixedParameters: 0 0 0

#Transform 181
Transform: AffineTransform_float_3_3
Parameters: 0.999992 0.00379983 -0.00164072 -0.00380117 0.999992 -0.000711769 0.00163828 0.000718231 0.999999 -0.119338 0.0257727 -0.125848
FixedParameters: 0 0 0

#Transform 182
Transform: AffineTransform_float_3_3
Parameters: 0.999991 0.00388761 -0.00203466 -0.00388839 0.999992 -0.000679095 0.00203235 0.000686908 0.999997 -0.113981 0.0388004 -0.138714
FixedParameters: 0 0 0

#Transform 183
Transform: AffineTransform_float_3_3
Parameters: 0.999988 0.00448747 -0.00228797 -0.00448953 0.99999 -0.00110274 0.00228303 0.00111226 0.999997 -0.140599 0.189373 -0.340045
FixedParameters: 0 0 0

#Transform 184
Transform: AffineTransform_float_3_3
Parameters: 0.999988 0.00472163 -0.00163618 -0.00472137 0.999989 0.00038973 0.00163782 -0.000382271 0.999998 -0.160642 0.152275 -0.293161
FixedParameters: 0 0 0

#Transform 185
Transform: AffineTransform_float_3_3
Parameters: 0.999991 0.00386544 -0.00164639 -0.00386957 0.99999 -0.00216665 0.00163861 0.00217235 0.999997 -0.116846 0.248803 -0.509746
FixedParameters: 0 0 0

#Transform 186
Transform: AffineTransform_float_3_3
Parameters: 0.999992 0.00407727 -0.000853529 -0.00407774 0.999992 -0.000863528 0.000850475 0.000866476 1 -0.155535 0.182421 -0.334139
FixedParameters: 0 0 0

#Transform 187
Transform: AffineTransform_float_3_3
Parameters: 0.999987 0.00491126 -0.000848511 -0.00491074 0.999988 0.00030517 0.000850492 -0.000301827 0.999999 -0.227539 -0.0907927 -0.203022
FixedParameters: 0 0 0

#Transform 188
Transform: AffineTransform_float_3_3
Parameters: 0.999987 0.00490174 -0.00178547 -0.00490326 0.999987 -0.000702255 0.00178153 0.000711742 0.999998 -0.208832 0.0613723 -0.265017
FixedParameters: 0 0 0

#Transform 189
Transform: AffineTransform_float_3_3
