# transform file /out/sourcedata/freesurfer/sub-v2s2x29083_ses-1/mri/transforms/cc_up.lta
# created by oesteban on Fri Mar 13 00:21:30 2026

type      = 0 # LINEAR_VOX_TO_VOX
nxforms   = 1
mean      = 130.0000 132.0000 128.0000
sigma     = 10000.0000
1 4 4
9.987620711326599e-01 4.808775149285793e-03 4.950927570462227e-02 -8.193044662475586e+00 
-4.802878014743328e-03 9.999883770942688e-01 -2.380817313678563e-04 1.165838623046875e+01 
-4.950984567403793e-02 -1.455191522836685e-11 9.987735748291016e-01 1.762927055358887e+01 
0.000000000000000e+00 0.000000000000000e+00 0.000000000000000e+00 1.000000000000000e+00 
src volume info
valid = 1  # volume info valid
filename = /out/sourcedata/freesurfer/sub-v2s2x29083_ses-1/mri/norm.mgz
volume = 256 256 256
voxelsize = 8.984375596046448e-01 8.984375596046448e-01 8.984375596046448e-01
xras   = -1.000000000000000e+00 0.000000000000000e+00 0.000000000000000e+00
yras   = 0.000000000000000e+00 0.000000000000000e+00 -1.000000119209290e+00
zras   = 0.000000000000000e+00 1.000000000000000e+00 0.000000000000000e+00
cras   = -1.809638977050781e+00 -1.509804534912109e+01 1.510469818115234e+01
dst volume info
valid = 1  # volume info valid
filename = /out/sourcedata/freesurfer/sub-v2s2x29083_ses-1/mri/norm.mgz
volume = 256 256 256
voxelsize = 8.984375596046448e-01 8.984375596046448e-01 8.984375596046448e-01
xras   = -1.000000000000000e+00 0.000000000000000e+00 0.000000000000000e+00
yras   = 0.000000000000000e+00 0.000000000000000e+00 -1.000000119209290e+00
zras   = 0.000000000000000e+00 1.000000000000000e+00 0.000000000000000e+00
cras   = -1.809638977050781e+00 -1.509804534912109e+01 1.510469818115234e+01
