#Insight Transform File V1.0
#Transform 0
Transform: AffineTransform_float_3_3
Parameters: 1 -0.000952951 0.000643119 0.000951047 0.999995 0.00302661 -0.000646881 -0.00302539 0.999995 0.043431 0.0273349 0.00366157
FixedParameters: 0 0 0

#Transform 1
Transform: AffineTransform_float_3_3
Parameters: 0.999999 -0.000866355 0.000174238 0.000865644 0.999997 0.00203415 -0.000175761 -0.00203385 0.999998 0.0426885 0.041682 -0.0628255
FixedParameters: 0 0 0

#Transform 2
Transform: AffineTransform_float_3_3
Parameters: 0.999999 -0.000866365 0.000197401 0.000865633 0.999998 0.00184617 -0.000199598 -0.00184583 0.999999 0.042648 0.0307168 -0.0415864
FixedParameters: 0 0 0

#Transform 3
Transform: AffineTransform_float_3_3
Parameters: 1 -0.000810025 0.000520408 0.000808976 0.999997 0.00196742 -0.000521592 -0.00196658 0.999998 0.0404441 0.0304711 -0.0401651
FixedParameters: 0 0 0

#Transform 4
Transform: AffineTransform_float_3_3
Parameters: 0.999999 -0.000785818 0.00059492 0.000785181 0.999998 0.00137447 -0.00059608 -0.00137453 0.999999 0.0394938 0.0320752 -0.0818357
FixedParameters: 0 0 0

#Transform 5
Transform: AffineTransform_float_3_3
Parameters: 1 -0.000489758 0.000915061 0.000488242 0.999998 0.00192045 -0.000915939 -0.00191955 0.999997 0.0154324 0.0343887 -0.0611311
FixedParameters: 0 0 0

#Transform 6
Transform: AffineTransform_float_3_3
Parameters: 1 0.000119785 0.000187138 -0.000120215 1 0.00114898 -0.000186862 -0.00114902 1 0.00969413 0.0446405 -0.0655708
FixedParameters: 0 0 0

#Transform 7
Transform: AffineTransform_float_3_3
Parameters: 1 -7.36254e-05 0.000442896 7.33744e-05 0.999999 0.00141203 -0.000443104 -0.00141197 0.999999 -0.00146682 0.0330028 -0.0494947
FixedParameters: 0 0 0

#Transform 8
Transform: AffineTransform_float_3_3
Parameters: 1 8.97808e-05 0.000699158 -9.02189e-05 0.999999 0.00174394 -0.000698844 -0.00174406 0.999998 -0.0168664 0.0497244 -0.0238145
FixedParameters: 0 0 0

#Transform 9
Transform: AffineTransform_float_3_3
Parameters: 1 0.000213181 0.000553316 -0.000213818 0.999999 0.00147988 -0.000552684 -0.00148012 0.999999 -0.0170583 -0.0233197 -0.0471174
FixedParameters: 0 0 0

#Transform 10
Transform: AffineTransform_float_3_3
Parameters: 1 0.000213749 0.000190282 -0.00021425 0.999999 0.00131796 -0.000189718 -0.00131804 0.999999 -0.0202068 0.00665909 -0.0299207
FixedParameters: 0 0 0

#Transform 11
Transform: AffineTransform_float_3_3
Parameters: 1 0.000393312 0.00050154 -0.000393688 0.999999 0.0013718 -0.00050146 -0.0013722 0.999999 -0.0281702 0.0567023 -0.0236895
FixedParameters: 0 0 0

#Transform 12
Transform: AffineTransform_float_3_3
Parameters: 1 0.000461062 -5.64947e-05 -0.000460938 1 0.00109603 5.65052e-05 -0.00109597 1 -0.031392 -0.00553222 -0.0300887
FixedParameters: 0 0 0

#Transform 13
Transform: AffineTransform_float_3_3
Parameters: 1 0.000403614 0.00025162 -0.000404386 0.999998 0.0015359 -0.000251379 -0.0015361 0.999999 -0.0307715 0.0303368 -0.0183335
FixedParameters: 0 0 0

#Transform 14
Transform: AffineTransform_float_3_3
Parameters: 1 0.000977793 0.000239848 -0.000978208 0.999999 0.000866766 -0.000239152 -0.000867234 0.999999 -0.0444097 0.0281677 -0.0257038
FixedParameters: 0 0 0

#Transform 15
Transform: AffineTransform_float_3_3
Parameters: 1 0.000550972 3.74088e-05 -0.000550027 0.999999 0.000741979 -3.65919e-05 -0.00074202 0.999999 -0.026512 0.00510982 -0.0108903
FixedParameters: 0 0 0

#Transform 16
Transform: AffineTransform_float_3_3
Parameters: 1 0.000137775 0.000223139 -0.000137225 1 0.00100797 -0.000222862 -0.00100803 1 -0.0158773 0.00357196 0.0126386
FixedParameters: 0 0 0

#Transform 17
Transform: AffineTransform_float_3_3
Parameters: 1 0.000335032 -0.000131919 -0.000334968 1 0.000241044 0.000132081 -0.000241956 1 -0.0111136 -0.0222739 -0.0105769
FixedParameters: 0 0 0

#Transform 18
Transform: AffineTransform_float_3_3
Parameters: 1 0.000105917 0.000136065 -0.000106083 1 0.000611985 -0.000135935 -0.000612014 1 -0.0233637 -0.026131 0.0206153
FixedParameters: 0 0 0

#Transform 19
Transform: AffineTransform_float_3_3
Parameters: 1 5.29746e-05 -0.000155009 -5.30254e-05 1 -0.000163992 0.000154991 0.000164008 1 0.00908968 -0.0208023 0.00163753
FixedParameters: 0 0 0

#Transform 20
Transform: AffineTransform_float_3_3
Parameters: 1 4.49852e-05 -9.00074e-05 -4.50148e-05 1 -0.000163996 8.99926e-05 0.000164004 1 0.00912041 0.00173215 -0.000670392
FixedParameters: 0 0 0

#Transform 21
Transform: AffineTransform_float_3_3
Parameters: 1 -0.00027208 0.000238908 0.000271919 1 0.000337065 -0.000239092 -0.000336935 1 0.00369688 0.00909024 0.0140898
FixedParameters: 0 0 0

#Transform 22
Transform: AffineTransform_float_3_3
Parameters: 1 -0.000272016 6.39298e-05 0.000271983 1 0.000258017 -6.40702e-05 -0.000257983 1 0.0293943 -0.0314914 0.011969
FixedParameters: 0 0 0

#Transform 23
Transform: AffineTransform_float_3_3
Parameters: 0.999999 -0.000272422 0.000814858 0.000271578 1 0.000518221 -0.00081514 -0.000517778 0.999999 0.0141432 -0.0322226 0.0192487
FixedParameters: 0 0 0

#Transform 24
Transform: AffineTransform_float_3_3
Parameters: 1 -0.000456016 -4.38285e-05 0.000455983 1 -0.00037602 4.41714e-05 0.00037598 1 0.0390538 0.00336757 -0.0147991
FixedParameters: 0 0 0

#Transform 25
Transform: AffineTransform_float_3_3
Parameters: 1 -0.000553967 0.000203091 0.000554033 1 -0.000163887 -0.000202909 0.000164112 1 0.0426028 0.00269838 -0.00533902
FixedParameters: 0 0 0

#Transform 26
Transform: AffineTransform_float_3_3
Parameters: 1 -0.000568944 0.000125251 0.000569055 0.999999 -0.000441929 -0.000124748 0.000442071 1 0.043132 -0.0262606 -0.0104455
FixedParameters: 0 0 0

#Transform 27
Transform: AffineTransform_float_3_3
Parameters: 0.999999 -0.000865038 -6.65086e-05 0.000864962 1 -0.000568058 6.74912e-05 0.000567942 1 0.050818 -0.0490745 -0.0272225
FixedParameters: 0 0 0

#Transform 28
Transform: AffineTransform_float_3_3
Parameters: 1 -0.000693988 -4.31908e-05 0.000694011 0.999999 0.00027497 4.28091e-05 -0.00027503 1 0.058469 0.00746844 -0.00694826
FixedParameters: 0 0 0

#Transform 29
Transform: AffineTransform_float_3_3
Parameters: 0.999999 -0.000694222 -0.000305496 0.000693778 0.999999 -0.000726212 0.000305504 0.000726788 0.999999 0.0676829 -0.0583871 -0.0314074
FixedParameters: 0 0 0

#Transform 30
Transform: AffineTransform_float_3_3
Parameters: 0.999999 -0.000803018 -0.000112868 0.000802981 0.999999 -0.000164091 0.000113132 0.000163909 1 0.0698141 -0.0302315 -0.00264806
FixedParameters: 0 0 0

#Transform 31
Transform: AffineTransform_float_3_3
Parameters: 1 -0.000694085 -0.000112477 0.000693915 1 -0.000753078 0.000113522 0.000752922 0.999999 0.0671675 -0.0245882 -0.00325901
FixedParameters: 0 0 0

#Transform 32
Transform: AffineTransform_float_3_3
Parameters: 1 -0.000694078 -0.000112519 0.000693921 0.999999 -0.000693078 0.000113481 0.000692921 1 0.0671656 -0.0218432 -0.0212011
FixedParameters: 0 0 0

#Transform 33
Transform: AffineTransform_float_3_3
Parameters: 1 -0.00069405 -0.00011269 0.000693949 0.999999 -0.000446078 0.000113309 0.000445921 1 0.0530222 -0.0225677 0.00415213
FixedParameters: 0 0 0

#Transform 34
Transform: AffineTransform_float_3_3
Parameters: 1 -0.000694097 -0.000112402 0.000693902 1 -0.000862078 0.000113598 0.000861921 0.999999 0.0671695 -0.0415599 -0.00586081
FixedParameters: 0 0 0

#Transform 35
Transform: AffineTransform_float_3_3
Parameters: 1 -0.000694053 -0.00011267 0.000693946 0.999999 -0.000476078 0.00011333 0.000475921 1 0.0482968 -0.0299673 -0.00879939
FixedParameters: 0 0 0

#Transform 36
Transform: AffineTransform_float_3_3
Parameters: 0.999999 -0.000694202 -0.000324567 0.000693797 0.999999 -0.000623225 0.000324432 0.000622775 1 0.0576092 -0.0683764 -0.000471263
FixedParameters: 0 0 0

#Transform 37
Transform: AffineTransform_float_3_3
Parameters: 1 -0.000693952 6.94809e-05 0.000694048 0.999999 -0.000692951 -6.9519e-05 0.000693048 1 0.0465341 -0.0708754 0.0262015
FixedParameters: 0 0 0

#Transform 38
Transform: AffineTransform_float_3_3
Parameters: 0.999999 -0.000694709 -0.000774364 0.00069429 1 -0.000915539 0.000775636 0.000915462 1 0.0407179 -0.067581 0.00813862
FixedParameters: 0 0 0

#Transform 39
Transform: AffineTransform_float_3_3
Parameters: 0.999999 -0.000694004 -0.000203986 0.000693996 1 -2.01416e-05 0.000204014 1.98584e-05 1 0.0199854 -0.0822679 0.0569727
FixedParameters: 0 0 0

#Transform 40
Transform: AffineTransform_float_3_3
Parameters: 0.999999 -0.000765917 -0.000431145 0.000766081 0.999999 0.00018967 0.000430854 -0.00019033 1 0.0223217 -0.0708436 0.0467057
FixedParameters: 0 0 0

#Transform 41
Transform: AffineTransform_float_3_3
Parameters: 1 -0.000693946 -0.000113331 0.000694054 0.999999 0.000476921 0.000113669 -0.000477079 1 0.0197653 -0.114067 0.0962872
FixedParameters: 0 0 0

#Transform 42
Transform: AffineTransform_float_3_3
Parameters: 1 -0.000633079 -0.00022778 0.00063292 0.999999 -0.000348144 0.000228221 0.000348855 1 0.0185993 0.0493141 0.059366
FixedParameters: 0 0 0

#Transform 43
Transform: AffineTransform_float_3_3
Parameters: 0.999999 -0.000694051 -0.000218838 0.000693949 0.999999 -0.000233152 0.000219162 0.000232848 1 0.00680854 -0.109704 0.083922
FixedParameters: 0 0 0

#Transform 44
Transform: AffineTransform_float_3_3
Parameters: 1 -0.000407146 -0.000166642 0.000406853 0.999999 -0.000879067 0.000167358 0.000878931 0.999999 -0.00978837 -0.0659731 0.0390158
FixedParameters: 0 0 0

#Transform 45
Transform: AffineTransform_float_3_3
Parameters: 1 -0.00033009 -0.000112737 0.00032991 0.999999 -0.000798037 0.000113263 0.000797962 0.999999 -0.00594282 -0.0485429 0.0547048
FixedParameters: 0 0 0

#Transform 46
Transform: AffineTransform_float_3_3
Parameters: 1 -0.000145461 -0.00046117 0.00014654 1 0.00116793 0.000461829 -0.00116807 0.999999 -0.0236817 -0.142998 0.0865036
FixedParameters: 0 0 0

#Transform 47
Transform: AffineTransform_float_3_3
Parameters: 1 -2.84593e-05 -0.000572929 2.75405e-05 0.999997 -0.00254701 0.000573072 0.00254698 0.999996 -0.0434504 -0.0235004 -0.0157187
FixedParameters: 0 0 0

#Transform 48
Transform: AffineTransform_float_3_3
Parameters: 1 -1.14468e-05 -0.000201975 1.15531e-05 0.999997 -0.002212 0.000202026 0.002212 0.999997 -0.0449119 -0.0205747 -0.0476207
FixedParameters: 0 0 0

#Transform 49
Transform: AffineTransform_float_3_3
Parameters: 1 0.000160703 -0.000472443 -0.000162296 0.999996 -0.00274592 0.000471556 0.00274608 0.999996 -0.0482251 -0.00393192 -0.0797909
FixedParameters: 0 0 0

#Transform 50
Transform: AffineTransform_float_3_3
Parameters: 1 -2.33487e-05 -0.000262969 2.26512e-05 0.999999 -0.00132601 0.00026303 0.00132599 0.999999 -0.0339229 -0.109548 0.0179091
FixedParameters: 0 0 0

#Transform 51
Transform: AffineTransform_float_3_3
Parameters: 1 -2.359e-05 -0.000368963 2.34099e-05 0.999998 -0.00159901 0.000369038 0.00159899 0.999998 -0.0441036 -0.0269279 -0.00190616
FixedParameters: 0 0 0

#Transform 52
Transform: AffineTransform_float_3_3
Parameters: 0.999999 -2.48447e-05 -0.000711938 2.31551e-05 0.999996 -0.00259102 0.000712062 0.00259098 0.999997 -0.0431409 0.0400502 -0.0209461
FixedParameters: 0 0 0

#Transform 53
Transform: AffineTransform_float_3_3
Parameters: 1 -2.3598e-05 -0.000291952 2.34019e-05 0.999998 -0.00204801 0.000292048 0.00204799 0.999998 -0.0507303 -0.0651146 0.0127418
FixedParameters: 0 0 0

#Transform 54
Transform: AffineTransform_float_3_3
Parameters: 1 -2.41459e-05 -0.000629957 2.2854e-05 0.999999 -0.00181902 0.000630043 0.00181899 0.999998 -0.0600815 -0.069961 0.0351905
FixedParameters: 0 0 0

#Transform 55
Transform: AffineTransform_float_3_3
Parameters: 0.999999 0.000162296 -0.00071239 -0.000163705 0.999997 -0.00239188 0.00071261 0.00239212 0.999997 -0.047673 -0.0591065 0.00171077
FixedParameters: 0 0 0

#Transform 56
Transform: AffineTransform_float_3_3
Parameters: 1 -2.42797e-05 -0.000645953 2.27202e-05 0.999998 -0.00198101 0.000646046 0.00198098 0.999998 -0.0433527 -0.0524704 0.0181239
FixedParameters: 0 0 0

#Transform 57
Transform: AffineTransform_float_3_3
Parameters: 0.999999 0.000138289 -0.000712334 -0.000140712 0.999997 -0.0024019 0.000712664 0.0024021 0.999997 -0.046992 -0.0507251 -0.0108668
FixedParameters: 0 0 0

#Transform 58
Transform: AffineTransform_float_3_3
Parameters: 0.999999 -2.47314e-05 -0.000798948 2.32685e-05 0.999997 -0.00216702 0.000799052 0.00216698 0.999998 -0.030692 -0.0467757 0.0113795
FixedParameters: 0 0 0

#Transform 59
Transform: AffineTransform_float_3_3
Parameters: 0.999999 -0.000299699 -0.000925451 0.000298302 0.999999 -0.00183528 0.000925548 0.00183472 0.999998 -0.022624 -0.0302332 0.0140383
FixedParameters: 0 0 0

#Transform 60
Transform: AffineTransform_float_3_3
Parameters: 1 -0.000176238 -0.00112965 0.000174761 0.999998 -0.0019812 0.00113035 0.0019808 0.999998 -0.0253435 -0.0859595 0.0106509
FixedParameters: 0 0 0

#Transform 61
Transform: AffineTransform_float_3_3
Parameters: 1 -2.45865e-05 -0.00112997 2.34134e-05 0.999999 -0.00140403 0.00113003 0.00140397 0.999999 -0.0418656 -0.0874151 0.0240552
FixedParameters: 0 0 0

#Transform 62
Transform: AffineTransform_float_3_3
Parameters: 0.999999 -7.70743e-05 -0.00155185 7.49252e-05 0.999998 -0.00198112 0.00155215 0.00198088 0.999997 -0.0264996 -0.0529511 0.0123848
FixedParameters: 0 0 0

#Transform 63
Transform: AffineTransform_float_3_3
Parameters: 0.999999 -2.45299e-05 -0.000841957 2.247e-05 0.999999 -0.00181702 0.000842042 0.00181698 0.999998 -0.0346016 -0.0384776 -0.014178
FixedParameters: 0 0 0

#Transform 64
Transform: AffineTransform_float_3_3
Parameters: 0.999999 -0.000191765 -0.00124273 0.000190237 0.999999 -0.00141924 0.00124227 0.00141976 0.999998 -0.0531148 -0.0333098 0.00420434
FixedParameters: 0 0 0

#Transform 65
Transform: AffineTransform_float_3_3
Parameters: 0.999999 -7.78242e-05 -0.00132189 7.61755e-05 0.999999 -0.0013801 0.00132211 0.0013799 0.999998 -0.0400976 -0.0837299 -0.017809
FixedParameters: 0 0 0

#Transform 66
Transform: AffineTransform_float_3_3
Parameters: 1 -8.43334e-05 -0.00119691 8.26665e-05 1 -0.0011141 0.00119709 0.0011139 0.999998 -0.0401878 -0.0845611 0.00594988
FixedParameters: 0 0 0

#Transform 67
Transform: AffineTransform_float_3_3
Parameters: 0.999999 -2.47508e-05 -0.00144097 2.32491e-05 1 -0.00121504 0.00144103 0.00121497 0.999998 -0.0409722 -0.0397551 -0.00900998
FixedParameters: 0 0 0

#Transform 68
Transform: AffineTransform_float_3_3
Parameters: 0.999999 -2.4233e-05 -0.00135198 2.27669e-05 0.999999 -0.000912031 0.00135202 0.000911967 0.999998 -0.0412399 -0.0821232 -0.00167814
FixedParameters: 0 0 0

#Transform 69
Transform: AffineTransform_float_3_3
Parameters: 0.999999 0.000140268 -0.00154516 -0.000141733 1 -0.00112078 0.00154584 0.00112122 0.999998 -0.0446823 -0.0628299 -0.00696673
FixedParameters: 0 0 0

#Transform 70
Transform: AffineTransform_float_3_3
Parameters: 0.999999 -2.5509e-05 -0.00154496 2.24908e-05 0.999998 -0.00162404 0.00154504 0.00162396 0.999998 -0.0407035 -0.0642111 0.00691133
FixedParameters: 0 0 0

#Transform 71
Transform: AffineTransform_float_3_3
Parameters: 0.999999 -2.45712e-05 -0.00154498 2.34287e-05 1 -0.00101704 0.00154502 0.00101696 0.999999 -0.0407067 -0.0466782 0.0132283
FixedParameters: 0 0 0

#Transform 72
Transform: AffineTransform_float_3_3
Parameters: 0.999999 -2.52495e-05 -0.00154496 2.27504e-05 0.999999 -0.00145604 0.00154503 0.00145596 0.999997 -0.0406662 -0.0590477 -0.0173024
FixedParameters: 0 0 0

#Transform 73
Transform: AffineTransform_float_3_3
Parameters: 0.999998 9.29995e-05 -0.00206214 -9.6002e-05 0.999999 -0.0014558 0.00206186 0.00145519 0.999997 -0.0500731 -0.0422325 -0.0112031
FixedParameters: 0 0 0

#Transform 74
Transform: AffineTransform_float_3_3
Parameters: 0.999999 -2.46834e-05 -0.00155297 2.33165e-05 1 -0.00108404 0.00155303 0.00108396 0.999998 -0.0492855 -0.0475347 -0.00372949
FixedParameters: 0 0 0

#Transform 75
Transform: AffineTransform_float_3_3
Parameters: 0.999999 -8.00869e-05 -0.00124587 7.79128e-05 0.999998 -0.0016751 0.00124613 0.0016749 0.999998 -0.0528894 -0.0650819 -0.0265161
FixedParameters: 0 0 0

#Transform 76
Transform: AffineTransform_float_3_3
Parameters: 0.999999 -0.000143389 -0.00124584 0.000142611 1 -0.00111518 0.00124616 0.00111482 0.999998 -0.0386986 -0.00464959 -0.0204592
FixedParameters: 0 0 0

#Transform 77
Transform: AffineTransform_float_3_3
Parameters: 0.999999 -2.47307e-05 -0.00124597 2.32693e-05 0.999999 -0.00138903 0.00124603 0.00138897 0.999999 -0.0561238 -0.090602 -0.0248659
FixedParameters: 0 0 0

#Transform 78
Transform: AffineTransform_float_3_3
Parameters: 0.999999 -2.50573e-05 -0.00141296 2.29426e-05 0.999999 -0.00145603 0.00141303 0.00145597 0.999998 -0.0577705 -0.0305769 -0.0407626
FixedParameters: 0 0 0

#Transform 79
Transform: AffineTransform_float_3_3
Parameters: 0.999998 9.17868e-05 -0.00168812 -9.42127e-05 0.999999 -0.00131084 0.00168788 0.00131116 0.999997 -0.0651449 -0.0253881 -0.0376143
FixedParameters: 0 0 0

#Transform 80
Transform: AffineTransform_float_3_3
Parameters: 0.999998 -2.33969e-05 -0.00167499 2.2603e-05 1 -0.000237038 0.001675 0.000236961 0.999998 -0.0766651 -0.0243162 0.013602
FixedParameters: 0 0 0

#Transform 81
Transform: AffineTransform_float_3_3
Parameters: 0.999998 -2.37315e-05 -0.00191499 2.32684e-05 1 -0.000382045 0.00191501 0.000381955 0.999998 -0.0758001 -0.128421 -0.0403851
FixedParameters: 0 0 0

#Transform 82
Transform: AffineTransform_float_3_3
Parameters: 0.999998 -0.000156739 -0.00190086 0.00015526 0.999999 -0.000915296 0.00190114 0.000914703 0.999998 -0.0726898 -0.0250591 -0.0403409
FixedParameters: 0 0 0

#Transform 83
Transform: AffineTransform_float_3_3
Parameters: 0.999998 -0.000342863 -0.00169983 0.000342137 1 -0.000507582 0.00170017 0.000507418 0.999999 -0.0688748 -0.0352879 -0.0431059
FixedParameters: 0 0 0

#Transform 84
Transform: AffineTransform_float_3_3
Parameters: 0.999998 -0.000155612 -0.00163694 0.000155389 1 -0.000373255 0.00163606 0.000373746 0.999998 -0.0639121 -0.0353666 -0.0457733
FixedParameters: 0 0 0

#Transform 85
Transform: AffineTransform_float_3_3
Parameters: 0.999998 -0.000106555 -0.0016999 0.000104444 0.999999 -0.000915179 0.0017001 0.00091482 0.999998 -0.0688646 -0.0337871 -0.0565251
FixedParameters: 0 0 0

#Transform 86
Transform: AffineTransform_float_3_3
Parameters: 0.999998 -2.38738e-05 -0.00169999 2.31278e-05 1 -0.00051304 0.00170001 0.00051396 0.999999 -0.0576953 -0.0280815 -0.0565627
FixedParameters: 0 0 0

#Transform 87
Transform: AffineTransform_float_3_3
Parameters: 0.999999 -0.000273123 -0.0015078 0.000271878 0.999999 -0.00074441 0.0015082 0.000744588 0.999998 -0.0478914 -0.0344754 -0.0677938
FixedParameters: 0 0 0

#Transform 88
Transform: AffineTransform_float_3_3
Parameters: 0.999999 -0.000126582 -0.00155995 0.000125418 1 -0.000373196 0.00156005 0.000372803 0.999998 -0.0643268 -0.0289839 -0.0589247
FixedParameters: 0 0 0

#Transform 89
Transform: AffineTransform_float_3_3
Parameters: 0.999998 -0.000270325 -0.00155977 0.000268673 0.999999 -0.00085042 0.00156023 0.000849579 0.999999 -0.0541448 -0.0398715 -0.0649334
FixedParameters: 0 0 0

#Transform 90
Transform: AffineTransform_float_3_3
Parameters: 0.999998 -0.000133134 -0.00162791 0.000131865 0.999999 -0.000697216 0.00162809 0.000696784 0.999999 -0.0572109 -0.00160602 -0.066776
FixedParameters: 0 0 0

#Transform 91
Transform: AffineTransform_float_3_3
Parameters: 0.999999 -0.00040785 -0.00139846 0.00040615 0.999999 -0.00132257 0.00139954 0.00132243 0.999998 -0.0512891 -0.0269646 -0.0491691
FixedParameters: 0 0 0

#Transform 92
Transform: AffineTransform_float_3_3
Parameters: 0.999999 -0.000886152 -0.00125819 0.000885848 0.999999 -0.000916116 0.00125881 0.000914886 0.999999 -0.0313434 -0.104661 0.00113123
FixedParameters: 0 0 0

#Transform 93
Transform: AffineTransform_float_3_3
Parameters: 0.999999 -0.000861344 -0.00123576 0.000861656 0.999999 -0.000279065 0.00123524 0.000277936 0.999999 -0.0313655 -0.0540451 0.00181215
FixedParameters: 0 0 0

#Transform 94
Transform: AffineTransform_float_3_3
Parameters: 0.999999 -0.000680181 -0.00128938 0.00067982 1 -0.000915878 0.00128962 0.000915124 0.999998 -0.0185731 -0.0739956 -0.0154028
FixedParameters: 0 0 0

#Transform 95
Transform: AffineTransform_float_3_3
Parameters: 0.999999 -0.00067984 -0.00128956 0.000679159 0.999999 -0.000651876 0.00129044 0.000651123 0.999999 -0.0212524 -0.0786579 -0.0150306
FixedParameters: 0 0 0

#Transform 96
Transform: AffineTransform_float_3_3
Parameters: 0.999999 -0.00076256 -0.00128967 0.000762439 0.999999 -0.000434984 0.00129033 0.000434016 0.999999 -0.0287721 -0.0892182 0.0145251
FixedParameters: 0 0 0

#Transform 97
Transform: AffineTransform_float_3_3
Parameters: 0.999999 -0.000679613 -0.00128968 0.000679386 0.999999 -0.000475877 0.00129032 0.000475123 0.999999 -0.0115642 -0.117475 -0.00873728
FixedParameters: 0 0 0

#Transform 98
Transform: AffineTransform_float_3_3
Parameters: 0.999999 -0.000679492 -0.00128974 0.000679508 0.999999 -0.000381877 0.00129026 0.000381124 0.999999 -0.0258763 -0.0511136 -0.0133268
FixedParameters: 0 0 0

#Transform 99
Transform: AffineTransform_float_3_3
Parameters: 0.999999 -0.00043241 -0.00128986 0.000432589 1 -0.000318558 0.00129014 0.000317442 0.999999 -0.0301357 -0.0588737 0.00941039
FixedParameters: 0 0 0

#Transform 100
Transform: AffineTransform_float_3_3
Parameters: 0.999999 -0.000427625 -0.00128979 0.000426375 1 -0.00048455 0.00129021 0.000484449 0.999999 -0.0160906 -0.121548 -0.0121817
FixedParameters: 0 0 0

#Transform 101
Transform: AffineTransform_float_3_3
Parameters: 0.999999 -0.000679741 -0.00128961 0.000679259 0.999999 -0.000574876 0.00129039 0.000574123 0.999999 0.00216171 -0.0487651 0.00401742
FixedParameters: 0 0 0

#Transform 102
Transform: AffineTransform_float_3_3
Parameters: 0.999999 -0.000679314 -0.00113881 0.000679686 0.999999 -0.000275774 0.00113919 0.000275226 1 0.00177039 -0.09107 0.00876855
FixedParameters: 0 0 0

#Transform 103
Transform: AffineTransform_float_3_3
Parameters: 0.999999 -0.000680468 -0.00128923 0.000679532 0.999999 -0.00113888 0.00128977 0.00113812 0.999998 0.015592 -0.0776711 -0.0104377
FixedParameters: 0 0 0

#Transform 104
Transform: AffineTransform_float_3_3
Parameters: 0.999998 -0.00095018 -0.00128913 0.000948819 0.999999 -0.000916224 0.00128987 0.000914775 0.999998 0.0203056 -0.0575577 -0.00935057
FixedParameters: 0 0 0

#Transform 105
Transform: AffineTransform_float_3_3
Parameters: 0.999999 -0.000679393 -0.00128979 0.000679607 0.999999 -0.000304877 0.00129021 0.000304124 0.999999 0.00217993 -0.0588392 -0.00480039
FixedParameters: 0 0 0

#Transform 106
Transform: AffineTransform_float_3_3
Parameters: 0.999998 -0.000478425 -0.00153287 0.000477575 1 -0.000277732 0.00153313 0.000277267 0.999999 -0.00185866 -0.0900938 -0.0275967
FixedParameters: 0 0 0

#Transform 107
Transform: AffineTransform_float_3_3
Parameters: 0.999999 -0.000323433 -0.0014509 0.000322567 1 -0.000298468 0.0014511 0.000298531 0.999999 0.00881203 -0.0583804 -0.00928505
FixedParameters: 0 0 0

#Transform 108
Transform: AffineTransform_float_3_3
Parameters: 0.999999 -0.000679304 -0.00128984 0.000679695 0.999999 -0.000236877 0.00129016 0.000235124 0.999999 0.00215668 -0.059065 0.0133367
FixedParameters: 0 0 0

#Transform 109
Transform: AffineTransform_float_3_3
Parameters: 0.999999 -0.000679688 -0.00136466 0.000679311 0.999999 -0.000504927 0.00136434 0.000504073 0.999999 0.0237113 -0.0665965 -0.0096141
FixedParameters: 0 0 0

#Transform 110
Transform: AffineTransform_float_3_3
Parameters: 1 -0.000457376 -0.00105984 0.000456623 1 -0.000355484 0.00106016 0.000354515 1 0.00759358 -0.0584855 0.010743
FixedParameters: 0 0 0

#Transform 111
Transform: AffineTransform_float_3_3
Parameters: 1 -0.000679299 -0.000940784 0.000679701 0.999999 -0.000318639 0.000940216 0.000317361 0.999999 0.00828156 -0.0408544 0.0117294
FixedParameters: 0 0 0

#Transform 112
Transform: AffineTransform_float_3_3
Parameters: 1 -0.000199228 -0.000644929 0.000199772 1 -0.000353129 0.00064507 0.000352871 0.999999 -0.0133413 -0.099052 0.0314729
FixedParameters: 0 0 0

#Transform 113
Transform: AffineTransform_float_3_3
Parameters: 0.999999 3.25789e-05 -0.000721019 -3.3421e-05 1 -0.000583976 0.00072098 0.000584023 0.999999 -0.018955 -0.0393088 0.0212861
FixedParameters: 0 0 0

#Transform 114
Transform: AffineTransform_float_3_3
Parameters: 1 0.000178749 -0.00102904 -0.000179251 1 -0.000243816 0.00102896 0.000244184 1 0.00443315 -0.025294 0.00489229
FixedParameters: 0 0 0

#Transform 115
Transform: AffineTransform_float_3_3
Parameters: 0.999999 0.000272527 -0.00144109 -0.000273474 1 -0.000328606 0.00144091 0.000328393 0.999999 0.0103748 -0.0732568 -0.0419789
FixedParameters: 0 0 0

#Transform 116
Transform: AffineTransform_float_3_3
Parameters: 0.999999 0.000352716 -0.00145307 -0.000353284 1 -0.000195487 0.00145293 0.000195513 0.999999 0.0014829 -0.0735097 -0.0388457
FixedParameters: 0 0 0

#Transform 117
Transform: AffineTransform_float_3_3
Parameters: 0.999999 0.000352721 -0.00125208 -0.00035328 1 -0.000223558 0.00125192 0.000223442 0.999999 0.00092502 -0.0332297 -0.0391397
FixedParameters: 0 0 0

#Transform 118
Transform: AffineTransform_float_3_3
Parameters: 0.999999 0.000352012 -0.00137225 -0.000352989 0.999999 -0.000720516 0.00137175 0.000720483 0.999999 0.0187531 -0.0443277 -0.0491379
FixedParameters: 0 0 0

#Transform 119
Transform: AffineTransform_float_3_3
Parameters: 0.999999 0.000352768 -0.00148505 -0.000353233 1 -0.000156476 0.00148494 0.000156524 0.999999 -0.0219635 -0.0334276 -0.0379131
FixedParameters: 0 0 0

#Transform 120
Transform: AffineTransform_float_3_3
Parameters: 0.999999 0.000412396 -0.00171915 -0.000413603 1 -0.00035029 0.00171886 0.00035171 0.999999 -0.0247189 -0.0327538 -0.0963036
FixedParameters: 0 0 0

#Transform 121
Transform: AffineTransform_float_3_3
Parameters: 0.999998 0.000351973 -0.00165322 -0.000353027 0.999999 -0.000621417 0.00165278 0.000621583 0.999999 -0.00464348 -0.00953435 -0.100315
FixedParameters: 0 0 0

#Transform 122
Transform: AffineTransform_float_3_3
Parameters: 0.999998 0.000353255 -0.00192095 -0.000352744 1 0.000133678 0.00192105 -0.000132322 0.999998 -0.0157021 -0.0341158 -0.0935267
FixedParameters: 0 0 0

#Transform 123
Transform: AffineTransform_float_3_3
Parameters: 0.999998 0.000351641 -0.00206023 -0.000353359 0.999999 -0.000659273 0.00206077 0.000659726 0.999997 -0.009398 0.0180647 -0.0897809
FixedParameters: 0 0 0

#Transform 124
Transform: AffineTransform_float_3_3
Parameters: 0.999998 7.86422e-05 -0.00206005 -7.93594e-05 1 -0.000659838 0.00205995 0.000659163 0.999997 0.00308796 -0.0138671 -0.101024
FixedParameters: 0 0 0

#Transform 125
Transform: AffineTransform_float_3_3
Parameters: 0.999998 0.000238835 -0.00206002 -0.000238166 1 -8.05095e-05 0.00205998 8.04922e-05 0.999998 -0.000736522 -0.0310428 -0.0987434
FixedParameters: 0 0 0

#Transform 126
Transform: AffineTransform_float_3_3
Parameters: 0.999997 0.00035182 -0.00214819 -0.000353178 1 -0.000548243 0.00214781 0.000549757 0.999998 -0.0183396 -0.0540256 -0.0846699
FixedParameters: 0 0 0

#Transform 127
Transform: AffineTransform_float_3_3
Parameters: 0.999997 0.000351902 -0.00214718 -0.000353099 1 -0.000511243 0.00214782 0.000511757 0.999997 -0.00316757 -0.0412151 -0.109131
FixedParameters: 0 0 0

#Transform 128
Transform: AffineTransform_float_3_3
Parameters: 0.999998 0.000352568 -0.00197008 -0.000353433 1 -0.000219304 0.00196992 0.000219695 0.999998 -0.0164532 -0.0420938 -0.102005
FixedParameters: 0 0 0

#Transform 129
Transform: AffineTransform_float_3_3
Parameters: 0.999998 -0.000293926 -0.00198886 0.000293072 1 -0.000466584 0.00198914 0.000465416 0.999998 0.00190974 -0.0766686 -0.0871135
FixedParameters: 0 0 0

#Transform 130
Transform: AffineTransform_float_3_3
Parameters: 0.999998 0.000117928 -0.00193413 -0.000120071 1 -0.00107077 0.00193387 0.00107123 0.999997 -0.0239988 0.0704788 -0.122396
FixedParameters: 0 0 0

#Transform 131
Transform: AffineTransform_float_3_3
Parameters: 0.999998 -0.000134629 -0.00229279 0.00013137 0.999998 -0.00158331 0.00229321 0.0015827 0.999996 0.00883009 -0.0481261 -0.110151
FixedParameters: 0 0 0

#Transform 132
Transform: AffineTransform_float_3_3
Parameters: 0.999998 -0.000131361 -0.00159097 0.000131639 1 -0.00022721 0.00159103 0.000226791 0.999998 0.00666409 -0.0519905 -0.0594906
FixedParameters: 0 0 0

#Transform 133
Transform: AffineTransform_float_3_3
Parameters: 0.999998 -1.46128e-05 -0.00201599 1.33872e-05 0.999999 -0.000800028 0.00201601 0.000799972 0.999997 0.00521049 -0.0501182 -0.0981251
FixedParameters: 0 0 0

#Transform 134
Transform: AffineTransform_float_3_3
Parameters: 0.999998 -0.000349891 -0.00193384 0.00034811 1 -0.000460674 0.00193416 0.000460324 0.999998 0.0130383 -0.051655 -0.0844002
FixedParameters: 0 0 0

#Transform 135
Transform: AffineTransform_float_3_3
Parameters: 0.999998 -0.000312201 -0.00159596 0.000311798 1 -0.000126498 0.00159604 0.000125502 0.999998 0.0110748 -0.0565488 -0.062546
FixedParameters: 0 0 0

#Transform 136
Transform: AffineTransform_float_3_3
Parameters: 0.999997 -0.00052991 -0.00206651 0.000528089 0.999999 -0.000925093 0.00206649 0.000923907 0.999998 0.0323485 -0.0395312 -0.0892393
FixedParameters: 0 0 0

#Transform 137
Transform: AffineTransform_float_3_3
Parameters: 0.999998 -0.000586845 -0.00183473 0.000586155 0.999999 -0.000461076 0.00183527 0.000459924 0.999998 0.0183565 -0.0455349 -0.0514925
FixedParameters: 0 0 0

#Transform 138
Transform: AffineTransform_float_3_3
Parameters: 0.999998 -0.000393461 -0.0019337 0.000392537 0.999999 -0.00075676 0.0019343 0.00075524 0.999998 0.0325813 -0.0132473 -0.0979672
FixedParameters: 0 0 0

#Transform 139
Transform: AffineTransform_float_3_3
Parameters: 0.999998 -0.000586828 -0.00179773 0.000586172 0.999999 -0.000461055 0.00179827 0.000459946 0.999999 0.0368095 -0.0263804 -0.0724458
FixedParameters: 0 0 0

#Transform 140
Transform: AffineTransform_float_3_3
Parameters: 0.999998 -0.00050889 -0.00193377 0.000508109 1 -0.000460983 0.00193423 0.000460017 0.999998 0.0352737 -0.000321969 -0.0636155
FixedParameters: 0 0 0

#Transform 141
Transform: AffineTransform_float_3_3
Parameters: 0.999998 -0.000587683 -0.00193349 0.000586317 1 -0.000871136 0.00193351 0.000869866 0.999998 0.0442315 -0.0872126 -0.0750988
FixedParameters: 0 0 0

#Transform 142
Transform: AffineTransform_float_3_3
Parameters: 0.999998 -0.000708848 -0.00193406 0.000709151 0.999999 7.76286e-05 0.00193394 -7.9371e-05 0.999998 0.0400195 -0.0371029 -0.0417321
FixedParameters: 0 0 0

#Transform 143
Transform: AffineTransform_float_3_3
Parameters: 0.999998 -0.000892846 -0.00183259 0.000891156 1 -0.000461634 0.00183341 0.000460364 0.999998 0.0600232 -0.012781 -0.0612218
FixedParameters: 0 0 0

#Transform 144
Transform: AffineTransform_float_3_3
Parameters: 0.999998 -0.00101199 -0.00211453 0.00101101 1 -0.000468139 0.00211447 0.000465861 0.999997 0.0829038 -0.0396769 -0.0698608
FixedParameters: 0 0 0

#Transform 145
Transform: AffineTransform_float_3_3
Parameters: 0.999997 -0.00101157 -0.00213773 0.00101043 1 -0.000267161 0.00213827 0.000264838 0.999997 0.0689767 -0.0355893 -0.0505846
FixedParameters: 0 0 0

#Transform 146
Transform: AffineTransform_float_3_3
Parameters: 0.999997 -0.00101139 -0.0019338 0.00101061 1 -0.000200955 0.0019342 0.000199044 0.999998 0.0727633 -0.0108338 -0.0516005
FixedParameters: 0 0 0

#Transform 147
Transform: AffineTransform_float_3_3
Parameters: 0.999998 -0.00116813 -0.00193332 0.00116687 0.999999 -0.000586257 0.00193368 0.000583743 0.999998 0.0807923 -0.021156 -0.0663556
FixedParameters: 0 0 0

#Transform 148
Transform: AffineTransform_float_3_3
Parameters: 0.999998 -0.00122325 -0.00199385 0.00122276 0.999999 -0.000123438 0.00199415 0.000121561 0.999998 0.0732885 -0.0418041 -0.0217763
FixedParameters: 0 0 0

#Transform 149
Transform: AffineTransform_float_3_3
Parameters: 0.999998 -0.00101038 -0.00181535 0.00101062 1 0.000341166 0.00181465 -0.000343834 0.999999 0.0663108 -0.063589 -0.0124485
FixedParameters: 0 0 0

#Transform 150
Transform: AffineTransform_float_3_3
Parameters: 0.999998 -0.00101025 -0.00162547 0.00101075 1 0.000460358 0.00162553 -0.000461643 0.999998 0.068685 -0.0520612 0.0103252
FixedParameters: 0 0 0

#Transform 151
Transform: AffineTransform_float_3_3
Parameters: 0.999998 -0.00100983 -0.00170469 0.00101117 1 0.000683278 0.00170431 -0.000684723 0.999999 0.0661318 -0.0367944 0.019765
FixedParameters: 0 0 0

#Transform 152
Transform: AffineTransform_float_3_3
Parameters: 0.999997 -0.00106312 -0.00209294 0.00106288 1 -5.92247e-05 0.00209306 5.6775e-05 0.999998 0.0810814 -0.0202974 -0.00267321
FixedParameters: 0 0 0

#Transform 153
Transform: AffineTransform_float_3_3
Parameters: 0.999998 -0.00152081 -0.00173805 0.00152119 0.999998 0.000685358 0.00173796 -0.000687645 0.999999 0.0989667 0.0367419 -0.00220534
FixedParameters: 0 0 0

#Transform 154
Transform: AffineTransform_float_3_3
Parameters: 0.999997 -0.00133494 -0.00199271 0.00133606 0.999999 0.000533339 0.00199129 -0.00053566 0.999998 0.0951187 0.00713749 -0.00976014
FixedParameters: 0 0 0

#Transform 155
Transform: AffineTransform_float_3_3
Parameters: 0.999996 -0.001521 -0.00208873 0.001522 0.999998 0.000476822 0.00208827 -0.000479178 0.999997 0.0999646 -0.0247839 -0.00774872
FixedParameters: 0 0 0

#Transform 156
Transform: AffineTransform_float_3_3
Parameters: 0.999997 -0.00116349 -0.00205886 0.00116551 0.999999 0.000733602 0.00205814 -0.000736396 0.999997 0.0912547 0.000138544 0.0101558
FixedParameters: 0 0 0

#Transform 157
Transform: AffineTransform_float_3_3
Parameters: 0.999997 -0.00126372 -0.00214276 0.00126528 0.999999 0.00059729 0.00214124 -0.000600708 0.999997 0.0938933 -0.027524 -0.0180839
FixedParameters: 0 0 0

#Transform 158
Transform: AffineTransform_float_3_3
Parameters: 0.999997 -0.00131251 -0.00214292 0.00131449 0.999999 0.000695186 0.00214209 -0.000697814 0.999998 0.0950307 0.000475248 -0.0329771
FixedParameters: 0 0 0

#Transform 159
Transform: AffineTransform_float_3_3
Parameters: 0.999997 -0.00124322 -0.00214245 0.00124378 0.999999 0.000364336 0.00214154 -0.000366663 0.999997 0.0934593 -0.00260882 -0.0483494
FixedParameters: 0 0 0

#Transform 160
Transform: AffineTransform_float_3_3
Parameters: 0.999998 -0.00129674 -0.00183189 0.00129826 0.999999 0.000686623 0.00183111 -0.000688376 0.999998 0.0960006 -0.003473 -0.0435137
FixedParameters: 0 0 0

#Transform 161
Transform: AffineTransform_float_3_3
Parameters: 0.999997 -0.00104082 -0.00214257 0.00104218 1 0.000548769 0.00214143 -0.00055123 0.999997 0.100484 -0.00280351 -0.0641177
FixedParameters: 0 0 0

#Transform 162
Transform: AffineTransform_float_3_3
Parameters: 0.999998 -0.000885786 -0.0021425 0.000887215 1 0.000566101 0.0021415 -0.000567898 0.999997 0.084964 -0.00267522 -0.046852
FixedParameters: 0 0 0

#Transform 163
Transform: AffineTransform_float_3_3
Parameters: 0.999996 -0.000741018 -0.00270527 0.000741982 0.999999 0.000361994 0.00270573 -0.000364006 0.999997 0.063366 0.036899 -0.0524741
FixedParameters: 0 0 0

#Transform 164
Transform: AffineTransform_float_3_3
Parameters: 0.999997 -0.000646627 -0.00264809 0.000646374 1 0.000140289 0.00264791 -0.000141713 0.999996 0.0565753 0.0235368 -0.0578263
FixedParameters: 0 0 0

#Transform 165
Transform: AffineTransform_float_3_3
Parameters: 0.999997 -0.000673666 -0.00264834 0.000675335 0.999999 0.000503213 0.00264866 -0.000504786 0.999997 0.0586973 -0.00535624 -0.0670657
FixedParameters: 0 0 0

#Transform 166
Transform: AffineTransform_float_3_3
Parameters: 0.999996 -0.000886303 -0.00247825 0.000886696 1 0.000279804 0.00247775 -0.000282197 0.999997 0.0588779 0.0197382 -0.077143
FixedParameters: 0 0 0

#Transform 167
Transform: AffineTransform_float_3_3
Parameters: 0.999996 -0.000666036 -0.00295899 0.000666965 1 -1.29736e-05 0.00295801 1.10299e-05 0.999995 0.0699576 0.0550451 -0.0847739
FixedParameters: 0 0 0

#Transform 168
Transform: AffineTransform_float_3_3
Parameters: 0.999996 -0.000591496 -0.00257135 0.000593504 0.999999 0.000584476 0.00257065 -0.000585523 0.999997 0.050798 0.0534194 -0.0688795
FixedParameters: 0 0 0

#Transform 169
Transform: AffineTransform_float_3_3
Parameters: 0.999996 -0.000909997 -0.00264435 0.000911001 0.999999 0.000377592 0.00264466 -0.000380408 0.999997 0.0726049 -0.0179669 -0.0916301
FixedParameters: 0 0 0

#Transform 170
Transform: AffineTransform_float_3_3
Parameters: 0.999997 -0.00104874 -0.00249453 0.00105026 1 0.000505382 0.00249447 -0.000507618 0.999997 0.071387 0.0161589 -0.0584227
FixedParameters: 0 0 0

#Transform 171
Transform: AffineTransform_float_3_3
Parameters: 0.999998 -0.000910279 -0.00212731 0.000911721 0.999999 0.000338061 0.00212669 -0.000339937 0.999997 0.0698935 0.0220805 -0.0704394
FixedParameters: 0 0 0

#Transform 172
Transform: AffineTransform_float_3_3
Parameters: 0.999996 -0.000910131 -0.0025943 0.000910869 1 0.000333638 0.00259369 -0.000336362 0.999996 0.058262 0.0138747 -0.0466067
FixedParameters: 0 0 0

#Transform 173
Transform: AffineTransform_float_3_3
Parameters: 0.999996 -0.00131584 -0.00253708 0.00131616 0.999999 6.1661e-05 0.00253792 -6.43398e-05 0.999997 0.0603339 -0.000540217 -0.043626
FixedParameters: 0 0 0

#Transform 174
Transform: AffineTransform_float_3_3
Parameters: 0.999996 -0.000989388 -0.00235342 0.000987611 1 -0.000591326 0.00235458 0.000588673 0.999997 0.0631103 -0.0189129 -0.0866178
FixedParameters: 0 0 0

#Transform 175
Transform: AffineTransform_float_3_3
Parameters: 0.999996 -0.00107098 -0.00260878 0.00106801 0.999999 -0.00114579 0.00261022 0.00114221 0.999996 0.0484353 0.00896593 -0.0494172
FixedParameters: 0 0 0

#Transform 176
Transform: AffineTransform_float_3_3
Parameters: 0.999995 -0.00141103 -0.00280548 0.00140797 0.999999 -0.00108196 0.00280752 0.00107804 0.999996 0.0748856 0.0496997 -0.109451
FixedParameters: 0 0 0

#Transform 177
Transform: AffineTransform_float_3_3
Parameters: 0.999996 -0.00140895 -0.00219939 0.00140805 0.999999 -0.000433099 0.00219961 0.000429903 0.999998 0.0730679 -0.0386555 -0.0785871
FixedParameters: 0 0 0

#Transform 178
Transform: AffineTransform_float_3_3
Parameters: 0.999995 -0.00181107 -0.00260448 0.00180593 0.999996 -0.00194771 0.00260852 0.00194328 0.999994 0.104315 -0.00431863 -0.14245
FixedParameters: 0 0 0

#Transform 179
Transform: AffineTransform_float_3_3
Parameters: 0.999996 -0.00149258 -0.00247524 0.00148742 0.999997 -0.00185069 0.00247775 0.00184731 0.999995 0.0962503 0.0407288 -0.160344
FixedParameters: 0 0 0

#Transform 180
Transform: AffineTransform_float_3_3
Parameters: 0.999996 -0.00141247 -0.00247545 0.00140853 0.999998 -0.0018075 0.00247755 0.00180451 0.999996 0.0944453 0.00551323 -0.202653
FixedParameters: 0 0 0

#Transform 181
Transform: AffineTransform_float_3_3
Parameters: 0.999996 -0.00104092 -0.00285658 0.00103708 0.999998 -0.00137397 0.00285743 0.00137103 0.999995 0.0644186 0.000184282 -0.192859
FixedParameters: 0 0 0

#Transform 182
Transform: AffineTransform_float_3_3
Parameters: 0.999995 -0.00102122 -0.00278145 0.00101678 0.999999 -0.00151784 0.00278354 0.00151416 0.999995 0.0859154 0.00149784 -0.157385
FixedParameters: 0 0 0

#Transform 183
Transform: AffineTransform_float_3_3
Parameters: 0.999996 -0.00141004 -0.00247684 0.00140796 0.999998 -0.00082349 0.00247816 0.000820508 0.999996 0.0852809 0.00797039 -0.160349
FixedParameters: 0 0 0

#Transform 184
Transform: AffineTransform_float_3_3
Parameters: 0.999995 -0.00141231 -0.00257964 0.00140869 0.999997 -0.00167264 0.00258236 0.00166836 0.999996 0.11717 0.034683 -0.199255
FixedParameters: 0 0 0

#Transform 185
Transform: AffineTransform_float_3_3
Parameters: 0.999995 -0.00141025 -0.00259077 0.00140874 0.999998 -0.000872653 0.00259123 0.000868349 0.999997 0.100898 0.0113635 -0.180327
FixedParameters: 0 0 0

#Transform 186
Transform: AffineTransform_float_3_3
Parameters: 0.999996 -0.00140964 -0.00247707 0.00140836 0.999999 -0.000663491 0.00247793 0.000659509 0.999996 0.116779 0.0106793 -0.144127
FixedParameters: 0 0 0

#Transform 187
Transform: AffineTransform_float_3_3
