#Insight Transform File V1.0
#Transform 0
Transform: AffineTransform_float_3_3
Parameters: 0.999997 -0.00236757 -6.79156e-05 0.00236843 0.999971 0.00714386 5.10811e-05 -0.00714414 0.999975 0.136332 -0.00454137 0.283134
FixedParameters: 0 0 0

#Transform 1
Transform: AffineTransform_float_3_3
Parameters: 0.999997 -0.00229208 0.000643654 0.00228793 0.999978 0.00626549 -0.000657345 -0.00626351 0.99998 0.12588 -0.00941416 0.299923
FixedParameters: 0 0 0

#Transform 2
Transform: AffineTransform_float_3_3
Parameters: 0.999996 -0.00270896 0.000406171 0.00270705 0.999985 0.00473812 -0.000418832 -0.00473788 0.999988 0.138555 0.0503823 0.257357
FixedParameters: 0 0 0

#Transform 3
Transform: AffineTransform_float_3_3
Parameters: 0.999998 -0.00174003 0.000827513 0.00173497 0.999981 0.00603645 -0.000838489 -0.00603556 0.999982 0.105884 -0.0221307 0.325636
FixedParameters: 0 0 0

#Transform 4
Transform: AffineTransform_float_3_3
Parameters: 0.999998 -0.00211232 0.000736719 0.00210768 0.999981 0.00582057 -0.000749278 -0.00581843 0.999983 0.114948 -0.0504685 0.247768
FixedParameters: 0 0 0

#Transform 5
Transform: AffineTransform_float_3_3
Parameters: 0.999997 -0.00229136 0.000646191 0.00228864 0.999984 0.0051585 -0.000657812 -0.00515651 0.999987 0.119485 0.0290082 0.242999
FixedParameters: 0 0 0

#Transform 6
Transform: AffineTransform_float_3_3
Parameters: 0.999997 -0.00229128 0.000646477 0.00228772 0.999984 0.00503349 -0.000657523 -0.00503251 0.999987 0.11943 0.048337 0.243828
FixedParameters: 0 0 0

#Transform 7
Transform: AffineTransform_float_3_3
Parameters: 0.999998 -0.00209986 0.000934367 0.00209614 0.99999 0.00411597 -0.000943634 -0.00411403 0.999991 0.134134 0.00548914 0.148519
FixedParameters: 0 0 0

#Transform 8
Transform: AffineTransform_float_3_3
Parameters: 0.999997 -0.00229274 0.00105173 0.00228826 0.999988 0.00448742 -0.00106128 -0.00448458 0.99999 0.137533 0.0169336 0.150766
FixedParameters: 0 0 0

#Transform 9
Transform: AffineTransform_float_3_3
Parameters: 0.999997 -0.00229113 0.000759613 0.00228786 0.999989 0.00410075 -0.000769385 -0.00409825 0.999992 0.135501 0.0277499 0.157911
FixedParameters: 0 0 0

#Transform 10
Transform: AffineTransform_float_3_3
Parameters: 0.999998 -0.0017256 0.00112297 0.0017214 0.99999 0.00408194 -0.00113003 -0.00408006 0.999991 0.103741 -0.0103477 0.202632
FixedParameters: 0 0 0

#Transform 11
Transform: AffineTransform_float_3_3
Parameters: 0.999998 -0.00175775 0.00112259 0.00175325 0.999989 0.00421998 -0.00113041 -0.00421802 0.999991 0.113189 -0.00499818 0.177212
FixedParameters: 0 0 0

#Transform 12
Transform: AffineTransform_float_3_3
Parameters: 0.999999 -0.0016162 0.000684829 0.0016138 0.999993 0.00320211 -0.00069017 -0.00320089 0.999994 0.096388 0.028454 0.115393
FixedParameters: 0 0 0

#Transform 13
Transform: AffineTransform_float_3_3
Parameters: 0.999999 -0.00174851 0.000352489 0.00174749 0.999998 0.00143662 -0.000355509 -0.00143538 0.999999 0.111985 0.0578212 0.0304891
FixedParameters: 0 0 0

#Transform 14
Transform: AffineTransform_float_3_3
Parameters: 0.999999 -0.000970317 0.00084449 0.000968685 0.999999 0.00155782 -0.00084551 -0.00155718 0.999999 0.0868644 0.0459432 0.0580837
FixedParameters: 0 0 0

#Transform 15
Transform: AffineTransform_float_3_3
Parameters: 0.999999 -0.00073064 0.000578191 0.000729359 0.999999 0.00110742 -0.000578807 -0.00110658 0.999999 0.0770731 -0.0284004 0.010064
FixedParameters: 0 0 0

#Transform 16
Transform: AffineTransform_float_3_3
Parameters: 1 -0.000146031 -0.000144969 0.000145969 1 -0.000215021 0.000145031 0.000214979 1 0.0507444 0.034118 -0.0254
FixedParameters: 0 0 0

#Transform 17
Transform: AffineTransform_float_3_3
Parameters: 1 -0.000211885 5.44493e-05 0.000212114 0.999997 -0.00211999 -5.35504e-05 0.00212001 0.999998 0.0255374 -0.0222044 -0.117995
FixedParameters: 0 0 0

#Transform 18
Transform: AffineTransform_float_3_3
Parameters: 1 0.000116471 0.000325832 -0.000115529 0.999999 -0.00144404 -0.000326167 0.00144396 0.999999 -0.0147673 0.032739 -0.104275
FixedParameters: 0 0 0

#Transform 19
Transform: AffineTransform_float_3_3
Parameters: 1 -0.000156001 4.96334e-06 0.000155999 1 0.000235001 -5.03666e-06 -0.000234999 1 0.00588023 -0.0132236 -0.00724227
FixedParameters: 0 0 0

#Transform 20
Transform: AffineTransform_float_3_3
Parameters: 1 -0.000411016 2.7762e-05 0.000410984 0.999999 0.000579011 -2.8238e-05 -0.000578988 1 0.00244031 -0.000863233 0.0198219
FixedParameters: 0 0 0

#Transform 21
Transform: AffineTransform_float_3_3
Parameters: 1 0.000329962 6.41957e-05 -0.000330038 1 0.000592979 -6.38043e-05 -0.000593021 1 -0.0145557 -0.0235703 -0.0270795
FixedParameters: 0 0 0

#Transform 22
Transform: AffineTransform_float_3_3
Parameters: 1 0.000251001 -2.69947e-05 -0.000250999 1 2.10068e-05 2.70053e-05 -2.09932e-05 1 -0.0291549 0.0649861 -0.0497166
FixedParameters: 0 0 0

#Transform 23
Transform: AffineTransform_float_3_3
Parameters: 1 0.00107653 0.00032756 -0.00107747 0.999999 0.00144865 -0.000325439 -0.00144935 0.999999 -0.0462691 -0.0190569 0.048979
FixedParameters: 0 0 0

#Transform 24
Transform: AffineTransform_float_3_3
Parameters: 1 0.00105496 -0.000111344 -0.00105504 1 -0.000325883 0.000110656 0.000326117 1 -0.0755806 0.0224841 -0.0140646
FixedParameters: 0 0 0

#Transform 25
Transform: AffineTransform_float_3_3
Parameters: 0.999999 0.0013749 -5.93332e-05 -0.0013751 0.999997 -0.00169692 5.66665e-05 0.00169708 0.999998 -0.0731055 0.0291906 -0.127483
FixedParameters: 0 0 0

#Transform 26
Transform: AffineTransform_float_3_3
Parameters: 0.999999 0.00137434 -0.0002832 -0.00137566 0.999997 -0.00232761 0.000279798 0.00232839 0.999998 -0.0815187 0.00926609 -0.172469
FixedParameters: 0 0 0

#Transform 27
Transform: AffineTransform_float_3_3
Parameters: 0.999999 0.00137399 -0.000406441 -0.00137501 0.999996 -0.00250344 0.000402558 0.00250455 0.999997 -0.106887 0.0222861 -0.0849567
FixedParameters: 0 0 0

#Transform 28
Transform: AffineTransform_float_3_3
Parameters: 0.999998 0.0016227 -0.000134719 -0.0016233 0.999996 -0.00229179 0.000130281 0.00229122 0.999998 -0.0882041 0.053452 -0.12049
FixedParameters: 0 0 0

#Transform 29
Transform: AffineTransform_float_3_3
Parameters: 0.999997 0.00240067 -0.000550831 -0.00240233 0.999994 -0.00242768 0.000545167 0.00242932 0.999997 -0.10732 -0.0156061 -0.149343
FixedParameters: 0 0 0

#Transform 30
Transform: AffineTransform_float_3_3
Parameters: 0.999995 0.00311559 -0.001256 -0.00311742 0.999994 -0.0019241 0.00125 0.00192791 0.999998 -0.179308 0.0300707 -0.101719
FixedParameters: 0 0 0

#Transform 31
Transform: AffineTransform_float_3_3
Parameters: 0.999995 0.00268012 -0.00161381 -0.00268588 0.999989 -0.00365368 0.00160419 0.00365832 0.999992 -0.166845 0.0376572 -0.125365
FixedParameters: 0 0 0

#Transform 32
Transform: AffineTransform_float_3_3
Parameters: 0.999994 0.00317691 -0.00177457 -0.0031851 0.999985 -0.00457838 0.00175943 0.00458362 0.999988 -0.181918 0.0502739 -0.186775
FixedParameters: 0 0 0

#Transform 33
Transform: AffineTransform_float_3_3
Parameters: 0.999991 0.00376365 -0.00154008 -0.00377135 0.999982 -0.00479723 0.00152192 0.00480277 0.999988 -0.207024 0.0377424 -0.204506
FixedParameters: 0 0 0

#Transform 34
Transform: AffineTransform_float_3_3
Parameters: 0.999991 0.00380365 -0.00179877 -0.00381135 0.999982 -0.00466219 0.00178124 0.00466882 0.999988 -0.214614 0.0202813 -0.220103
FixedParameters: 0 0 0

#Transform 35
Transform: AffineTransform_float_3_3
Parameters: 0.999992 0.00340847 -0.00209884 -0.00342053 0.999979 -0.00551586 0.00208015 0.00552313 0.999982 -0.211325 0.0164115 -0.283769
FixedParameters: 0 0 0

#Transform 36
Transform: AffineTransform_float_3_3
Parameters: 0.999993 0.00335873 -0.00195919 -0.00337127 0.999974 -0.00629244 0.00193781 0.00629955 0.999979 -0.203743 0.0349342 -0.285274
FixedParameters: 0 0 0

#Transform 37
Transform: AffineTransform_float_3_3
Parameters: 0.999992 0.00353362 -0.00183705 -0.00354538 0.999975 -0.00622754 0.00181494 0.00623446 0.999979 -0.223012 0.068163 -0.280407
FixedParameters: 0 0 0

#Transform 38
Transform: AffineTransform_float_3_3
Parameters: 0.999991 0.00372296 -0.00200183 -0.00374204 0.999947 -0.00959459 0.00196617 0.00960241 0.999952 -0.218842 0.0397523 -0.498868
FixedParameters: 0 0 0

#Transform 39
Transform: AffineTransform_float_3_3
Parameters: 0.99999 0.00378653 -0.00242719 -0.00381146 0.999937 -0.0105739 0.00238681 0.0105831 0.999941 -0.243596 0.00640812 -0.545923
FixedParameters: 0 0 0

#Transform 40
Transform: AffineTransform_float_3_3
Parameters: 0.999989 0.00396227 -0.00253114 -0.00398773 0.999943 -0.00984202 0.00249185 0.00985198 0.999949 -0.252818 0.0262976 -0.538897
FixedParameters: 0 0 0

#Transform 41
Transform: AffineTransform_float_3_3
Parameters: 0.999988 0.00409233 -0.00269395 -0.00411867 0.999942 -0.00996902 0.00265305 0.00997997 0.999946 -0.253306 0.0460658 -0.560748
FixedParameters: 0 0 0

#Transform 42
Transform: AffineTransform_float_3_3
Parameters: 0.999989 0.00378605 -0.00251451 -0.00381195 0.999938 -0.0103965 0.00247549 0.0104055 0.999943 -0.239087 0.0627105 -0.588015
FixedParameters: 0 0 0

#Transform 43
Transform: AffineTransform_float_3_3
Parameters: 0.999988 0.00402691 -0.00285493 -0.0040561 0.999936 -0.0106145 0.00281208 0.0106255 0.999939 -0.24794 0.0804859 -0.590883
FixedParameters: 0 0 0

#Transform 44
Transform: AffineTransform_float_3_3
Parameters: 0.999989 0.00378281 -0.00276833 -0.00381219 0.999937 -0.0106156 0.00272767 0.0106254 0.99994 -0.235336 0.017623 -0.589118
FixedParameters: 0 0 0

#Transform 45
Transform: AffineTransform_float_3_3
Parameters: 0.999987 0.00415313 -0.00302684 -0.00418887 0.99992 -0.0119415 0.00297717 0.0119535 0.999924 -0.249002 0.0198958 -0.65871
FixedParameters: 0 0 0

#Transform 46
Transform: AffineTransform_float_3_3
Parameters: 0.999986 0.00462023 -0.00265373 -0.00464976 0.99993 -0.0109388 0.00260226 0.0109512 0.999936 -0.273233 0.0537279 -0.637976
FixedParameters: 0 0 0

#Transform 47
Transform: AffineTransform_float_3_3
Parameters: 0.999986 0.00441121 -0.00290234 -0.00444178 0.999933 -0.0106883 0.00285466 0.0107007 0.999938 -0.25318 0.0383685 -0.578099
FixedParameters: 0 0 0

#Transform 48
Transform: AffineTransform_float_3_3
Parameters: 0.999984 0.00461476 -0.00304061 -0.00464924 0.999925 -0.011351 0.00298839 0.011365 0.999931 -0.265155 0.0112371 -0.639285
FixedParameters: 0 0 0

#Transform 49
Transform: AffineTransform_float_3_3
Parameters: 0.999986 0.00461782 -0.00284425 -0.00464918 0.999928 -0.0110549 0.00279274 0.0110681 0.999935 -0.271842 0.0177347 -0.633782
FixedParameters: 0 0 0

#Transform 50
Transform: AffineTransform_float_3_3
Parameters: 0.999983 0.0050797 -0.00290051 -0.00511129 0.999927 -0.0108874 0.00284448 0.0109026 0.999936 -0.281884 0.0198548 -0.612695
FixedParameters: 0 0 0

#Transform 51
Transform: AffineTransform_float_3_3
Parameters: 0.999983 0.00507902 -0.00292622 -0.00511098 0.999926 -0.0110262 0.00286978 0.0110418 0.999935 -0.281543 0.0633538 -0.597147
FixedParameters: 0 0 0

#Transform 52
Transform: AffineTransform_float_3_3
Parameters: 0.999983 0.00480748 -0.00306581 -0.00484252 0.999924 -0.0113523 0.00301118 0.0113667 0.999931 -0.276763 0.0385745 -0.633803
FixedParameters: 0 0 0

#Transform 53
Transform: AffineTransform_float_3_3
Parameters: 0.999983 0.00508049 -0.00290698 -0.00511151 0.999931 -0.0105853 0.00285301 0.0106007 0.999939 -0.281495 0.0907089 -0.609597
FixedParameters: 0 0 0

#Transform 54
Transform: AffineTransform_float_3_3
Parameters: 0.999983 0.00507985 -0.00289633 -0.00511115 0.999928 -0.0108514 0.00284066 0.0108666 0.999937 -0.281532 0.109479 -0.594303
FixedParameters: 0 0 0

#Transform 55
Transform: AffineTransform_float_3_3
Parameters: 0.999982 0.00500817 -0.00309969 -0.00504182 0.999931 -0.0106766 0.0030453 0.0106924 0.999938 -0.278684 0.0484377 -0.603888
FixedParameters: 0 0 0

#Transform 56
Transform: AffineTransform_float_3_3
Parameters: 0.999983 0.00507706 -0.00310814 -0.00511095 0.999927 -0.0110123 0.00305186 0.0110277 0.999934 -0.282224 0.0206184 -0.606324
FixedParameters: 0 0 0

#Transform 57
Transform: AffineTransform_float_3_3
Parameters: 0.999982 0.00507689 -0.0031202 -0.00511111 0.999926 -0.0110243 0.0030638 0.0110408 0.999935 -0.280046 0.0433739 -0.583797
FixedParameters: 0 0 0

#Transform 58
Transform: AffineTransform_float_3_3
Parameters: 0.999982 0.005152 -0.00328418 -0.00518801 0.999926 -0.0110512 0.00322682 0.0110678 0.999933 -0.280333 0.087686 -0.584739
FixedParameters: 0 0 0

#Transform 59
Transform: AffineTransform_float_3_3
Parameters: 0.999983 0.0048203 -0.00331599 -0.0048567 0.999926 -0.0111491 0.00326202 0.0111649 0.999933 -0.259706 0.0443459 -0.612757
FixedParameters: 0 0 0

#Transform 60
Transform: AffineTransform_float_3_3
Parameters: 0.999984 0.0048428 -0.00291322 -0.0048742 0.999926 -0.011151 0.00285879 0.011165 0.999933 -0.26321 0.0484981 -0.677039
FixedParameters: 0 0 0

#Transform 61
Transform: AffineTransform_float_3_3
Parameters: 0.999984 0.00474428 -0.00302452 -0.00477371 0.999943 -0.00955871 0.00297847 0.00957328 0.999949 -0.236258 0.120698 -0.580066
FixedParameters: 0 0 0

#Transform 62
Transform: AffineTransform_float_3_3
Parameters: 0.999981 0.00514361 -0.00340222 -0.00518039 0.999926 -0.0110746 0.00334479 0.0110924 0.999933 -0.271145 0.123463 -0.666663
FixedParameters: 0 0 0

#Transform 63
Transform: AffineTransform_float_3_3
Parameters: 0.999982 0.00491936 -0.00336176 -0.00495665 0.999924 -0.0112825 0.00330625 0.0112985 0.99993 -0.267496 0.115655 -0.655476
FixedParameters: 0 0 0

#Transform 64
Transform: AffineTransform_float_3_3
Parameters: 0.999983 0.00508815 -0.00290144 -0.00511084 0.999955 -0.00792331 0.00286056 0.00793769 0.999965 -0.282833 0.0963219 -0.507689
FixedParameters: 0 0 0

#Transform 65
Transform: AffineTransform_float_3_3
Parameters: 0.999987 0.0046223 -0.00246943 -0.00463971 0.999963 -0.00721264 0.00243658 0.00722336 0.999971 -0.253871 0.0538154 -0.372188
FixedParameters: 0 0 0

#Transform 66
Transform: AffineTransform_float_3_3
Parameters: 0.999985 0.00460204 -0.00295449 -0.00462397 0.999962 -0.00746945 0.00292051 0.00748255 0.999967 -0.249359 0.0920455 -0.463704
FixedParameters: 0 0 0

#Transform 67
Transform: AffineTransform_float_3_3
Parameters: 0.999987 0.00449149 -0.00232722 -0.00450552 0.99997 -0.00626759 0.00229979 0.00627741 0.999977 -0.241039 0.030464 -0.378511
FixedParameters: 0 0 0

#Transform 68
Transform: AffineTransform_float_3_3
Parameters: 0.999984 0.00509278 -0.00271348 -0.00511123 0.999964 -0.00675224 0.00267951 0.00676676 0.999973 -0.268519 0.0153236 -0.368623
FixedParameters: 0 0 0

#Transform 69
Transform: AffineTransform_float_3_3
Parameters: 0.999984 0.00480049 -0.0028202 -0.0048205 0.999961 -0.00731052 0.0027848 0.00732448 0.99997 -0.275174 0.0665451 -0.41782
FixedParameters: 0 0 0

#Transform 70
Transform: AffineTransform_float_3_3
Parameters: 0.999984 0.00481059 -0.0027974 -0.00483041 0.999962 -0.00733561 0.00276261 0.00734941 0.999969 -0.278375 0.121568 -0.418063
FixedParameters: 0 0 0

#Transform 71
Transform: AffineTransform_float_3_3
Parameters: 0.999982 0.00508952 -0.00334888 -0.00511149 0.999966 -0.006439 0.00331611 0.006456 0.999973 -0.292954 0.0958667 -0.380841
FixedParameters: 0 0 0

#Transform 72
Transform: AffineTransform_float_3_3
Parameters: 0.999983 0.00509517 -0.00307042 -0.00511082 0.999973 -0.0051684 0.00304358 0.0051846 0.999982 -0.284377 0.020906 -0.327645
FixedParameters: 0 0 0

#Transform 73
Transform: AffineTransform_float_3_3
Parameters: 0.999982 0.00532694 -0.00272466 -0.00534106 0.999973 -0.00517854 0.00269734 0.00519346 0.999983 -0.302204 0.0794605 -0.291098
FixedParameters: 0 0 0

#Transform 74
Transform: AffineTransform_float_3_3
Parameters: 0.99998 0.00570177 -0.00249184 -0.00571222 0.999973 -0.00452085 0.00246616 0.00453515 0.999986 -0.325322 0.0231012 -0.266152
FixedParameters: 0 0 0

#Transform 75
Transform: AffineTransform_float_3_3
Parameters: 0.999981 0.00570224 -0.00261659 -0.00571277 0.999975 -0.00412613 0.00259341 0.00414087 0.999988 -0.338035 0.0515585 -0.252561
FixedParameters: 0 0 0

#Transform 76
Transform: AffineTransform_float_3_3
Parameters: 0.999983 0.00530372 -0.00211176 -0.00530827 0.999984 -0.00202282 0.00210023 0.00203417 0.999995 -0.320483 0.0411532 -0.104642
FixedParameters: 0 0 0

#Transform 77
Transform: AffineTransform_float_3_3
Parameters: 0.999982 0.00591377 -0.00155884 -0.00592024 0.999975 -0.00402485 0.00153516 0.00403415 0.99999 -0.367127 0.0689937 -0.193612
FixedParameters: 0 0 0

#Transform 78
Transform: AffineTransform_float_3_3
Parameters: 0.999978 0.00641226 -0.00165829 -0.00641874 0.999971 -0.00409245 0.00163171 0.00410355 0.999991 -0.404018 0.0253445 -0.215136
FixedParameters: 0 0 0

#Transform 79
Transform: AffineTransform_float_3_3
Parameters: 0.999979 0.00634337 -0.00172333 -0.00635163 0.99997 -0.00445715 0.00169467 0.00446884 0.999988 -0.375714 0.0357575 -0.256362
FixedParameters: 0 0 0

#Transform 80
Transform: AffineTransform_float_3_3
Parameters: 0.999979 0.00615758 -0.00211857 -0.00616741 0.999971 -0.00446803 0.00209042 0.00448097 0.999988 -0.378733 0.0759802 -0.218975
FixedParameters: 0 0 0

#Transform 81
Transform: AffineTransform_float_3_3
Parameters: 0.999975 0.00662632 -0.00214754 -0.00663868 0.99996 -0.00595389 0.00210746 0.00596811 0.99998 -0.398618 0.0529666 -0.314337
FixedParameters: 0 0 0

#Transform 82
Transform: AffineTransform_float_3_3
Parameters: 0.999975 0.00681583 -0.00220333 -0.00683017 0.999955 -0.00648911 0.00215967 0.00650388 0.999976 -0.407673 0.0762734 -0.322189
FixedParameters: 0 0 0

#Transform 83
Transform: AffineTransform_float_3_3
Parameters: 0.999975 0.00681787 -0.00219407 -0.00683014 0.999961 -0.00557116 0.00215593 0.00558584 0.999982 -0.417395 0.101821 -0.285771
FixedParameters: 0 0 0

#Transform 84
Transform: AffineTransform_float_3_3
Parameters: 0.999978 0.00632566 -0.00196184 -0.00634034 0.999952 -0.00739072 0.00191515 0.00740327 0.999971 -0.37712 0.143797 -0.312486
FixedParameters: 0 0 0

#Transform 85
Transform: AffineTransform_float_3_3
Parameters: 0.999975 0.00678369 -0.0020819 -0.00679431 0.999965 -0.00498598 0.0020481 0.00500002 0.999986 -0.386589 0.117361 -0.266542
FixedParameters: 0 0 0

#Transform 86
Transform: AffineTransform_float_3_3
Parameters: 0.999975 0.00678748 -0.00221081 -0.00680052 0.99996 -0.00570411 0.0021722 0.00571889 0.999982 -0.369087 0.0314352 -0.339003
FixedParameters: 0 0 0

#Transform 87
Transform: AffineTransform_float_3_3
Parameters: 0.999974 0.00678422 -0.0021973 -0.00679976 0.99995 -0.00725124 0.0021477 0.00726575 0.999972 -0.38577 0.111784 -0.390252
FixedParameters: 0 0 0

#Transform 88
Transform: AffineTransform_float_3_3
Parameters: 0.999973 0.00689899 -0.00256719 -0.00691601 0.999954 -0.00667743 0.00252081 0.00669557 0.999975 -0.386192 -0.00822571 -0.412372
FixedParameters: 0 0 0

#Transform 89
Transform: AffineTransform_float_3_3
Parameters: 0.999979 0.00588078 -0.00250246 -0.00589622 0.999962 -0.00652338 0.00246455 0.00653763 0.999975 -0.346211 0.0728694 -0.377056
FixedParameters: 0 0 0

#Transform 90
Transform: AffineTransform_float_3_3
Parameters: 0.999977 0.00650857 -0.00225225 -0.00652144 0.999964 -0.00555745 0.00221675 0.00557156 0.999982 -0.379056 0.0971878 -0.350927
FixedParameters: 0 0 0

#Transform 91
Transform: AffineTransform_float_3_3
Parameters: 0.999974 0.00672461 -0.00235076 -0.00673739 0.999963 -0.0053043 0.00231524 0.00531971 0.999983 -0.393905 0.0154773 -0.381608
FixedParameters: 0 0 0

#Transform 92
Transform: AffineTransform_float_3_3
Parameters: 0.999977 0.00638595 -0.00255746 -0.00640205 0.999959 -0.00631877 0.00251655 0.00633422 0.999977 -0.420884 0.135637 -0.415233
FixedParameters: 0 0 0

#Transform 93
Transform: AffineTransform_float_3_3
Parameters: 0.999976 0.00638838 -0.00240056 -0.00640162 0.999963 -0.00570877 0.00236444 0.00572424 0.999981 -0.422293 0.0908819 -0.469927
FixedParameters: 0 0 0

#Transform 94
Transform: AffineTransform_float_3_3
Parameters: 0.999979 0.00604384 -0.00229344 -0.00606216 0.999949 -0.00799626 0.00224555 0.00801074 0.999966 -0.383271 0.0728292 -0.529158
FixedParameters: 0 0 0

#Transform 95
Transform: AffineTransform_float_3_3
Parameters: 0.999979 0.0061891 -0.00189307 -0.00620291 0.999953 -0.00742941 0.00184693 0.00744059 0.99997 -0.389502 0.0893699 -0.523101
FixedParameters: 0 0 0

#Transform 96
Transform: AffineTransform_float_3_3
Parameters: 0.999979 0.00612207 -0.00217333 -0.00613093 0.999972 -0.00412776 0.00214868 0.00414024 0.999989 -0.429565 -0.0275309 -0.508137
FixedParameters: 0 0 0

#Transform 97
Transform: AffineTransform_float_3_3
Parameters: 0.999985 0.00531116 -0.00170437 -0.00532286 0.999961 -0.00702404 0.00166763 0.00703297 0.999974 -0.400493 0.107373 -0.570197
FixedParameters: 0 0 0

#Transform 98
Transform: AffineTransform_float_3_3
Parameters: 0.999984 0.00536641 -0.00169123 -0.00537759 0.999961 -0.00692601 0.00165377 0.00693498 0.999974 -0.404473 0.143722 -0.551556
FixedParameters: 0 0 0

#Transform 99
Transform: AffineTransform_float_3_3
Parameters: 0.999981 0.0059304 -0.0018042 -0.00594159 0.999965 -0.00592439 0.0017688 0.0059346 0.999981 -0.418762 -0.0471277 -0.528235
FixedParameters: 0 0 0

#Transform 100
Transform: AffineTransform_float_3_3
Parameters: 0.999983 0.0055969 -0.00196482 -0.0056091 0.999965 -0.00620909 0.00192918 0.00621991 0.999979 -0.407038 0.113821 -0.532056
FixedParameters: 0 0 0

#Transform 101
Transform: AffineTransform_float_3_3
Parameters: 0.99998 0.00605782 -0.00207495 -0.00606919 0.999967 -0.00542752 0.00204205 0.00544048 0.999983 -0.428431 0.0555807 -0.537675
FixedParameters: 0 0 0

#Transform 102
Transform: AffineTransform_float_3_3
Parameters: 0.999979 0.00616971 -0.00202975 -0.00618129 0.999963 -0.00610559 0.00199226 0.00611842 0.99998 -0.438767 0.122232 -0.563752
FixedParameters: 0 0 0

#Transform 103
Transform: AffineTransform_float_3_3
Parameters: 0.99998 0.00605563 -0.00212157 -0.00606938 0.999962 -0.00635525 0.00208343 0.00636775 0.999977 -0.448155 0.137917 -0.525449
FixedParameters: 0 0 0

#Transform 104
Transform: AffineTransform_float_3_3
Parameters: 0.999976 0.00648821 -0.00210823 -0.00649679 0.99997 -0.0041874 0.00208177 0.00420061 0.999989 -0.496337 0.0786851 -0.391274
FixedParameters: 0 0 0

#Transform 105
Transform: AffineTransform_float_3_3
Parameters: 0.99998 0.00605863 -0.00179538 -0.00606937 0.999964 -0.00582922 0.00175962 0.00583978 0.999982 -0.469948 0.133765 -0.451892
FixedParameters: 0 0 0

#Transform 106
Transform: AffineTransform_float_3_3
Parameters: 0.999977 0.00652348 -0.00215839 -0.00653852 0.999955 -0.00679004 0.00211361 0.00680394 0.999974 -0.477781 0.0850106 -0.512158
FixedParameters: 0 0 0

#Transform 107
Transform: AffineTransform_float_3_3
Parameters: 0.99998 0.00578224 -0.00255549 -0.00580275 0.999949 -0.00819033 0.00250752 0.00820466 0.999963 -0.437122 0.091075 -0.608657
FixedParameters: 0 0 0

#Transform 108
Transform: AffineTransform_float_3_3
Parameters: 0.999975 0.00624941 -0.00313954 -0.0062766 0.999941 -0.00885751 0.00308447 0.00887649 0.999956 -0.470364 0.120625 -0.611543
FixedParameters: 0 0 0

#Transform 109
Transform: AffineTransform_float_3_3
Parameters: 0.999975 0.00624489 -0.00309954 -0.00627711 0.999925 -0.0104588 0.00303446 0.0104772 0.99994 -0.497611 0.119376 -0.667085
FixedParameters: 0 0 0

#Transform 110
Transform: AffineTransform_float_3_3
Parameters: 0.999976 0.00624662 -0.00315981 -0.00627639 0.999934 -0.00970041 0.0030992 0.0097196 0.999948 -0.464792 0.093572 -0.625941
FixedParameters: 0 0 0

#Transform 111
Transform: AffineTransform_float_3_3
Parameters: 0.999976 0.00624393 -0.00302328 -0.00627708 0.999919 -0.0110563 0.00295472 0.0110747 0.999935 -0.469457 0.0528049 -0.730505
FixedParameters: 0 0 0

#Transform 112
Transform: AffineTransform_float_3_3
Parameters: 0.999978 0.0059959 -0.00285817 -0.0060271 0.999922 -0.010999 0.00279183 0.011016 0.999936 -0.493895 0.0913585 -0.769365
FixedParameters: 0 0 0

#Transform 113
Transform: AffineTransform_float_3_3
Parameters: 0.999977 0.00624133 -0.00289714 -0.0062767 0.999903 -0.0124741 0.00281987 0.0124919 0.999918 -0.516629 0.104525 -0.835732
FixedParameters: 0 0 0

#Transform 114
Transform: AffineTransform_float_3_3
Parameters: 0.999969 0.00729955 -0.00318124 -0.00734147 0.999882 -0.0135441 0.00308277 0.0135669 0.999903 -0.551366 0.085558 -0.892945
FixedParameters: 0 0 0

#Transform 115
Transform: AffineTransform_float_3_3
Parameters: 0.999963 0.0078545 -0.0035725 -0.0078995 0.999889 -0.0126173 0.0034735 0.0126448 0.999914 -0.568238 0.0582103 -0.840944
FixedParameters: 0 0 0

#Transform 116
Transform: AffineTransform_float_3_3
Parameters: 0.999959 0.00833128 -0.00369616 -0.00838172 0.999872 -0.0136456 0.00358183 0.0136764 0.9999 -0.591266 0.128851 -0.853427
FixedParameters: 0 0 0

#Transform 117
Transform: AffineTransform_float_3_3
Parameters: 0.999959 0.00808546 -0.00406232 -0.00813754 0.999881 -0.0130895 0.00395569 0.0131215 0.999906 -0.583197 0.102563 -0.838404
FixedParameters: 0 0 0

#Transform 118
Transform: AffineTransform_float_3_3
Parameters: 0.999965 0.00767493 -0.00311057 -0.00769907 0.999938 -0.00812733 0.00304843 0.00815168 0.999962 -0.560494 0.0730682 -0.632941
FixedParameters: 0 0 0

#Transform 119
Transform: AffineTransform_float_3_3
Parameters: 0.999966 0.00792507 -0.00251883 -0.00794993 0.999918 -0.0100463 0.00243918 0.0100657 0.999947 -0.563865 0.034769 -0.672127
FixedParameters: 0 0 0

#Transform 120
Transform: AffineTransform_float_3_3
Parameters: 0.999963 0.00805227 -0.00277674 -0.00808073 0.999916 -0.0101229 0.00269525 0.0101451 0.999945 -0.564674 0.0550478 -0.640798
FixedParameters: 0 0 0

#Transform 121
Transform: AffineTransform_float_3_3
Parameters: 0.99996 0.00843846 -0.00295849 -0.00847053 0.999902 -0.0111634 0.00286351 0.0111886 0.999934 -0.59805 0.0744094 -0.704409
FixedParameters: 0 0 0

#Transform 122
Transform: AffineTransform_float_3_3
Parameters: 0.99996 0.00843861 -0.00299389 -0.00847038 0.999904 -0.0109741 0.00290111 0.0109989 0.999936 -0.586674 0.0988409 -0.689681
FixedParameters: 0 0 0

#Transform 123
Transform: AffineTransform_float_3_3
Parameters: 0.999956 0.00874185 -0.00343714 -0.00877614 0.999911 -0.0100483 0.00334885 0.0100777 0.999943 -0.601193 0.0721201 -0.656112
FixedParameters: 0 0 0

#Transform 124
Transform: AffineTransform_float_3_3
Parameters: 0.999959 0.0084701 -0.00324696 -0.00850791 0.999898 -0.0115259 0.00314903 0.0115532 0.999929 -0.596773 0.0361483 -0.711448
FixedParameters: 0 0 0

#Transform 125
Transform: AffineTransform_float_3_3
Parameters: 0.999959 0.00846933 -0.00325767 -0.00850766 0.999895 -0.0117278 0.00315732 0.0117552 0.999926 -0.59341 0.115005 -0.731309
FixedParameters: 0 0 0

#Transform 126
Transform: AffineTransform_float_3_3
Parameters: 0.999955 0.00883745 -0.00326177 -0.00887454 0.999896 -0.0113646 0.00316122 0.0113934 0.99993 -0.604485 0.0947741 -0.701134
FixedParameters: 0 0 0

#Transform 127
Transform: AffineTransform_float_3_3
Parameters: 0.999955 0.00874804 -0.0036879 -0.00879596 0.999875 -0.0131952 0.00357211 0.0132269 0.999906 -0.599256 0.0700345 -0.825955
FixedParameters: 0 0 0

#Transform 128
Transform: AffineTransform_float_3_3
Parameters: 0.999954 0.00888084 -0.00376206 -0.00893417 0.999857 -0.0143591 0.00363394 0.0143919 0.99989 -0.601321 0.10047 -0.909637
FixedParameters: 0 0 0

#Transform 129
Transform: AffineTransform_float_3_3
Parameters: 0.999952 0.00898524 -0.0039537 -0.00904576 0.999841 -0.015366 0.00381529 0.015401 0.999874 -0.592992 0.120281 -0.960363
FixedParameters: 0 0 0

#Transform 130
Transform: AffineTransform_float_3_3
Parameters: 0.999949 0.00898329 -0.00461223 -0.00904571 0.999868 -0.013538 0.00448976 0.013579 0.999897 -0.572607 0.108515 -0.845072
FixedParameters: 0 0 0

#Transform 131
Transform: AffineTransform_float_3_3
Parameters: 0.999952 0.00898419 -0.00407871 -0.00904481 0.999845 -0.0151459 0.00394129 0.0151822 0.999877 -0.572836 0.0826386 -0.947736
FixedParameters: 0 0 0

#Transform 132
Transform: AffineTransform_float_3_3
Parameters: 0.999953 0.00898568 -0.00378696 -0.00904533 0.999832 -0.0159505 0.00364304 0.0159835 0.999865 -0.571813 0.0763925 -1.00547
FixedParameters: 0 0 0

#Transform 133
Transform: AffineTransform_float_3_3
Parameters: 0.999955 0.00863216 -0.00376418 -0.00868383 0.999864 -0.0139789 0.00364282 0.0140111 0.999895 -0.567398 0.09371 -0.902729
FixedParameters: 0 0 0

#Transform 134
Transform: AffineTransform_float_3_3
Parameters: 0.999952 0.00899079 -0.00370441 -0.00904522 0.999849 -0.0148872 0.00357059 0.0149198 0.999883 -0.591708 0.13684 -0.970925
FixedParameters: 0 0 0

#Transform 135
Transform: AffineTransform_float_3_3
Parameters: 0.999953 0.00898807 -0.00378129 -0.00904493 0.999841 -0.0153195 0.00364271 0.0153525 0.999875 -0.609102 0.0727177 -1.01843
FixedParameters: 0 0 0

#Transform 136
Transform: AffineTransform_float_3_3
Parameters: 0.999949 0.00944752 -0.00339498 -0.00949648 0.999845 -0.0148665 0.00325403 0.0148975 0.999883 -0.622435 0.0923947 -1.01017
FixedParameters: 0 0 0

#Transform 137
Transform: AffineTransform_float_3_3
Parameters: 0.999955 0.00881132 -0.0037097 -0.00886368 0.999856 -0.0144318 0.00358231 0.0144642 0.999889 -0.605584 0.0792708 -0.998823
FixedParameters: 0 0 0

#Transform 138
Transform: AffineTransform_float_3_3
Parameters: 0.999959 0.00849521 -0.00297332 -0.00852978 0.999893 -0.0118891 0.00287168 0.0119139 0.999925 -0.604428 0.0761298 -0.856607
FixedParameters: 0 0 0

#Transform 139
Transform: AffineTransform_float_3_3
Parameters: 0.999961 0.00848905 -0.00270821 -0.00851694 0.999909 -0.0104794 0.00261879 0.0105027 0.999942 -0.594222 0.0611592 -0.660548
FixedParameters: 0 0 0

#Transform 140
Transform: AffineTransform_float_3_3
Parameters: 0.999967 0.00773451 -0.00241294 -0.00775849 0.999917 -0.0103096 0.00233306 0.0103284 0.999944 -0.541485 0.0446272 -0.693311
FixedParameters: 0 0 0

#Transform 141
Transform: AffineTransform_float_3_3
Parameters: 0.99996 0.00845386 -0.00270533 -0.00848115 0.999912 -0.0101835 0.00261967 0.0102066 0.999945 -0.578845 0.120536 -0.669534
FixedParameters: 0 0 0

#Transform 142
Transform: AffineTransform_float_3_3
Parameters: 0.999959 0.00845133 -0.00308646 -0.00848165 0.999916 -0.00972721 0.00300353 0.00975278 0.999948 -0.576363 0.0539302 -0.679079
FixedParameters: 0 0 0

#Transform 143
Transform: AffineTransform_float_3_3
Parameters: 0.999961 0.0084535 -0.0027946 -0.00848151 0.999914 -0.0099797 0.00271039 0.0100033 0.999947 -0.577945 0.121124 -0.694559
FixedParameters: 0 0 0

#Transform 144
Transform: AffineTransform_float_3_3
Parameters: 0.999959 0.00851675 -0.00286842 -0.00854624 0.999906 -0.0107029 0.00277658 0.0107271 0.999938 -0.585687 0.139634 -0.736612
FixedParameters: 0 0 0

#Transform 145
Transform: AffineTransform_float_3_3
Parameters: 0.99996 0.00851571 -0.0029306 -0.00854929 0.999897 -0.0115434 0.0028314 0.0115676 0.999929 -0.615939 0.0510616 -0.835206
FixedParameters: 0 0 0

#Transform 146
Transform: AffineTransform_float_3_3
Parameters: 0.999955 0.00902689 -0.00288794 -0.00906511 0.999868 -0.0134664 0.00276605 0.0134926 0.999905 -0.660911 0.0935354 -0.97103
FixedParameters: 0 0 0

#Transform 147
Transform: AffineTransform_float_3_3
Parameters: 0.999956 0.00894896 -0.00274944 -0.00898805 0.999854 -0.0145309 0.00261956 0.0145551 0.99989 -0.642631 0.101781 -0.953392
FixedParameters: 0 0 0

#Transform 148
Transform: AffineTransform_float_3_3
Parameters: 0.999962 0.0083346 -0.00273265 -0.00837141 0.999872 -0.0135936 0.00261936 0.0136153 0.999904 -0.609696 0.0799403 -0.911459
FixedParameters: 0 0 0

#Transform 149
Transform: AffineTransform_float_3_3
Parameters: 0.999961 0.00833261 -0.00300851 -0.00837137 0.99988 -0.0129793 0.00289949 0.0130037 0.999911 -0.621871 0.0990784 -0.888957
FixedParameters: 0 0 0

#Transform 150
Transform: AffineTransform_float_3_3
Parameters: 0.999957 0.00877792 -0.00273428 -0.00881309 0.999876 -0.0130945 0.00261971 0.0131186 0.999911 -0.63007 0.106248 -0.858915
FixedParameters: 0 0 0

#Transform 151
Transform: AffineTransform_float_3_3
Parameters: 0.999956 0.00899427 -0.00285952 -0.00903274 0.999869 -0.0134688 0.00273747 0.0134942 0.999905 -0.64129 0.109547 -0.890651
FixedParameters: 0 0 0

#Transform 152
Transform: AffineTransform_float_3_3
Parameters: 0.999952 0.00954273 -0.00227588 -0.00957326 0.99986 -0.0136819 0.00214512 0.0137021 0.999904 -0.682457 0.0681129 -0.993101
FixedParameters: 0 0 0

#Transform 153
Transform: AffineTransform_float_3_3
Parameters: 0.999931 0.0115192 -0.00253788 -0.0115568 0.999814 -0.0154007 0.00236013 0.0154293 0.999878 -0.817565 0.109976 -1.17024
FixedParameters: 0 0 0

#Transform 154
Transform: AffineTransform_float_3_3
Parameters: 0.999931 0.0113933 -0.00289184 -0.0114357 0.999819 -0.015212 0.00271717 0.015244 0.99988 -0.811557 0.146633 -1.18284
FixedParameters: 0 0 0

#Transform 155
Transform: AffineTransform_float_3_3
Parameters: 0.999929 0.0115365 -0.00305145 -0.0115805 0.99982 -0.0149877 0.00287755 0.0150223 0.999883 -0.797191 0.107334 -1.09621
FixedParameters: 0 0 0

#Transform 156
Transform: AffineTransform_float_3_3
Parameters: 0.999931 0.0113948 -0.00287825 -0.0114362 0.999826 -0.0147211 0.00270974 0.0147539 0.999888 -0.812094 0.118473 -1.09967
FixedParameters: 0 0 0

#Transform 157
Transform: AffineTransform_float_3_3
Parameters: 0.999927 0.0117208 -0.00291656 -0.0117652 0.999809 -0.0156138 0.00273344 0.0156462 0.999874 -0.819017 0.124356 -1.17801
FixedParameters: 0 0 0

#Transform 158
Transform: AffineTransform_float_3_3
Parameters: 0.999929 0.0116012 -0.00294502 -0.0116488 0.999791 -0.0167569 0.00274999 0.0167901 0.999856 -0.815958 0.137257 -1.227
FixedParameters: 0 0 0

#Transform 159
Transform: AffineTransform_float_3_3
Parameters: 0.999926 0.0118306 -0.00289419 -0.0118784 0.999785 -0.0169539 0.0026928 0.0169871 0.999852 -0.821207 0.160974 -1.26071
FixedParameters: 0 0 0

#Transform 160
Transform: AffineTransform_float_3_3
Parameters: 0.999929 0.0115319 -0.00297141 -0.0115811 0.999788 -0.0170638 0.00277359 0.0170972 0.99985 -0.806379 0.133702 -1.26323
FixedParameters: 0 0 0

#Transform 161
Transform: AffineTransform_float_3_3
Parameters: 0.99993 0.0114502 -0.00295657 -0.0114968 0.9998 -0.0163301 0.00276943 0.0163629 0.999863 -0.812901 0.10804 -1.1758
FixedParameters: 0 0 0

#Transform 162
Transform: AffineTransform_float_3_3
Parameters: 0.999933 0.0113027 -0.00225974 -0.0113313 0.999846 -0.0133943 0.00210826 0.0134197 0.999907 -0.815037 0.105236 -1.02689
FixedParameters: 0 0 0

#Transform 163
Transform: AffineTransform_float_3_3
Parameters: 0.999946 0.0103783 -0.00112637 -0.0103937 0.999834 -0.0149531 0.000970631 0.0149639 0.999887 -0.774434 0.129267 -1.04697
FixedParameters: 0 0 0

#Transform 164
Transform: AffineTransform_float_3_3
Parameters: 0.999934 0.0113936 -0.00157825 -0.0114154 0.999832 -0.0143049 0.00141475 0.0143221 0.999897 -0.833503 0.155212 -1.01545
FixedParameters: 0 0 0

#Transform 165
Transform: AffineTransform_float_3_3
Parameters: 0.999946 0.0103007 -0.000927416 -0.0103123 0.999843 -0.0143942 0.000779586 0.0144038 0.999896 -0.760485 0.158526 -0.966214
FixedParameters: 0 0 0

#Transform 166
Transform: AffineTransform_float_3_3
Parameters: 0.999947 0.0103198 -0.000860292 -0.0103312 0.999845 -0.0142599 0.000713704 0.0142681 0.999898 -0.761688 0.116362 -1.00289
FixedParameters: 0 0 0

#Transform 167
Transform: AffineTransform_float_3_3
Parameters: 0.999943 0.0105455 -0.00117671 -0.0105615 0.999845 -0.0140844 0.00102829 0.0140956 0.9999 -0.786731 0.137982 -1.0103
FixedParameters: 0 0 0

#Transform 168
Transform: AffineTransform_float_3_3
Parameters: 0.999939 0.0109204 -0.00163005 -0.0109436 0.999824 -0.0152711 0.00146295 0.0152879 0.999882 -0.816413 0.119432 -1.03851
FixedParameters: 0 0 0

#Transform 169
Transform: AffineTransform_float_3_3
Parameters: 0.999941 0.0107935 -0.00136107 -0.0108135 0.999812 -0.0161032 0.00118694 0.0161168 0.99987 -0.820448 0.171295 -1.11714
FixedParameters: 0 0 0

#Transform 170
Transform: AffineTransform_float_3_3
Parameters: 0.999943 0.0104325 -0.00217498 -0.0104545 0.999889 -0.0106149 0.00206402 0.0106371 0.999942 -0.812473 0.102834 -0.834915
FixedParameters: 0 0 0

#Transform 171
Transform: AffineTransform_float_3_3
Parameters: 0.999946 0.0102864 -0.00162349 -0.0103066 0.999859 -0.013247 0.00148751 0.013263 0.999911 -0.809181 0.124445 -0.851868
FixedParameters: 0 0 0

#Transform 172
Transform: AffineTransform_float_3_3
Parameters: 0.999941 0.0106812 -0.00205978 -0.0107118 0.999821 -0.0155799 0.00189322 0.0156012 0.999877 -0.821278 0.125723 -0.982911
FixedParameters: 0 0 0

#Transform 173
Transform: AffineTransform_float_3_3
Parameters: 0.999931 0.0114783 -0.00247488 -0.0115147 0.999815 -0.0153706 0.00229813 0.0153974 0.999879 -0.83581 0.1456 -1.00969
FixedParameters: 0 0 0

#Transform 174
Transform: AffineTransform_float_3_3
Parameters: 0.999936 0.0110584 -0.00245205 -0.0110976 0.999805 -0.0163288 0.00227094 0.0163552 0.999863 -0.839575 0.0977878 -1.07618
FixedParameters: 0 0 0

#Transform 175
Transform: AffineTransform_float_3_3
Parameters: 0.999941 0.0106792 -0.00233245 -0.0107188 0.999792 -0.01732 0.00214754 0.017344 0.999848 -0.848458 0.166806 -1.12507
FixedParameters: 0 0 0

#Transform 176
Transform: AffineTransform_float_3_3
Parameters: 0.999933 0.0112064 -0.00268825 -0.0112526 0.999775 -0.0179939 0.00248575 0.0180231 0.999835 -0.876532 0.135639 -1.17673
FixedParameters: 0 0 0

#Transform 177
Transform: AffineTransform_float_3_3
Parameters: 0.999938 0.0109823 -0.00180913 -0.0110137 0.999779 -0.0179132 0.00161186 0.0179318 0.999838 -0.841062 0.13545 -1.16356
FixedParameters: 0 0 0

#Transform 178
Transform: AffineTransform_float_3_3
Parameters: 0.999937 0.0108884 -0.0027432 -0.0109396 0.999756 -0.0191522 0.00253379 0.0191808 0.999813 -0.832344 0.11511 -1.22748
FixedParameters: 0 0 0

#Transform 179
Transform: AffineTransform_float_3_3
Parameters: 0.999934 0.0112065 -0.00252865 -0.0112525 0.999752 -0.0191878 0.00231335 0.0192152 0.999812 -0.858974 0.170352 -1.21606
FixedParameters: 0 0 0

#Transform 180
Transform: AffineTransform_float_3_3
Parameters: 0.999934 0.0111492 -0.00273075 -0.0111958 0.99978 -0.0177726 0.00253126 0.0178014 0.999839 -0.873866 0.116048 -1.12822
FixedParameters: 0 0 0

#Transform 181
Transform: AffineTransform_float_3_3
Parameters: 0.999941 0.0105617 -0.00251818 -0.0106103 0.999743 -0.0200285 0.00230581 0.0200545 0.999796 -0.838918 0.0941999 -1.20923
FixedParameters: 0 0 0

#Transform 182
Transform: AffineTransform_float_3_3
Parameters: 0.999935 0.0110734 -0.00279321 -0.0111246 0.999754 -0.0191922 0.0025798 0.0192218 0.999812 -0.854666 0.163328 -1.17901
FixedParameters: 0 0 0

#Transform 183
Transform: AffineTransform_float_3_3
Parameters: 0.999941 0.0106586 -0.00181975 -0.0106924 0.999753 -0.0194497 0.00161223 0.0194683 0.999809 -0.833965 0.0562283 -1.19527
FixedParameters: 0 0 0

#Transform 184
Transform: AffineTransform_float_3_3
Parameters: 0.999944 0.0103816 -0.00200613 -0.0104194 0.999742 -0.0201902 0.00179588 0.0202108 0.999794 -0.803823 0.159236 -1.28631
FixedParameters: 0 0 0

#Transform 185
Transform: AffineTransform_float_3_3
Parameters: 0.999941 0.0106823 -0.00224906 -0.0107277 0.999723 -0.0209171 0.00202492 0.0209399 0.999778 -0.853191 0.177055 -1.32033
FixedParameters: 0 0 0

#Transform 186
Transform: AffineTransform_float_3_3
Parameters: 0.999933 0.0112573 -0.00275921 -0.0113117 0.99973 -0.0202952 0.00252977 0.0203248 0.99979 -0.88769 0.12557 -1.27485
FixedParameters: 0 0 0

#Transform 187
Transform: AffineTransform_float_3_3
Parameters: 0.999942 0.0106613 -0.00183321 -0.0106967 0.999729 -0.0207016 0.00161181 0.0207194 0.999784 -0.845225 0.0990284 -1.2789
FixedParameters: 0 0 0

#Transform 188
Transform: AffineTransform_float_3_3
Parameters: 0.999941 0.0106245 -0.0022768 -0.0106695 0.999723 -0.021005 0.00205321 0.0210281 0.999777 -0.834923 0.115058 -1.29294
FixedParameters: 0 0 0

#Transform 189
Transform: AffineTransform_float_3_3
Parameters: 0.999936 0.0110127 -0.00238789 -0.0110613 0.999712 -0.0212669 0.0021521 0.021292 0.999771 -0.854121 0.105501 -1.27312
FixedParameters: 0 0 0

#Transform 190
