# transform file /out/sourcedata/freesurfer/sub-v2s2x29069_ses-1/mri/transforms/cc_up.lta
# created by oesteban on Thu Mar 12 23:42:51 2026

type      = 0 # LINEAR_VOX_TO_VOX
nxforms   = 1
mean      = 130.0000 148.0000 120.0000
sigma     = 10000.0000
1 4 4
9.966185092926025e-01 -6.235066056251526e-02 5.351601913571358e-02 1.852972745895386e+00 
6.226096302270889e-02 9.980543255805969e-01 3.343263873830438e-03 -9.132168769836426e+00 
-5.362034961581230e-02 2.328306436538696e-10 9.985613822937012e-01 3.006846618652344e+01 
0.000000000000000e+00 0.000000000000000e+00 0.000000000000000e+00 1.000000000000000e+00 
src volume info
valid = 1  # volume info valid
filename = /out/sourcedata/freesurfer/sub-v2s2x29069_ses-1/mri/norm.mgz
volume = 256 256 256
voxelsize = 8.984374403953552e-01 8.984374403953552e-01 8.984374403953552e-01
xras   = -1.000000000000000e+00 0.000000000000000e+00 0.000000000000000e+00
yras   = 0.000000000000000e+00 0.000000000000000e+00 -1.000000119209290e+00
zras   = 0.000000000000000e+00 1.000000000000000e+00 0.000000000000000e+00
cras   = -1.488265991210938e+00 -7.730064392089844e+00 3.426571273803711e+01
dst volume info
valid = 1  # volume info valid
filename = /out/sourcedata/freesurfer/sub-v2s2x29069_ses-1/mri/norm.mgz
volume = 256 256 256
voxelsize = 8.984374403953552e-01 8.984374403953552e-01 8.984374403953552e-01
xras   = -1.000000000000000e+00 0.000000000000000e+00 0.000000000000000e+00
yras   = 0.000000000000000e+00 0.000000000000000e+00 -1.000000119209290e+00
zras   = 0.000000000000000e+00 1.000000000000000e+00 0.000000000000000e+00
cras   = -1.488265991210938e+00 -7.730064392089844e+00 3.426571273803711e+01
