# transform file transforms/talairach.lta
# created by oesteban on Thu Mar 12 22:10:40 2026

type      = 0 # LINEAR_VOX_TO_VOX
nxforms   = 1
mean      = 130.0000 147.0000 120.0000
sigma     = 10000.0000
1 4 4
9.611820578575134e-01 -4.922366887331009e-02 4.607607424259186e-02 3.935378551483154e+00 
3.945298120379448e-02 1.006737589836121e+00 1.063784360885620e-01 -4.522408676147461e+01 
-5.478269979357719e-02 -1.221440434455872e-01 8.896151185035706e-01 3.095923614501953e+01 
0.000000000000000e+00 0.000000000000000e+00 0.000000000000000e+00 1.000000000000000e+00 
src volume info
valid = 1  # volume info valid
filename = nu.mgz
volume = 256 256 256
voxelsize = 8.984374403953552e-01 8.984374403953552e-01 8.984374403953552e-01
xras   = -1.000000000000000e+00 0.000000000000000e+00 0.000000000000000e+00
yras   = 0.000000000000000e+00 0.000000000000000e+00 -1.000000119209290e+00
zras   = 0.000000000000000e+00 1.000000000000000e+00 0.000000000000000e+00
cras   = -1.488265991210938e+00 -7.730064392089844e+00 3.426571273803711e+01
dst volume info
valid = 1  # volume info valid
filename = /opt/freesurfer/average/RB_all_2020-01-02.gca
volume = 256 256 256
voxelsize = 1.000000000000000e+00 1.000000000000000e+00 1.000000000000000e+00
xras   = -1.000000000000000e+00 0.000000000000000e+00 0.000000000000000e+00
yras   = 0.000000000000000e+00 0.000000000000000e+00 -1.000000000000000e+00
zras   = 0.000000000000000e+00 1.000000000000000e+00 0.000000000000000e+00
cras   = 0.000000000000000e+00 0.000000000000000e+00 0.000000000000000e+00
