# transform file /out/sourcedata/freesurfer/sub-v2s2x29093_ses-1/mri/transforms/cc_up.lta
# created by oesteban on Fri Mar 13 00:48:32 2026

type      = 0 # LINEAR_VOX_TO_VOX
nxforms   = 1
mean      = 130.0000 138.0000 123.0000
sigma     = 10000.0000
1 4 4
9.998766779899597e-01 -1.257900521159172e-02 -9.407157078385353e-03 2.089169025421143e+00 
1.257844828069210e-02 9.999209642410278e-01 -1.183420317829587e-04 8.406705856323242e+00 
9.407901205122471e-03 0.000000000000000e+00 9.999558329582214e-01 6.796026706695557e+00 
0.000000000000000e+00 0.000000000000000e+00 0.000000000000000e+00 1.000000000000000e+00 
src volume info
valid = 1  # volume info valid
filename = /out/sourcedata/freesurfer/sub-v2s2x29093_ses-1/mri/norm.mgz
volume = 256 256 256
voxelsize = 8.984374403953552e-01 8.984374403953552e-01 8.984374403953552e-01
xras   = -1.000000000000000e+00 0.000000000000000e+00 0.000000000000000e+00
yras   = 0.000000000000000e+00 0.000000000000000e+00 -1.000000119209290e+00
zras   = 0.000000000000000e+00 1.000000119209290e+00 0.000000000000000e+00
cras   = 4.029602050781250e+00 -1.226663970947266e+01 2.676564788818359e+01
dst volume info
valid = 1  # volume info valid
filename = /out/sourcedata/freesurfer/sub-v2s2x29093_ses-1/mri/norm.mgz
volume = 256 256 256
voxelsize = 8.984374403953552e-01 8.984374403953552e-01 8.984374403953552e-01
xras   = -1.000000000000000e+00 0.000000000000000e+00 0.000000000000000e+00
yras   = 0.000000000000000e+00 0.000000000000000e+00 -1.000000119209290e+00
zras   = 0.000000000000000e+00 1.000000119209290e+00 0.000000000000000e+00
cras   = 4.029602050781250e+00 -1.226663970947266e+01 2.676564788818359e+01
